1,1868,192.399,1,1
1,1876,196.641,1,2
1,1883,200.591,1,3
1,1890,204.147,1,4
1,1896,207.227,1,5
1,1904,210.277,1,6
1,1911,213.27,1,7
1,1917,216.154,1,8
1,1922,219.023,1,9
1,1927,221.912,1,10
1,1932,225.152,1,11
1,1937,228.908,1,12
1,1942,231.933,1,13
1,1947,234.988,1,14
1,1952,238.033,1,15
1,1956,241.188,1,16
1,1960,244.318,1,17
1,1964,247.428,1,18
1,1969,250.506,1,19
1,1973,253.591,1,20
1,1977,257.076,1,21
1,1981,260.42,1,22
1,1984,263.447,1,23
1,1987,266.205,1,24
1,1990,268.678,1,25
1,1993,271.212,1,26
1,1998,273.733,1,27
1,2001,276.251,1,28
1,2004,278.779,1,29
1,2006,281.236,1,30
1,2010,283.673,1,31
1,2014,286.092,1,32
1,2017,288.918,1,33
1,2020,292.041,1,34
1,2023,294.936,1,35
1,2025,297.647,1,36
1,2027,300.187,1,37
1,2029,302.802,1,38
1,2031,305.548,1,39
1,2034,308.308,1,40
1,2036,311.041,1,41
1,2040,313.715,1,42
1,2042,316.765,1,43
1,2044,320.294,1,44
1,2046,324.157,1,45
1,2048,327.647,1,46
1,2050,331.009,1,47
1,2052,334.133,1,48
1,2055,336.732,1,49
1,2057,339.215,1,50
1,2058,341.738,1,51
1,2060,344.262,1,52
1,2062,346.794,1,53
1,2063,349.546,1,54
1,2064,352.854,1,55
1,2065,356.037,1,56
1,2066,359.045,1,57
1,2067,361.946,1,58
1,2068,364.882,1,59
1,2069,367.828,1,60
1,2070,370.453,1,61
1,2071,372.929,1,62
1,2072,375.458,1,63
1,2074,377.988,1,64
1,2076,381.013,1,65
1,2077,385.246,1,66
1,2079,388.486,1,67
1,2080,392.571,1,68
1,2081,396.082,1,69
1,2083,399.584,1,70
1,2085,403.204,1,71
1,2087,407.289,1,72
1,2088,410.944,1,73
1,2090,414.08,1,74
1,2092,417.551,1,75
1,2093,420.477,1,76
1,2094,429.699,1,80
1,2095,433.681,1,81
1,2096,437.29,1,82
1,2098,440.601,1,83
1,2100,443.834,1,84
1,2102,446.865,1,85
1,2103,449.684,1,86
1,2105,452.329,1,87
1,2106,454.893,1,88
1,2107,459.552,1,90
1,2108,471.249,1,95
1,2110,477.371,1,97
1,2111,481.152,1,98
1,2112,499.465,1,106
1,2113,504.216,1,108
1,2114,514.994,1,113
1,2115,526.133,1,118
1,2117,528.829,1,119
1,2118,531.48,1,120
1,2119,536.21,1,122
1,2120,539.137,1,123
1,2122,543.955,1,125
1,2123,548.697,1,127
1,2124,557.833,1,131
1,2125,562.855,1,133
1,2126,628.397,1,163
1,2127,631.262,1,164
1,2128,640.232,1,168
1,2129,967.346,1,323
1,2130,969.988,1,324
1,2131,1158.65,1,414
1,2132,2282.23,1,959
1,2133,2939.82,1,1278
1,2134,3538.37,1,1565
1,2135,3592.01,1,1590
1,2136,3603.77,1,1591
1,2137,3606.45,1,1592
1,2138,5684.68,1,2600
1,2139,9837.85,1,4617
1,2140,34766.1,1,16706
1,2141,54258.7,1,26154
2,1889,2.79844,1,1
2,1897,5.58978,1,2
2,1905,8.28834,1,3
2,1912,11.5017,1,4
2,1919,14.5271,1,5
2,1925,17.3342,1,6
2,1931,20.8259,1,7
2,1937,24.6708,1,8
2,1943,28.1356,1,9
2,1948,31.3043,1,10
2,1955,34.3167,1,11
2,1960,37.7037,1,12
2,1965,41.7875,1,13
2,1969,45.203,1,14
2,1974,48.2884,1,15
2,1979,52.114,1,16
2,1983,71.1275,1,17
2,1987,74.9278,1,18
2,1991,78.2533,1,19
2,1995,81.1974,1,20
2,2000,83.7416,1,21
2,2004,86.1338,1,22
2,2007,88.5719,1,23
2,2010,91.0225,1,24
2,2013,93.474,1,25
2,2016,95.9242,1,26
2,2019,98.8719,1,27
2,2022,101.697,1,28
2,2025,104.664,1,29
2,2029,107.57,1,30
2,2033,110.48,1,31
2,2036,113.496,1,32
2,2039,116.456,1,33
2,2042,119.185,1,34
2,2045,121.676,1,35
2,2047,124.152,1,36
2,2049,126.624,1,37
2,2051,129.203,1,38
2,2053,132.016,1,39
2,2055,134.513,1,40
2,2058,136.908,1,41
2,2062,139.696,1,42
2,2065,142.33,1,43
2,2067,144.79,1,44
2,2069,147.467,1,45
2,2071,150.083,1,46
2,2073,153.765,1,47
2,2076,156.865,1,48
2,2078,159.716,1,49
2,2080,163.561,1,50
2,2081,166.809,1,51
2,2082,170.859,1,52
2,2083,174.342,1,53
2,2086,177.858,1,54
2,2087,181.355,1,55
2,2089,184.214,1,56
2,2091,188.019,1,57
2,2093,191.597,1,58
2,2094,194.583,1,59
2,2096,197.052,1,60
2,2097,199.538,1,61
2,2099,201.926,1,62
2,2100,204.705,1,63
2,2101,207.366,1,64
2,2103,209.795,1,65
2,2104,216.104,1,68
2,2105,219.588,1,69
2,2106,229.377,1,73
2,2108,233.165,1,74
2,2109,236.317,1,75
2,2110,239.818,1,76
2,2112,246.881,1,79
2,2113,253.639,1,82
2,2114,256.503,1,83
2,2115,259.137,1,84
2,2116,265.424,1,87
2,2118,274.212,1,91
2,2119,278.76,1,93
2,2122,347.82,1,127
2,2123,350.49,1,128
2,2124,354.137,1,129
2,2125,398.333,1,149
2,2127,866.783,1,372
2,2128,884.21,1,380
2,2129,887.803,1,381
2,2130,898.616,1,386
2,2131,1054.7,1,460
2,2132,1269.84,1,559
2,2133,1272.49,1,560
2,2134,1275.07,1,561
2,2135,2376.02,1,1091
2,2136,3554.32,1,1658
2,2137,3560.07,1,1660
2,2138,6919.99,1,3276
2,2139,6927.96,1,3279
2,2140,17439.6,1,8380
2,2141,17443.4,1,8381
3,1896,2.78107,1,1
3,1904,5.86571,1,2
3,1910,8.93969,1,3
3,1916,12.0437,1,4
3,1922,15.3889,1,5
3,1928,19.3471,1,6
3,1934,23.104,1,7
3,1940,25.9838,1,8
3,1945,28.5225,1,9
3,1950,30.9028,1,10
3,1954,33.3302,1,11
3,1958,37.2119,1,12
3,1962,54.9677,1,13
3,1966,58.7597,1,14
3,1970,61.861,1,15
3,1974,64.4147,1,16
3,1977,66.9687,1,17
3,1980,69.5043,1,18
3,1983,71.9549,1,19
3,1986,74.3953,1,20
3,1991,76.8302,1,21
3,1994,79.2643,1,22
3,1998,82.0276,1,23
3,2001,85.4482,1,24
3,2005,89.1648,1,25
3,2009,92.5692,1,26
3,2013,95.6341,1,27
3,2017,98.8301,1,28
3,2021,102.478,1,29
3,2024,106.544,1,30
3,2028,109.939,1,31
3,2031,113.691,1,32
3,2033,117.745,1,33
3,2036,120.871,1,34
3,2038,124.798,1,35
3,2041,128.375,1,36
3,2043,131.489,1,37
3,2045,134.037,1,38
3,2047,136.637,1,39
3,2049,140.266,1,40
3,2051,143.658,1,41
3,2053,147.158,1,42
3,2056,150.047,1,43
3,2058,152.403,1,44
3,2059,154.747,1,45
3,2060,157.067,1,46
3,2061,159.836,1,47
3,2062,162.198,1,48
3,2063,164.946,1,49
3,2064,167.533,1,50
3,2065,169.915,1,51
3,2066,172.293,1,52
3,2067,174.779,1,53
3,2068,177.899,1,54
3,2069,181.734,1,55
3,2072,185.283,1,56
3,2074,188.494,1,57
3,2075,191.412,1,58
3,2077,193.831,1,59
3,2078,196.274,1,60
3,2079,198.716,1,61
3,2080,201.149,1,62
3,2081,203.589,1,63
3,2082,206.168,1,64
3,2083,210.113,1,65
3,2085,212.891,1,66
3,2087,215.443,1,67
3,2089,217.865,1,68
3,2090,220.241,1,69
3,2091,222.862,1,70
3,2092,225.485,1,71
3,2094,227.978,1,72
3,2096,236.337,1,76
3,2097,241.604,1,78
3,2099,245.445,1,79
3,2100,248.814,1,80
3,2102,251.791,1,81
3,2103,254.411,1,82
3,2104,260.7,1,85
3,2105,270.489,1,89
3,2107,274.227,1,90
3,2108,277.467,1,91
3,2109,280.219,1,92
3,2111,282.606,1,93
3,2112,285.088,1,94
3,2113,287.613,1,95
3,2114,307.321,1,103
3,2115,320.654,1,108
3,2116,324.601,1,109
3,2117,332.38,1,112
3,2118,342.754,1,117
3,2119,360.625,1,124
3,2120,363.371,1,125
3,2121,366.019,1,126
3,2122,370.532,1,128
3,2123,375.044,1,130
3,2124,391.31,1,138
3,2125,398.038,1,141
3,2126,471.534,1,178
3,2127,474.321,1,179
3,2128,493.891,1,188
3,2129,506.224,1,193
3,2130,509.6,1,194
3,2131,513.714,1,195
3,2132,517.396,1,196
3,2133,524.695,1,198
3,2135,530.719,1,200
3,2136,534.546,1,201
3,2137,1139.39,1,487
3,2138,1143.21,1,488
3,2139,1149.03,1,490
3,2140,1152.6,1,491
3,2141,4306.69,1,2028
4,1895,2.85331,1,1
4,1902,5.66833,1,2
4,1909,8.31321,1,3
4,1915,11.3769,1,4
4,1921,14.4853,1,5
4,1927,17.6311,1,6
4,1932,20.4224,1,7
4,1937,23.0965,1,8
4,1943,25.724,1,9
4,1948,28.3286,1,10
4,1953,30.9794,1,11
4,1957,33.7735,1,12
4,1961,36.1073,1,13
4,1966,38.8647,1,14
4,1971,41.1863,1,15
4,1976,43.9251,1,16
4,1980,46.6059,1,17
4,1984,50.921,1,18
4,1988,54.3345,1,19
4,1992,57.4768,1,20
4,1996,60.3396,1,21
4,1999,64.2678,1,22
4,2002,85.2658,1,23
4,2005,88.5983,1,24
4,2008,91.7134,1,25
4,2012,94.6902,1,26
4,2014,97.3031,1,27
4,2018,99.7676,1,28
4,2020,102.086,1,29
4,2022,104.446,1,30
4,2024,106.801,1,31
4,2028,109.408,1,32
4,2030,112.467,1,33
4,2034,115.139,1,34
4,2037,118.981,1,35
4,2040,122.506,1,36
4,2043,125.85,1,37
4,2045,128.871,1,38
4,2047,131.3,1,39
4,2049,133.635,1,40
4,2051,135.97,1,41
4,2053,138.286,1,42
4,2055,141.347,1,43
4,2058,144.513,1,44
4,2059,147.42,1,45
4,2062,150.318,1,46
4,2065,153.21,1,47
4,2067,156.155,1,48
4,2068,158.923,1,49
4,2069,161.468,1,50
4,2070,163.834,1,51
4,2071,166.209,1,52
4,2074,168.598,1,53
4,2075,171.382,1,54
4,2076,174.492,1,55
4,2077,178.177,1,56
4,2078,181.202,1,57
4,2079,183.746,1,58
4,2080,186.221,1,59
4,2081,188.769,1,60
4,2083,191.206,1,61
4,2085,193.805,1,62
4,2086,197.219,1,63
4,2087,200.352,1,64
4,2089,203.146,1,65
4,2091,206.09,1,66
4,2093,208.898,1,67
4,2095,211.725,1,68
4,2097,214.415,1,69
4,2100,217.151,1,70
4,2101,220.064,1,71
4,2102,222.598,1,72
4,2103,224.971,1,73
4,2105,231.264,1,76
4,2106,235.033,1,77
4,2107,240.491,1,79
4,2108,243.777,1,80
4,2109,246.39,1,81
4,2111,256.783,1,85
4,2112,260.903,1,86
4,2113,273.089,1,90
4,2114,276.806,1,91
4,2115,297.992,1,100
4,2116,317.13,1,108
4,2117,320.961,1,109
4,2118,324.151,1,110
4,2119,331.129,1,113
4,2120,334.002,1,114
4,2121,336.636,1,115
4,2122,358.996,1,126
4,2123,361.885,1,127
4,2124,604.706,1,243
4,2125,607.372,1,244
4,2126,627.933,1,254
4,2127,643.606,1,261
4,2128,694.476,1,284
4,2129,698.257,1,285
4,2130,707.901,1,289
4,2131,723.494,1,296
4,2132,727.056,1,297
4,2133,895.519,1,376
4,2134,899.504,1,377
4,2135,908.609,1,381
4,2136,1020.28,1,435
4,2138,1030.18,1,439
4,2139,4058.59,1,1896
4,2140,5526.06,1,2604
4,2141,71719.6,1,34650
5,1889,3.27452,1,1
5,1897,7.29474,1,2
5,1905,10.6344,1,3
5,1912,13.5066,1,4
5,1919,17.1736,1,5
5,1926,20.5069,1,6
5,1933,24.3637,1,7
5,1942,27.9647,1,8
5,1948,31.238,1,9
5,1954,34.2441,1,10
5,1960,36.7536,1,11
5,1966,39.237,1,12
5,1973,41.6186,1,13
5,1978,44.4,1,14
5,1983,47.0244,1,15
5,1988,49.4817,1,16
5,1992,52.5084,1,17
5,1998,55.4035,1,18
5,2002,58.0922,1,19
5,2006,60.5993,1,20
5,2010,63.0764,1,21
5,2015,65.5642,1,22
5,2019,67.9387,1,23
5,2023,70.696,1,24
5,2027,73.0243,1,25
5,2031,75.7758,1,26
5,2035,78.1068,1,27
5,2038,80.9183,1,28
5,2041,84.016,1,29
5,2045,86.8689,1,30
5,2048,89.2074,1,31
5,2051,91.9719,1,32
5,2054,94.3922,1,33
5,2056,97.2175,1,34
5,2058,100.6,1,35
5,2060,103.684,1,36
5,2062,106.367,1,37
5,2064,109.039,1,38
5,2066,111.747,1,39
5,2069,114.658,1,40
5,2071,117.298,1,41
5,2073,120.908,1,42
5,2075,123.956,1,43
5,2076,126.528,1,44
5,2078,129.016,1,45
5,2079,131.395,1,46
5,2080,134.189,1,47
5,2082,136.806,1,48
5,2083,139.209,1,49
5,2086,141.607,1,50
5,2088,144.183,1,51
5,2090,146.982,1,52
5,2091,149.434,1,53
5,2092,151.876,1,54
5,2093,154.314,1,55
5,2094,156.759,1,56
5,2096,159.56,1,57
5,2097,163.251,1,58
5,2098,166.415,1,59
5,2100,170.522,1,60
5,2101,174.346,1,61
5,2102,178.498,1,62
5,2103,182.197,1,63
5,2104,186.345,1,64
5,2105,190.263,1,65
5,2106,193.728,1,66
5,2107,196.932,1,67
5,2108,199.991,1,68
5,2109,203.399,1,69
5,2111,206.905,1,70
5,2113,210.661,1,71
5,2114,214.461,1,72
5,2116,222.319,1,75
5,2117,228.051,1,77
5,2118,243.707,1,84
5,2119,247.523,1,85
5,2120,254.133,1,88
5,2121,258.684,1,90
5,2122,360.758,1,142
5,2123,364.184,1,143
5,2124,367.757,1,144
5,2125,394.245,1,155
5,2126,397.528,1,156
5,2127,427.159,1,169
5,2128,485.368,1,198
5,2129,489.142,1,199
5,2130,492.679,1,200
5,2131,509.146,1,208
5,2132,518.853,1,212
5,2133,522.61,1,213
5,2135,537.56,1,220
5,2136,1445.55,1,657
5,2137,1678.54,1,769
5,2138,1682.35,1,770
5,2139,4580.77,1,2170
5,2140,37953.2,1,18280
5,2141,59878.8,1,28887
6,1865,3.11543,1,1
6,1875,6.06664,1,2
6,1884,8.89548,1,3
6,1892,12.0421,1,4
6,1898,14.968,1,5
6,1904,18.9322,1,6
6,1910,22.6137,1,7
6,1916,26.2569,1,8
6,1921,29.372,1,9
6,1928,32.0247,1,10
6,1933,34.518,1,11
6,1938,37.0623,1,12
6,1943,39.509,1,13
6,1948,41.9016,1,14
6,1952,44.6957,1,15
6,1958,47.3228,1,16
6,1962,49.7419,1,17
6,1966,52.5305,1,18
6,1970,55.895,1,19
6,1976,59.1,1,20
6,1981,62.1555,1,21
6,1987,65.0968,1,22
6,1991,68.0251,1,23
6,1995,70.9672,1,24
6,1999,73.8738,1,25
6,2003,76.7726,1,26
6,2006,79.659,1,27
6,2009,82.5913,1,28
6,2012,86.4244,1,29
6,2015,89.8363,1,30
6,2018,93.7475,1,31
6,2021,96.9585,1,32
6,2024,99.9377,1,33
6,2027,103.847,1,34
6,2031,107.173,1,35
6,2034,110.33,1,36
6,2036,113.35,1,37
6,2040,116.777,1,38
6,2043,119.965,1,39
6,2045,122.86,1,40
6,2049,126.848,1,41
6,2052,130.554,1,42
6,2055,133.669,1,43
6,2059,136.323,1,44
6,2061,138.796,1,45
6,2063,141.247,1,46
6,2065,143.692,1,47
6,2067,146.284,1,48
6,2069,149.217,1,49
6,2071,152.15,1,50
6,2075,155.067,1,51
6,2077,157.996,1,52
6,2079,161.089,1,53
6,2081,163.988,1,54
6,2083,166.629,1,55
6,2085,169.061,1,56
6,2087,171.481,1,57
6,2089,173.9,1,58
6,2091,176.332,1,59
6,2092,178.979,1,60
6,2093,182.687,1,61
6,2094,186.034,1,62
6,2095,189.055,1,63
6,2096,191.729,1,64
6,2097,194.524,1,65
6,2098,201.947,1,68
6,2100,205.525,1,69
6,2102,212.796,1,72
6,2103,230.157,1,80
6,2104,233.959,1,81
6,2106,237.359,1,82
6,2107,240.414,1,83
6,2108,244.977,1,85
6,2110,254.426,1,89
6,2112,260.217,1,91
6,2113,263.509,1,92
6,2114,268.839,1,94
6,2115,278.531,1,98
6,2116,294.515,1,104
6,2117,297.611,1,105
6,2119,318.756,1,113
6,2120,376.134,1,141
6,2122,386.29,1,145
6,2123,392.093,1,147
6,2124,395.91,1,148
6,2125,399.264,1,149
6,2126,402.029,1,150
6,2127,408.372,1,153
6,2128,431.523,1,154
6,2129,435.381,1,155
6,2130,481.101,1,176
6,2131,484.936,1,177
6,2132,488.337,1,178
6,2133,494.028,1,180
6,2135,500.146,1,182
6,2136,520.387,1,190
6,2137,2120.37,1,959
6,2138,5607.75,1,2643
6,2139,5611.85,1,2644
6,2140,17830.7,1,8555
6,2141,21894.3,1,10531
7,1868,2.8016,1,1
7,1876,5.85426,1,2
7,1884,10.0423,1,3
7,1892,14.2227,1,4
7,1900,17.32,1,5
7,1908,21.0927,1,6
7,1915,24.1852,1,7
7,1922,27.7021,1,8
7,1928,30.8322,1,9
7,1934,33.3334,1,10
7,1941,35.7094,1,11
7,1946,38.4127,1,12
7,1951,41.1002,1,13
7,1956,43.6697,1,14
7,1961,47.5214,1,15
7,1966,51.056,1,16
7,1971,54.5812,1,17
7,1977,57.7748,1,18
7,1981,61.1461,1,19
7,1985,64.0921,1,20
7,1990,66.7035,1,21
7,1994,69.1829,1,22
7,1998,71.6182,1,23
7,2001,74.4387,1,24
7,2004,77.0884,1,25
7,2007,79.5181,1,26
7,2010,81.9427,1,27
7,2014,84.4932,1,28
7,2017,87.1985,1,29
7,2020,90.9775,1,30
7,2023,94.3914,1,31
7,2026,97.4271,1,32
7,2029,100.178,1,33
7,2032,102.696,1,34
7,2035,105.095,1,35
7,2038,107.963,1,36
7,2040,110.55,1,37
7,2042,114.118,1,38
7,2044,117.513,1,39
7,2046,120.407,1,40
7,2050,123.215,1,41
7,2052,126.002,1,42
7,2054,128.693,1,43
7,2056,131.462,1,44
7,2059,134.207,1,45
7,2061,136.719,1,46
7,2063,139.083,1,47
7,2066,141.434,1,48
7,2068,143.785,1,49
7,2070,146.113,1,50
7,2072,148.935,1,51
7,2074,151.939,1,52
7,2077,154.83,1,53
7,2079,157.713,1,54
7,2081,160.602,1,55
7,2084,163.494,1,56
7,2087,166.397,1,57
7,2088,169.326,1,58
7,2089,172.226,1,59
7,2090,175.106,1,60
7,2091,178.055,1,61
7,2092,181.209,1,62
7,2093,184.916,1,63
7,2094,188.407,1,64
7,2097,191.64,1,65
7,2099,194.994,1,66
7,2100,198.611,1,67
7,2101,201.654,1,68
7,2102,205.559,1,69
7,2103,208.778,1,70
7,2104,212.376,1,71
7,2106,223.88,1,75
7,2107,227.443,1,76
7,2109,235.039,1,79
7,2111,241.607,1,80
7,2112,250.114,1,83
7,2114,264.502,1,89
7,2115,271.155,1,92
7,2116,276.001,1,94
7,2117,278.624,1,95
7,2118,281.191,1,96
7,2120,285.861,1,98
7,2121,288.734,1,99
7,2122,293.447,1,101
7,2124,305.999,1,107
7,2125,308.621,1,108
7,2126,311.188,1,109
7,2127,321.666,1,114
7,2128,324.48,1,115
7,2129,330.703,1,118
7,2130,339.451,1,122
7,2131,1355.66,1,615
7,2132,1359.41,1,616
7,2133,1556.95,1,711
7,2134,1592.25,1,728
7,2135,1596.07,1,729
7,2137,1602.54,1,731
7,2138,1620.46,1,732
7,2139,1625.85,1,734
7,2140,9460.09,1,4519
7,2141,20621.4,1,9938
8,1864,3.36018,1,1
8,1872,7.7866,1,2
8,1879,11.4539,1,3
8,1887,14.7209,1,4
8,1894,18.2935,1,5
8,1901,22.1759,1,6
8,1908,25.3853,1,7
8,1914,27.9686,1,8
8,1920,30.5543,1,9
8,1926,33.0452,1,10
8,1933,35.4986,1,11
8,1939,37.9441,1,12
8,1944,40.2768,1,13
8,1949,42.6007,1,14
8,1954,44.9235,1,15
8,1959,47.5984,1,16
8,1964,50.5156,1,17
8,1969,53.0338,1,18
8,1974,55.4375,1,19
8,1978,58.2339,1,20
8,1982,60.8658,1,21
8,1986,63.4945,1,22
8,1990,66.1149,1,23
8,1995,68.7096,1,24
8,1999,71.2953,1,25
8,2002,73.8786,1,26
8,2007,76.452,1,27
8,2010,79.4861,1,28
8,2013,82.3232,1,29
8,2017,84.9125,1,30
8,2020,87.4859,1,31
8,2023,91.1271,1,32
8,2026,94.3342,1,33
8,2029,97.0035,1,34
8,2031,99.4956,1,35
8,2033,101.857,1,36
8,2035,104.254,1,37
8,2037,106.646,1,38
8,2041,109.36,1,39
8,2045,112.229,1,40
8,2049,114.965,1,41
8,2052,117.507,1,42
8,2056,119.988,1,43
8,2059,122.46,1,44
8,2061,124.878,1,45
8,2065,127.543,1,46
8,2068,130.145,1,47
8,2072,133.819,1,48
8,2074,136.896,1,49
8,2076,139.477,1,50
8,2078,142.15,1,51
8,2080,145.85,1,52
8,2082,149.269,1,53
8,2083,152.571,1,54
8,2084,155.676,1,55
8,2086,158.217,1,56
8,2087,160.656,1,57
8,2088,163.115,1,58
8,2089,165.585,1,59
8,2090,168.045,1,60
8,2091,170.409,1,61
8,2093,173.113,1,62
8,2094,176.746,1,63
8,2095,180.103,1,64
8,2097,187.349,1,67
8,2098,193.436,1,69
8,2099,197.516,1,70
8,2100,200.971,1,71
8,2101,204.519,1,72
8,2103,210.759,1,74
8,2105,213.766,1,75
8,2107,220.295,1,77
8,2108,229.806,1,81
8,2109,233.613,1,82
8,2111,239.029,1,84
8,2112,242.5,1,85
8,2113,247.741,1,87
8,2114,251.05,1,88
8,2115,266.298,1,95
8,2116,269.931,1,96
8,2117,273.098,1,97
8,2118,282.532,1,101
8,2120,286.163,1,102
8,2121,364.172,1,141
8,2122,367.917,1,142
8,2123,371.175,1,143
8,2124,375.998,1,145
8,2125,455.309,1,182
8,2126,458.281,1,183
8,2127,467.375,1,187
8,2128,792.954,1,346
8,2129,797.189,1,347
8,2130,801.086,1,348
8,2131,805.188,1,349
8,2132,811.014,1,351
8,2133,825.603,1,356
8,2134,834.228,1,359
8,2135,909.949,1,397
8,2136,913.701,1,398
8,2137,918.892,1,400
8,2138,921.539,1,401
8,2139,5263.85,1,2494
8,2140,5267.72,1,2495
8,2141,17657.5,1,8494
9,1888,2.70765,1,1
9,1896,6.62325,1,2
9,1903,9.78566,1,3
9,1909,12.6291,1,4
9,1915,15.7074,1,5
9,1920,19.5038,1,6
9,1925,22.5632,1,7
9,1930,25.1556,1,8
9,1935,27.6445,1,9
9,1940,30.0158,1,10
9,1945,32.4574,1,11
9,1950,35.0178,1,12
9,1955,38.1636,1,13
9,1961,42.0149,1,14
9,1966,45.1682,1,15
9,1970,47.7815,1,16
9,1974,50.5152,1,17
9,1977,54.479,1,18
9,1982,70.9428,1,19
9,1987,74.7163,1,20
9,1991,78.0433,1,21
9,1996,81.045,1,22
9,1999,84.5446,1,23
9,2002,87.8009,1,24
9,2005,91.3411,1,25
9,2009,94.796,1,26
9,2012,99.3977,1,27
9,2015,103.206,1,28
9,2018,106.647,1,29
9,2023,110.583,1,30
9,2026,114.267,1,31
9,2030,117.09,1,32
9,2034,120.7,1,33
9,2037,123.706,1,34
9,2041,126.323,1,35
9,2044,128.973,1,36
9,2048,131.747,1,37
9,2051,134.801,1,38
9,2053,137.728,1,39
9,2055,140.652,1,40
9,2059,143.622,1,41
9,2061,146.643,1,42
9,2063,149.29,1,43
9,2066,151.721,1,44
9,2069,154.179,1,45
9,2071,156.639,1,46
9,2073,159.127,1,47
9,2076,162.033,1,48
9,2078,165.25,1,49
9,2080,167.99,1,50
9,2082,170.562,1,51
9,2083,173.048,1,52
9,2086,175.504,1,53
9,2087,177.917,1,54
9,2088,180.719,1,55
9,2089,183.352,1,56
9,2090,185.77,1,57
9,2091,188.181,1,58
9,2092,190.63,1,59
9,2093,193.323,1,60
9,2094,197.174,1,61
9,2096,200.748,1,62
9,2098,204.028,1,63
9,2099,206.966,1,64
9,2100,209.394,1,65
9,2102,211.845,1,66
9,2104,218.275,1,69
9,2105,222.062,1,70
9,2106,231.166,1,74
9,2108,234.734,1,75
9,2109,241.885,1,78
9,2110,245.51,1,79
9,2111,252.464,1,82
9,2113,259.704,1,85
9,2114,263.315,1,86
9,2115,266.456,1,87
9,2116,269.001,1,88
9,2117,271.378,1,89
9,2119,276.066,1,91
9,2120,279.31,1,92
9,2122,281.912,1,93
9,2123,287.185,1,95
9,2124,290.733,1,96
9,2125,299.16,1,99
9,2126,303.343,1,100
9,2127,311.551,1,103
9,2128,323.474,1,108
9,2129,327.311,1,109
9,2130,330.719,1,110
9,2131,333.991,1,111
9,2132,337.008,1,112
9,2134,339.448,1,113
9,2135,341.894,1,114
9,2136,1239.98,1,544
9,2137,1243.75,1,545
9,2138,2253.6,1,1034
9,2139,5393.18,1,2554
9,2140,5396.78,1,2555
9,2141,48104.5,1,23201
10,1889,2.92595,1,1
10,1898,5.79821,1,2
10,1907,8.7356,1,3
10,1915,11.6375,1,4
10,1921,14.9625,1,5
10,1927,19.3356,1,6
10,1933,22.6465,1,7
10,1939,25.4015,1,8
10,1944,27.9015,1,9
10,1949,30.4548,1,10
10,1954,32.9157,1,11
10,1959,35.8081,1,12
10,1963,38.6835,1,13
10,1967,41.5538,1,14
10,1971,44.428,1,15
10,1975,47.8695,1,16
10,1978,51.4157,1,17
10,1981,54.5643,1,18
10,1984,57.3809,1,19
10,1987,60.1738,1,20
10,1990,63.7811,1,21
10,1993,67.4444,1,22
10,1996,70.6483,1,23
10,2001,74.6401,1,24
10,2004,79.0223,1,25
10,2009,82.9008,1,26
10,2012,86.3762,1,27
10,2015,89.4356,1,28
10,2018,93.4949,1,29
10,2021,97.1515,1,30
10,2024,100.483,1,31
10,2027,103.54,1,32
10,2029,106.101,1,33
10,2031,109.459,1,34
10,2035,113.55,1,35
10,2037,117.708,1,36
10,2039,121.528,1,37
10,2041,125.135,1,38
10,2043,128.579,1,39
10,2045,131.923,1,40
10,2047,134.89,1,41
10,2049,137.537,1,42
10,2050,140.111,1,43
10,2051,142.557,1,44
10,2052,145.365,1,45
10,2054,147.994,1,46
10,2056,150.408,1,47
10,2057,152.812,1,48
10,2058,155.218,1,49
10,2060,157.581,1,50
10,2062,160.353,1,51
10,2064,162.955,1,52
10,2067,165.341,1,53
10,2069,167.727,1,54
10,2070,170.119,1,55
10,2071,173.02,1,56
10,2073,176.25,1,57
10,2076,178.86,1,58
10,2077,181.296,1,59
10,2078,183.741,1,60
10,2079,186.275,1,61
10,2081,188.758,1,62
10,2083,191.186,1,63
10,2085,193.611,1,64
10,2087,196.034,1,65
10,2089,198.454,1,66
10,2090,200.876,1,67
10,2091,203.558,1,68
10,2092,206.367,1,69
10,2093,209.255,1,70
10,2094,212.133,1,71
10,2095,215.007,1,72
10,2096,217.941,1,73
10,2097,230.697,1,79
10,2098,234.532,1,80
10,2100,239.716,1,82
10,2102,242.556,1,83
10,2103,245.09,1,84
10,2104,247.481,1,85
10,2105,249.996,1,86
10,2107,252.49,1,87
10,2108,270.736,1,95
10,2109,274.056,1,96
10,2110,278.109,1,97
10,2111,282.241,1,98
10,2113,288.936,1,100
10,2115,293.054,1,101
10,2117,302.805,1,105
10,2118,315.671,1,110
10,2119,321.372,1,112
10,2120,335.623,1,118
10,2121,341.284,1,120
10,2123,355.313,1,126
10,2124,358.993,1,127
10,2125,362.007,1,128
10,2126,364.545,1,129
10,2127,376.698,1,135
10,2128,382.306,1,137
10,2130,385.825,1,138
10,2131,394.73,1,142
10,2132,475.278,1,181
10,2133,1996.63,1,910
10,2134,1999.4,1,911
10,2135,2002.09,1,912
10,2136,2976.49,1,1376
10,2137,2980.27,1,1377
10,2138,5268.2,1,2479
10,2139,5270.87,1,2480
10,2140,126090,1,60489
11,1871,2.76212,1,1
11,1880,5.86255,1,2
11,1888,8.65231,1,3
11,1896,11.836,1,4
11,1903,14.5839,1,5
11,1910,18.3586,1,6
11,1917,21.5814,1,7
11,1924,25.0079,1,8
11,1930,28.2177,1,9
11,1935,31.084,1,10
11,1940,33.466,1,11
11,1945,37.3769,1,12
11,1949,56.1259,1,13
11,1953,60.0072,1,14
11,1957,63.1795,1,15
11,1963,65.7221,1,16
11,1967,68.3101,1,17
11,1971,70.6799,1,18
11,1975,73.4605,1,19
11,1979,76.0683,1,20
11,1982,78.4744,1,21
11,1985,80.869,1,22
11,1988,83.6228,1,23
11,1991,86.7347,1,24
11,1996,89.3784,1,25
11,1999,91.9798,1,26
11,2002,94.5173,1,27
11,2006,97.0382,1,28
11,2010,99.7293,1,29
11,2014,102.392,1,30
11,2017,104.896,1,31
11,2020,107.302,1,32
11,2023,110.133,1,33
11,2026,112.848,1,34
11,2029,116.714,1,35
11,2033,120.573,1,36
11,2036,124.073,1,37
11,2038,127.167,1,38
11,2040,129.922,1,39
11,2042,132.726,1,40
11,2044,136.438,1,41
11,2046,139.855,1,42
11,2049,143.005,1,43
11,2051,146.09,1,44
11,2053,148.888,1,45
11,2055,151.52,1,46
11,2058,154.901,1,47
11,2059,157.689,1,48
11,2060,160.391,1,49
11,2061,164.059,1,50
11,2062,167.201,1,51
11,2063,170.005,1,52
11,2066,173.021,1,53
11,2067,177.514,1,54
11,2069,181.567,1,55
11,2070,185.048,1,56
11,2073,188.159,1,57
11,2076,192.347,1,58
11,2077,196.038,1,59
11,2078,199.114,1,60
11,2079,201.817,1,61
11,2080,204.344,1,62
11,2081,207.02,1,63
11,2082,209.921,1,64
11,2083,213.741,1,65
11,2085,216.676,1,66
11,2087,220.202,1,67
11,2089,223.161,1,68
11,2090,225.732,1,69
11,2091,228.139,1,70
11,2092,234.528,1,73
11,2093,240.51,1,75
11,2094,244.355,1,76
11,2095,247.762,1,77
11,2096,254.822,1,80
11,2097,258.502,1,81
11,2098,261.93,1,82
11,2099,267.018,1,84
11,2100,270.816,1,85
11,2102,277.906,1,88
11,2103,287.517,1,92
11,2104,295.106,1,95
11,2105,298.671,1,96
11,2106,305.814,1,99
11,2107,327.794,1,109
11,2108,331.428,1,110
11,2109,334.714,1,111
11,2110,338.33,1,112
11,2111,341.607,1,113
11,2112,344.633,1,114
11,2113,347.088,1,115
11,2114,349.883,1,116
11,2115,375.573,1,127
11,2116,379.696,1,128
11,2117,383.863,1,129
11,2118,405.648,1,138
11,2119,411.698,1,140
11,2120,415.259,1,141
11,2121,463.156,1,164
11,2122,466.867,1,165
11,2123,484.452,1,173
11,2124,488.191,1,174
11,2125,491.416,1,175
11,2126,494.148,1,176
11,2128,496.551,1,177
11,2129,499.019,1,178
11,2131,501.403,1,179
11,2132,504.202,1,180
11,2133,512.813,1,184
11,2134,516.421,1,185
11,2135,1332.09,1,574
11,2136,1335.84,1,575
11,2137,2909.72,1,1329
11,2138,5336.38,1,2479
11,2139,8101.74,1,3798
11,2140,15522.6,1,7344
11,2141,50575.3,1,24108
12,1844,2.95318,1,1
12,1852,6.06546,1,2
12,1859,9.18523,1,3
12,1866,12.2186,1,4
12,1872,16.2471,1,5
12,1878,19.173,1,6
12,1884,22.6011,1,7
12,1890,25.4548,1,8
12,1896,30.0537,1,9
12,1901,33.9658,1,10
12,1906,37.4235,1,11
12,1912,41.5041,1,12
12,1917,45.1208,1,13
12,1923,48.556,1,14
12,1928,51.6182,1,15
12,1933,54.3566,1,16
12,1938,56.8294,1,17
12,1943,59.6373,1,18
12,1947,62.7547,1,19
12,1951,65.4623,1,20
12,1955,68.0141,1,21
12,1959,70.4991,1,22
12,1963,72.971,1,23
12,1967,75.4801,1,24
12,1971,78.0141,1,25
12,1975,80.516,1,26
12,1980,82.9655,1,27
12,1984,85.6483,1,28
12,1988,88.3109,1,29
12,1991,91.1473,1,30
12,1994,93.9552,1,31
12,1999,96.6834,1,32
12,2002,99.2544,1,33
12,2005,101.734,1,34
12,2008,104.171,1,35
12,2011,106.602,1,36
12,2015,108.995,1,37
12,2019,111.584,1,38
12,2021,114.174,1,39
12,2023,116.583,1,40
12,2025,118.988,1,41
12,2027,121.45,1,42
12,2029,124.449,1,43
12,2031,127.537,1,44
12,2033,130.401,1,45
12,2037,133.261,1,46
12,2040,136.11,1,47
12,2042,139.042,1,48
12,2044,142.126,1,49
12,2046,144.751,1,50
12,2048,147.238,1,51
12,2049,149.636,1,52
12,2052,152.065,1,53
12,2055,154.877,1,54
12,2058,158.225,1,55
12,2060,160.929,1,56
12,2063,163.469,1,57
12,2064,165.974,1,58
12,2065,168.512,1,59
12,2066,170.923,1,60
12,2067,173.724,1,61
12,2068,176.357,1,62
12,2069,178.771,1,63
12,2071,181.184,1,64
12,2072,183.732,1,65
12,2073,186.481,1,66
12,2074,190.333,1,67
12,2075,201.909,1,72
12,2076,207.617,1,74
12,2078,211.164,1,75
12,2080,214.064,1,76
12,2081,217.686,1,77
12,2082,223.445,1,79
12,2084,227.28,1,80
12,2085,236.193,1,83
12,2086,244,1,86
12,2087,248.224,1,87
12,2088,253.466,1,89
12,2089,260.653,1,92
12,2090,263.852,1,93
12,2091,271.25,1,96
12,2092,276.978,1,98
12,2093,288.758,1,103
12,2094,292.397,1,104
12,2095,295.718,1,105
12,2096,298.901,1,106
12,2097,303.753,1,108
12,2098,313.477,1,112
12,2099,319.072,1,114
12,2100,322.6,1,115
12,2101,329.486,1,118
12,2102,354.63,1,130
12,2104,358.356,1,131
12,2105,361.711,1,132
12,2106,368.517,1,135
12,2108,372.137,1,136
12,2109,375.173,1,137
12,2110,377.695,1,138
12,2111,380.122,1,139
12,2112,396.456,1,147
12,2113,408.061,1,152
12,2115,411.803,1,153
12,2116,414.784,1,154
12,2118,422.884,1,157
12,2119,426.503,1,158
12,2120,435.483,1,161
12,2121,448.332,1,165
12,2122,605.277,1,239
12,2123,608.657,1,240
12,2124,616.645,1,243
12,2125,622.831,1,245
12,2126,644.967,1,253
12,2127,654.595,1,256
12,2128,679.939,1,260
12,2129,1103.2,1,461
12,2130,1107.15,1,462
12,2131,1624.39,1,712
12,2132,1628.49,1,713
12,2133,1631.74,1,714
12,2134,1743.31,1,766
12,2135,1747.13,1,767
12,2136,1750.22,1,768
12,2138,1792.36,1,789
12,2139,1798.08,1,791
12,2140,1801.66,1,792
12,2141,79095.2,1,37780
13,1907,3.2307,1,1
13,1915,6.19139,1,2
13,1921,9.04825,1,3
13,1927,11.8712,1,4
13,1933,14.546,1,5
13,1939,18.6476,1,6
13,1945,22.2798,1,7
13,1950,25.5432,1,8
13,1955,28.6464,1,9
13,1960,31.4741,1,10
13,1964,34.3266,1,11
13,1970,36.8676,1,12
13,1974,40.4027,1,13
13,1978,43.5331,1,14
13,1984,46.0489,1,15
13,1988,48.6796,1,16
13,1992,51.5159,1,17
13,1996,54.5287,1,18
13,2000,57.4195,1,19
13,2004,60.2969,1,20
13,2008,63.2091,1,21
13,2012,66.5009,1,22
13,2016,69.7155,1,23
13,2020,72.3149,1,24
13,2023,74.7826,1,25
13,2026,77.1259,1,26
13,2029,80.3088,1,27
13,2032,83.8825,1,28
13,2035,87.0911,1,29
13,2038,91.1244,1,30
13,2041,95.0175,1,31
13,2043,98.6086,1,32
13,2047,102.237,1,33
13,2050,106.385,1,34
13,2053,110.186,1,35
13,2055,112.922,1,36
13,2058,116.457,1,37
13,2061,119.285,1,38
13,2063,121.78,1,39
13,2065,124.124,1,40
13,2067,126.575,1,41
13,2069,129.086,1,42
13,2072,131.588,1,43
13,2074,134.03,1,44
13,2076,136.462,1,45
13,2077,138.892,1,46
13,2079,141.376,1,47
13,2081,144.204,1,48
13,2082,147.473,1,49
13,2084,150.209,1,50
13,2087,152.777,1,51
13,2089,155.245,1,52
13,2091,157.722,1,53
13,2094,160.192,1,54
13,2095,162.992,1,55
13,2096,165.61,1,56
13,2097,168.017,1,57
13,2099,170.423,1,58
13,2101,173.026,1,59
13,2102,175.843,1,60
13,2103,179.695,1,61
13,2104,183.229,1,62
13,2105,186.371,1,63
13,2106,189.236,1,64
13,2107,191.66,1,65
13,2109,194.028,1,66
13,2110,196.809,1,67
13,2111,199.423,1,68
13,2112,201.835,1,69
13,2113,204.317,1,70
13,2114,207.394,1,71
13,2116,210.389,1,72
13,2119,213.023,1,73
13,2120,215.444,1,74
13,2121,221.963,1,77
13,2122,227.721,1,79
13,2123,341.965,1,132
13,2124,349.124,1,134
13,2125,391.021,1,148
13,2126,399.125,1,151
13,2128,402.853,1,152
13,2129,410.335,1,155
13,2130,2070.22,1,951
13,2131,3567.28,1,1671
13,2132,3571.11,1,1672
13,2133,3575.16,1,1673
13,2134,3836.17,1,1798
13,2135,3906.28,1,1831
13,2136,3914.03,1,1832
13,2137,4678.03,1,2204
13,2138,4681.82,1,2205
13,2139,4689.15,1,2208
13,2140,4692.88,1,2209
13,2141,4696.27,1,2210
14,1885,2.67646,1,1
14,1893,5.43108,1,2
14,1901,8.21373,1,3
14,1909,11.0434,1,4
14,1917,13.918,1,5
14,1924,18.2418,1,6
14,1931,21.8072,1,7
14,1938,24.6783,1,8
14,1945,27.5806,1,9
14,1952,30.5622,1,10
14,1959,33.4755,1,11
14,1965,36.1977,1,12
14,1971,38.8067,1,13
14,1976,41.4018,1,14
14,1980,43.9946,1,15
14,1984,46.8984,1,16
14,1988,49.719,1,17
14,1992,52.3504,1,18
14,1996,54.8726,1,19
14,2000,57.3726,1,20
14,2003,60.1998,1,21
14,2007,64.1162,1,22
14,2012,67.1902,1,23
14,2016,70.0297,1,24
14,2019,72.7823,1,25
14,2022,75.8986,1,26
14,2025,80.5851,1,27
14,2029,84.2035,1,28
14,2032,87.4535,1,29
14,2035,90.396,1,30
14,2038,93.3788,1,31
14,2040,96.0707,1,32
14,2042,98.7329,1,33
14,2044,101.365,1,34
14,2048,103.986,1,35
14,2050,106.945,1,36
14,2052,109.827,1,37
14,2053,112.18,1,38
14,2055,114.937,1,39
14,2056,117.266,1,40
14,2057,120.017,1,41
14,2060,122.699,1,42
14,2061,125.299,1,43
14,2062,128.072,1,44
14,2063,130.4,1,45
14,2064,133.15,1,46
14,2065,135.483,1,47
14,2066,138.329,1,48
14,2068,141.295,1,49
14,2069,143.926,1,50
14,2070,146.527,1,51
14,2072,149.109,1,52
14,2073,151.689,1,53
14,2074,154.265,1,54
14,2076,160.89,1,57
14,2078,163.476,1,58
14,2080,166.093,1,59
14,2082,168.703,1,60
14,2084,171.636,1,61
14,2085,174.306,1,62
14,2086,176.831,1,63
14,2087,179.239,1,64
14,2088,181.653,1,65
14,2089,184.06,1,66
14,2090,186.88,1,67
14,2091,189.433,1,68
14,2093,191.929,1,69
14,2094,194.537,1,70
14,2095,197.114,1,71
14,2096,199.688,1,72
14,2097,204.79,1,74
14,2098,213.412,1,78
14,2099,216.271,1,79
14,2100,218.889,1,80
14,2101,227.122,1,84
14,2103,230.853,1,85
14,2104,233.941,1,86
14,2105,237.331,1,87
14,2106,244.496,1,90
14,2107,248.122,1,91
14,2108,251.348,1,92
14,2109,273.116,1,101
14,2110,277.283,1,102
14,2111,283.705,1,104
14,2112,290.005,1,106
14,2113,293.308,1,107
14,2114,304.889,1,112
14,2115,311.742,1,115
14,2116,408.436,1,162
14,2118,416.187,1,165
14,2119,423.81,1,168
14,2120,427.508,1,169
14,2121,449.468,1,179
14,2122,587.488,1,244
14,2123,594.913,1,247
14,2124,601.901,1,250
14,2125,688.5,1,289
14,2126,904.465,1,394
14,2127,907.442,1,395
14,2128,910.155,1,396
14,2129,912.708,1,397
14,2130,917.12,1,399
14,2131,923.411,1,401
14,2132,3568.41,1,1666
14,2133,3697.84,1,1729
14,2134,3858.54,1,1803
14,2135,3862.28,1,1804
14,2136,3865.52,1,1805
14,2137,3868.28,1,1806
14,2138,7425.52,1,3504
14,2139,7429.16,1,3505
14,2140,7458.29,1,3519
15,1868,2.88055,1,1
15,1877,5.89058,1,2
15,1885,8.77152,1,3
15,1893,11.7342,1,4
15,1901,14.5429,1,5
15,1907,18.2445,1,6
15,1913,21.3114,1,7
15,1919,24.8346,1,8
15,1925,27.684,1,9
15,1931,30.1062,1,10
15,1937,32.4657,1,11
15,1943,34.9278,1,12
15,1950,37.4108,1,13
15,1956,39.8702,1,14
15,1961,42.3169,1,15
15,1966,44.7679,1,16
15,1971,47.2154,1,17
15,1976,49.7387,1,18
15,1981,52.9173,1,19
15,1986,56.6616,1,20
15,1991,60.0597,1,21
15,1995,63.2426,1,22
15,1999,66.2811,1,23
15,2003,68.9019,1,24
15,2007,72.4413,1,25
15,2010,75.5764,1,26
15,2015,78.1159,1,27
15,2019,80.5038,1,28
15,2022,83.4941,1,29
15,2025,86.9632,1,30
15,2028,89.9851,1,31
15,2031,92.497,1,32
15,2034,94.9527,1,33
15,2037,98.2316,1,34
15,2040,102.21,1,35
15,2043,105.609,1,36
15,2045,109.507,1,37
15,2047,112.985,1,38
15,2050,117.488,1,39
15,2052,121.053,1,40
15,2054,124.577,1,41
15,2056,128.799,1,42
15,2058,132.433,1,43
15,2061,135.346,1,44
15,2062,137.856,1,45
15,2063,140.208,1,46
15,2066,142.638,1,47
15,2068,146.001,1,48
15,2071,149.507,1,49
15,2074,153.758,1,50
15,2077,157.375,1,51
15,2079,160.408,1,52
15,2081,162.919,1,53
15,2083,165.77,1,54
15,2085,168.426,1,55
15,2086,170.894,1,56
15,2087,173.391,1,57
15,2090,176.109,1,58
15,2091,179.065,1,59
15,2092,181.982,1,60
15,2093,184.695,1,61
15,2094,187.207,1,62
15,2095,189.703,1,63
15,2097,192.338,1,64
15,2099,194.767,1,65
15,2101,197.561,1,66
15,2102,200.201,1,67
15,2103,206.773,1,70
15,2105,214.922,1,73
15,2106,218.738,1,74
15,2107,228.095,1,78
15,2108,231.839,1,79
15,2109,245.129,1,85
15,2110,250.822,1,87
15,2111,256.772,1,89
15,2112,262.106,1,91
15,2113,267.215,1,93
15,2115,272.705,1,95
15,2116,282.252,1,99
15,2117,286.395,1,100
15,2118,490.665,1,200
15,2120,500.314,1,204
15,2122,512.062,1,208
15,2123,515.896,1,209
15,2124,519.597,1,210
15,2125,541.52,1,219
15,2126,545.301,1,220
15,2127,550.805,1,222
15,2128,576.234,1,226
15,2129,720.381,1,294
15,2130,724.835,1,295
15,2131,735.811,1,299
15,2132,902.457,1,380
15,2133,2456.44,1,1115
15,2134,3602.95,1,1656
15,2135,3606.71,1,1657
15,2136,3609.99,1,1658
15,2137,3624.7,1,1665
15,2138,5503.89,1,2562
15,2139,5506.79,1,2563
15,2140,19168.3,1,9077
15,2141,64336.2,1,30603
16,1890,3.2153,1,1
16,1898,6.17204,1,2
16,1906,9.06443,1,3
16,1913,11.9631,1,4
16,1920,15.0513,1,5
16,1926,18.9768,1,6
16,1932,22.5253,1,7
16,1938,25.4047,1,8
16,1943,27.9307,1,9
16,1948,30.2918,1,10
16,1953,32.8372,1,11
16,1959,35.9131,1,12
16,1964,38.9622,1,13
16,1969,41.8704,1,14
16,1974,44.8729,1,15
16,1978,47.9627,1,16
16,1982,50.8942,1,17
16,1986,53.7933,1,18
16,1991,56.6798,1,19
16,1997,59.5749,1,20
16,2001,62.4701,1,21
16,2005,65.7039,1,22
16,2009,69.3329,1,23
16,2012,72.2755,1,24
16,2015,75.0569,1,25
16,2018,77.8025,1,26
16,2021,80.5682,1,27
16,2024,83.3326,1,28
16,2027,86.0194,1,29
16,2030,88.6512,1,30
16,2033,91.3186,1,31
16,2035,94.0065,1,32
16,2037,96.981,1,33
16,2039,100.028,1,34
16,2041,103.066,1,35
16,2043,106.185,1,36
16,2046,109.295,1,37
16,2048,113.088,1,38
16,2050,116.768,1,39
16,2052,119.876,1,40
16,2054,123.342,1,41
16,2056,128.061,1,42
16,2058,132.069,1,43
16,2060,135.424,1,44
16,2062,138.928,1,45
16,2065,142.745,1,46
16,2067,146.122,1,47
16,2069,149.237,1,48
16,2071,152.181,1,49
16,2072,154.941,1,50
16,2075,157.945,1,51
16,2078,161.265,1,52
16,2079,164.201,1,53
16,2080,167.023,1,54
16,2081,169.836,1,55
16,2082,172.656,1,56
16,2083,175.555,1,57
16,2084,178.058,1,58
16,2086,180.477,1,59
16,2088,182.87,1,60
16,2089,185.247,1,61
16,2090,187.652,1,62
16,2092,190.366,1,63
16,2093,193.143,1,64
16,2095,201.956,1,68
16,2096,205.791,1,69
16,2097,210.882,1,71
16,2098,214.039,1,72
16,2099,217.115,1,73
16,2100,220.029,1,74
16,2101,229.304,1,78
16,2103,234.943,1,80
16,2104,238.672,1,81
16,2106,252.139,1,87
16,2107,255.806,1,88
16,2108,268.969,1,94
16,2110,272.615,1,95
16,2111,275.628,1,96
16,2112,290.563,1,103
16,2113,414.425,1,158
16,2114,430.054,1,165
16,2115,437.61,1,168
16,2116,447.069,1,172
16,2117,452.555,1,174
16,2118,461.296,1,177
16,2119,465.044,1,178
16,2120,484.519,1,186
16,2121,491.107,1,187
16,2122,639.495,1,257
16,2123,643.471,1,258
16,2124,652.952,1,262
16,2125,728.26,1,296
16,2126,732.039,1,297
16,2128,735.12,1,298
16,2129,1431.45,1,635
16,2130,1443.4,1,640
16,2131,1449.16,1,642
16,2132,1470.79,1,652
16,2133,1546.73,1,688
16,2134,1550.83,1,689
16,2135,1554.63,1,690
16,2136,1564.59,1,694
16,2137,1567.52,1,695
16,2138,2321.65,1,1058
16,2139,2334.16,1,1059
16,2140,2349.46,1,1065
16,2141,2352.64,1,1066
17,1874,3.11425,1,1
17,1883,19.1177,1,2
17,1891,23.3586,1,3
17,1898,27.7456,1,4
17,1906,32.1191,1,5
17,1912,35.8211,1,6
17,1918,38.961,1,7
17,1923,42.0492,1,8
17,1928,46.3612,1,9
17,1934,49.8844,1,10
17,1940,53.9907,1,11
17,1945,57.7555,1,12
17,1950,60.7817,1,13
17,1955,63.4254,1,14
17,1960,65.9613,1,15
17,1966,68.4475,1,16
17,1971,70.9155,1,17
17,1976,73.4068,1,18
17,1981,76.7911,1,19
17,1985,79.4684,1,20
17,1989,82.0051,1,21
17,1993,84.4968,1,22
17,1997,86.9865,1,23
17,2001,89.5094,1,24
17,2005,91.9656,1,25
17,2010,94.7921,1,26
17,2014,97.437,1,27
17,2018,99.8746,1,28
17,2022,102.303,1,29
17,2025,104.936,1,30
17,2028,108.099,1,31
17,2031,110.688,1,32
17,2034,113.191,1,33
17,2037,115.683,1,34
17,2040,118.163,1,35
17,2043,120.912,1,36
17,2046,123.575,1,37
17,2048,126.132,1,38
17,2050,128.715,1,39
17,2052,131.589,1,40
17,2056,134.281,1,41
17,2058,137.09,1,42
17,2060,139.935,1,43
17,2062,142.838,1,44
17,2063,145.53,1,45
17,2065,148.038,1,46
17,2067,150.536,1,47
17,2068,153.466,1,48
17,2069,156.442,1,49
17,2071,159.277,1,50
17,2073,161.968,1,51
17,2074,164.561,1,52
17,2075,167.352,1,53
17,2076,170.188,1,54
17,2077,172.747,1,55
17,2078,175.534,1,56
17,2079,178.204,1,57
17,2081,193.09,1,63
17,2082,196.955,1,64
17,2083,201.205,1,65
17,2085,204.93,1,66
17,2086,208.883,1,67
17,2088,212.844,1,68
17,2090,216.363,1,69
17,2091,220.078,1,70
17,2092,223.533,1,71
17,2093,226.209,1,72
17,2094,228.682,1,73
17,2096,232.164,1,74
17,2097,236.2,1,75
17,2098,239.287,1,76
17,2099,244.278,1,78
17,2100,247.188,1,79
17,2101,256.171,1,83
17,2102,261.329,1,85
17,2103,266.824,1,87
17,2104,269.795,1,88
17,2105,279.144,1,92
17,2106,285.217,1,94
17,2107,299.88,1,100
17,2108,302.594,1,101
17,2109,305.26,1,102
17,2110,307.937,1,103
17,2111,310.592,1,104
17,2112,315.065,1,106
17,2113,317.632,1,107
17,2115,335.901,1,116
17,2116,338.667,1,117
17,2117,347.2,1,121
17,2118,353.843,1,124
17,2119,358.679,1,126
17,2121,361.282,1,127
17,2122,363.847,1,128
17,2123,372.436,1,132
17,2124,377.055,1,134
17,2125,400.688,1,144
17,2126,404.865,1,145
17,2127,409.198,1,146
17,2128,412.598,1,147
17,2129,453.635,1,165
17,2130,456.5,1,166
17,2132,458.849,1,167
17,2133,461.61,1,168
17,2134,478.298,1,176
17,2135,497.582,1,185
17,2136,559.023,1,215
17,2137,562.854,1,216
17,2138,566.343,1,217
17,2139,15058.6,1,7129
17,2140,15078.6,1,7130
18,1872,3.09411,1,1
18,1879,6.26481,1,2
18,1886,9.40037,1,3
18,1892,12.515,1,4
18,1898,15.6691,1,5
18,1904,19.6424,1,6
18,1910,23.1628,1,7
18,1916,26.0493,1,8
18,1922,28.6235,1,9
18,1928,31.0138,1,10
18,1933,33.5619,1,11
18,1938,36.1046,1,12
18,1943,38.5943,1,13
18,1948,41.0173,1,14
18,1953,43.438,1,15
18,1958,45.8468,1,16
18,1963,48.2544,1,17
18,1967,51.6944,1,18
18,1971,55.2819,1,19
18,1975,59.3961,1,20
18,1979,63.1467,1,21
18,1983,67.1961,1,22
18,1987,71.1208,1,23
18,1991,75.3514,1,24
18,1995,79.149,1,25
18,1998,82.5254,1,26
18,2001,86.0454,1,27
18,2005,89.3085,1,28
18,2009,92.0682,1,29
18,2012,94.5138,1,30
18,2015,97.0481,1,31
18,2018,99.5833,1,32
18,2021,102.054,1,33
18,2024,104.508,1,34
18,2027,106.983,1,35
18,2030,109.498,1,36
18,2033,112,1,37
18,2036,115.066,1,38
18,2038,118.112,1,39
18,2042,121.032,1,40
18,2045,123.875,1,41
18,2047,126.665,1,42
18,2050,129.685,1,43
18,2052,132.491,1,44
18,2054,135.283,1,45
18,2056,138.058,1,46
18,2058,140.748,1,47
18,2060,143.569,1,48
18,2062,146.737,1,49
18,2065,149.56,1,50
18,2067,152.358,1,51
18,2071,155.139,1,52
18,2072,157.92,1,53
18,2074,161.016,1,54
18,2076,164.36,1,55
18,2078,167.394,1,56
18,2080,170.422,1,57
18,2081,173.139,1,58
18,2082,176.062,1,59
18,2083,179.258,1,60
18,2084,182.139,1,61
18,2085,185.01,1,62
18,2086,187.882,1,63
18,2087,190.83,1,64
18,2088,193.636,1,65
18,2089,196.207,1,66
18,2090,198.601,1,67
18,2092,201.042,1,68
18,2093,203.475,1,69
18,2094,206.094,1,70
18,2095,208.952,1,71
18,2096,215.65,1,74
18,2097,221.492,1,76
18,2098,229.017,1,79
18,2099,250.346,1,89
18,2101,259.389,1,92
18,2102,263.129,1,93
18,2104,271.286,1,96
18,2105,274.91,1,97
18,2106,281.472,1,99
18,2107,289.731,1,102
18,2108,307.533,1,110
18,2109,315.272,1,113
18,2110,325.006,1,117
18,2111,328.68,1,118
18,2112,335.902,1,121
18,2113,343.517,1,124
18,2114,353.349,1,128
18,2115,357.202,1,129
18,2116,360.609,1,130
18,2117,363.713,1,131
18,2118,370.979,1,134
18,2119,435.013,1,165
18,2120,446.557,1,170
18,2121,456.278,1,174
18,2122,471.411,1,180
18,2123,480.263,1,183
18,2124,488.697,1,186
18,2125,506.476,1,194
18,2126,510.023,1,195
18,2127,512.934,1,196
18,2128,515.432,1,197
18,2129,520.035,1,199
18,2130,528.441,1,202
18,2132,1002.71,1,428
18,2133,1005.93,1,429
18,2134,1461.11,1,641
18,2135,1844.95,1,822
18,2136,3844.41,1,1769
18,2137,6885.26,1,3226
18,2138,6896.94,1,3230
18,2139,6923.27,1,3235
18,2140,42243.2,1,20033
18,2141,54019.7,1,25655
19,1909,3.08898,1,1
19,1917,6.35403,1,2
19,1925,9.2626,1,3
19,1931,12.1704,1,4
19,1937,14.9554,1,5
19,1943,18.9484,1,6
19,1949,22.2525,1,7
19,1954,26.0548,1,8
19,1960,29.5188,1,9
19,1964,32.686,1,10
19,1968,35.3936,1,11
19,1972,38.0369,1,12
19,1976,40.8563,1,13
19,1980,43.5446,1,14
19,1984,46.1551,1,15
19,1989,48.7542,1,16
19,1993,51.45,1,17
19,1997,54.2437,1,18
19,2000,57.0062,1,19
19,2005,59.6251,1,20
19,2009,62.1389,1,21
19,2013,64.6397,1,22
19,2016,67.1349,1,23
19,2019,69.612,1,24
19,2022,72.2668,1,25
19,2025,74.7999,1,26
19,2028,77.2763,1,27
19,2031,79.7577,1,28
19,2034,82.2648,1,29
19,2037,85.3688,1,30
19,2040,87.9355,1,31
19,2043,90.4284,1,32
19,2045,92.8159,1,33
19,2047,95.6084,1,34
19,2051,98.2719,1,35
19,2054,103.271,1,36
19,2056,107.035,1,37
19,2058,110.552,1,38
19,2060,113.538,1,39
19,2063,116.475,1,40
19,2065,118.91,1,41
19,2067,121.32,1,42
19,2069,123.719,1,43
19,2070,126.067,1,44
19,2073,128.971,1,45
19,2074,131.679,1,46
19,2075,134.157,1,47
19,2076,136.572,1,48
19,2078,138.99,1,49
19,2079,141.396,1,50
19,2080,144,1,51
19,2082,147.849,1,52
19,2083,150.971,1,53
19,2084,154.832,1,54
19,2086,158.041,1,55
19,2087,160.778,1,56
19,2088,164.135,1,57
19,2090,171.788,1,60
19,2091,175.603,1,61
19,2093,178.381,1,62
19,2095,182.217,1,63
19,2096,185.611,1,64
19,2097,200.845,1,71
19,2099,206.682,1,73
19,2100,214.437,1,76
19,2101,218.223,1,77
19,2103,223.708,1,79
19,2104,227.256,1,80
19,2106,238.73,1,85
19,2107,250.455,1,90
19,2108,253.948,1,91
19,2109,264.701,1,96
19,2110,268.35,1,97
19,2111,271.595,1,98
19,2112,282.876,1,103
19,2114,290.57,1,106
19,2115,302.347,1,111
19,2116,306.179,1,112
19,2117,309.596,1,113
19,2118,312.639,1,114
19,2119,317.302,1,116
19,2121,320.7,1,117
19,2122,335.357,1,124
19,2123,339.047,1,125
19,2124,342.136,1,126
19,2125,354.12,1,131
19,2126,360.03,1,133
19,2127,369.462,1,136
19,2129,377.354,1,139
19,2130,390.896,1,145
19,2131,396.838,1,147
19,2133,402.229,1,149
19,2134,596.331,1,239
19,2135,823.489,1,344
19,2136,847.505,1,355
19,2137,851.326,1,356
19,2138,854.493,1,357
19,2139,856.976,1,358
19,2140,861.386,1,360
19,2141,37660.6,1,17832
20,1865,2.89555,1,1
20,1873,5.98966,1,2
20,1880,9.10391,1,3
20,1887,12.151,1,4
20,1894,15.2092,1,5
20,1900,19.1691,1,6
20,1907,22.2904,1,7
20,1913,25.7268,1,8
20,1919,28.7538,1,9
20,1925,31.4046,1,10
20,1931,33.9137,1,11
20,1936,36.5049,1,12
20,1942,38.9362,1,13
20,1947,41.7599,1,14
20,1952,44.4083,1,15
20,1957,46.8424,1,16
20,1962,49.2733,1,17
20,1967,52.7697,1,18
20,1971,56.6691,1,19
20,1975,60.8449,1,20
20,1979,64.6302,1,21
20,1983,68.9856,1,22
20,1988,72.6165,1,23
20,1992,76.3683,1,24
20,1996,79.6724,1,25
20,2000,82.6639,1,26
20,2004,85.6676,1,27
20,2008,88.6074,1,28
20,2012,91.4216,1,29
20,2016,94.226,1,30
20,2020,97.2171,1,31
20,2023,99.9164,1,32
20,2028,103.432,1,33
20,2031,106.669,1,34
20,2034,109.677,1,35
20,2037,112.623,1,36
20,2040,115.408,1,37
20,2043,118.825,1,38
20,2046,121.858,1,39
20,2049,124.523,1,40
20,2052,126.987,1,41
20,2054,129.464,1,42
20,2056,131.967,1,43
20,2058,134.458,1,44
20,2060,136.942,1,45
20,2062,139.337,1,46
20,2064,142.129,1,47
20,2066,144.866,1,48
20,2068,147.892,1,49
20,2072,150.55,1,50
20,2074,154.188,1,51
20,2076,157.427,1,52
20,2078,160.209,1,53
20,2081,162.612,1,54
20,2084,165.355,1,55
20,2086,167.969,1,56
20,2088,170.355,1,57
20,2091,172.769,1,58
20,2093,175.18,1,59
20,2096,177.985,1,60
20,2097,181.374,1,61
20,2098,184.086,1,62
20,2100,186.583,1,63
20,2101,188.984,1,64
20,2103,191.418,1,65
20,2104,193.881,1,66
20,2106,196.336,1,67
20,2107,198.779,1,68
20,2109,201.228,1,69
20,2111,203.67,1,70
20,2112,206.115,1,71
20,2113,209.04,1,72
20,2114,211.53,1,73
20,2115,214.39,1,74
20,2116,217.084,1,75
20,2118,226.459,1,78
20,2119,232.236,1,80
20,2120,243.917,1,85
20,2121,249.476,1,87
20,2122,255.503,1,89
20,2123,264.124,1,92
20,2125,293.273,1,102
20,2126,305.153,1,107
20,2127,308.468,1,108
20,2128,312.002,1,109
20,2129,906.749,1,394
20,2130,915.338,1,397
20,2131,957.985,1,415
20,2132,962.029,1,416
20,2133,965.564,1,417
20,2134,2476.01,1,1133
20,2135,2493.54,1,1134
20,2136,2519.39,1,1144
20,2137,4252.88,1,1967
20,2138,6310.28,1,2936
20,2139,7660.76,1,3578
20,2140,8805.29,1,4128
20,2141,67373.7,1,31870
