11,955,301.832,43
11,959,441.501,81
11,963,684.104,123
11,954,851.753,160
11,963,1035.06,203
11,959,1284.88,247
11,963,1507.78,289
11,960,1705.79,331
11,961,1879.68,372
11,963,1986.41,409
11,971,2278.97,461
11,969,2486.47,507
11,956,2659.44,548
11,959,2852.86,587
11,966,3001.3,626
11,960,3204.17,670
11,964,3480.2,717
11,965,3651.97,766
11,956,3832.78,808
11,963,4106.54,858
11,966,4346.64,901
11,962,4483.6,937
11,954,4623.01,977
11,969,4822.35,1030
11,960,4911.31,1061
11,964,5143.79,1109
11,955,5348.19,1155
11,968,5536.32,1197
11,953,5649.5,1229
11,955,5792.96,1266
11,963,6068.66,1313
11,966,6323.61,1363
11,960,6473.55,1398
11,965,6619.52,1442
11,967,6864.6,1493
11,958,7069.93,1537
11,966,7216.54,1575
11,966,7502.94,1616
11,957,7612.88,1647
11,965,7774.51,1692
11,951,7917.82,1727
11,969,8145.52,1772
11,966,8297.05,1813
11,961,8448.7,1841
11,959,8584.91,1880
11,965,8677.2,1913
11,968,8976.03,1962
11,967,9283.9,2018
11,956,9471.71,2063
11,968,9738.03,2117
11,956,9843.53,2151
11,961,10037.7,2202
11,959,10190.2,2251
11,962,10621.4,2293
11,967,10950.7,2342
11,964,11123.7,2383
11,958,11316.7,2423
11,947,11414.5,2448
11,956,11616.3,2491
11,963,11889,2537
11,967,12151.7,2586
11,964,12346.5,2627
11,958,12553.8,2673
11,966,12762.2,2719
11,966,12901.6,2763
11,972,13060.5,2805
11,964,13220,2848
11,951,13372.3,2888
11,960,13520.4,2925
11,961,13646.7,2962
11,961,13856.8,3009
11,961,13986.8,3050
11,961,14215.9,3094
11,961,14439.3,3137
11,961,14623.2,3179
11,959,14766.4,3216
11,963,14909.3,3252
11,962,15055.8,3290
11,960,15288.3,3338
11,957,15408.7,3373
11,958,15650.1,3415
11,968,15853,3467
11,959,15977.2,3500
11,965,16132.1,3541
11,964,16237.8,3579
11,969,16478.6,3630
11,970,16713.8,3688
11,961,16908.9,3726
11,962,17123.2,3763
11,960,17265,3796
11,954,17385.7,3830
11,964,17588.2,3873
11,969,17707.9,3907
11,967,18011,3959
11,965,18206.7,4007
11,959,18507.4,4055
11,962,18634.9,4094
11,960,18782.9,4130
11,962,18912.7,4170
11,966,19146.3,4218
11,961,19299.9,4258
11,962,19447,4302
11,960,19737.6,4356
11,959,19860.8,4390
11,961,20019.9,4431
11,964,20173.7,4473
11,956,20336.6,4509
11,964,20490.1,4550
11,955,20664.4,4587
11,965,20770.7,4626
11,961,20883.4,4657
11,962,21108,4702
11,963,21311.7,4747
11,956,21504.6,4786
11,958,21757.4,4834
11,963,22010.4,4882
11,962,22118.7,4920
11,965,22345,4963
11,963,22447.1,4999
11,965,22719,5047
11,964,22875.6,5087
11,961,23062.5,5124
11,965,23306.1,5166
11,963,23517.8,5204
11,969,23704.1,5249
11,971,23897.7,5297
11,958,24022.9,5333
11,968,24181.9,5375
11,953,24298.7,5407
11,959,24516.1,5448
11,956,24624.3,5488
11,964,24765,5530
11,956,24853.6,5561
11,962,25017.3,5605
11,959,25360.9,5655
11,963,25545.2,5700
11,967,25798.4,5748
11,961,25924.6,5786
11,962,26140.1,5834
11,971,26327.4,5881
11,955,26485.5,5919
11,962,26655.2,5965
11,967,26856.4,6017
11,963,27044.8,6063
11,962,27185.3,6109
11,959,27329.7,6147
11,964,27494.8,6191
11,967,27760.9,6244
11,952,27908.6,6280
11,962,28073.5,6323
11,962,28187,6355
11,966,28309.9,6390
11,955,28404.7,6423
11,958,28658.8,6469
11,965,28809.6,6508
11,959,28906.9,6541
11,968,29127.9,6594
11,963,29218,6626
11,965,29399.6,6668
11,958,29585.9,6704
11,958,29678.4,6735
11,963,29923.4,6776
11,964,30060.9,6818
11,957,30365.4,6868
11,958,30514.1,6905
11,971,30716.7,6949
11,969,30838.1,6994
11,965,31035.7,7035
11,961,31215.9,7078
11,965,31473.3,7128
11,965,31703.8,7176
11,965,31847.1,7211
11,966,32040.9,7261
11,957,32175.7,7294
11,964,32333.7,7336
11,954,32532.2,7367
11,968,32679.8,7405
11,961,32857.2,7448
11,964,33091.2,7497
11,969,33347.2,7545
11,958,33504.6,7586
11,962,33643.3,7630
11,962,33802.5,7672
11,957,33934.8,7702
11,955,34029.8,7736
11,960,34236.5,7779
11,964,34402.3,7815
11,964,34641.4,7865
11,961,34834.7,7913
11,965,35067.5,7960
11,958,35250.2,8001
11,960,35440,8048
11,954,35560.1,8083
11,963,35828.6,8137
11,962,36109.8,8186
11,966,36308.2,8236
11,961,36477.1,8274
11,962,36669.9,8322
11,964,36924.2,8369
11,959,37055.7,8409
11,966,37269.9,8459
11,956,37396,8497
11,969,37636.6,8538
11,963,37773.3,8571
11,961,37931,8613
11,967,38036.6,8652
11,960,38203.6,8698
11,962,38334.8,8737
11,966,38517.5,8780
11,963,38661.2,8824
11,966,38947.9,8875
11,962,39060.6,8916
11,959,39293.1,8962
11,972,39598.5,9019
11,964,39781.7,9056
11,958,39924.1,9091
11,956,40152.5,9136
11,964,40388.7,9185
11,960,40536.3,9223
11,962,40660,9258
11,959,40897.6,9299
11,964,41112.9,9339
11,953,41246.2,9373
11,962,41537.2,9424
11,960,41676.5,9462
11,959,41860.2,9507
11,968,42056.1,9557
11,955,42257.7,9596
11,962,42515.4,9641
11,964,42767.4,9688
11,953,42917.9,9718
11,962,43124.3,9762
11,957,43222.6,9797
11,965,43384.6,9840
11,958,43517.2,9872
11,959,43693.6,9914
11,960,43795,9949
11,960,43926.7,9991
11,960,44128.8,10033
11,961,44258.8,10070
11,961,44476.7,10121
11,963,44634.6,10163
11,964,44746,10194
11,966,44942.9,10244
11,966,45115,10292
11,966,45325.4,10338
11,963,45488.9,10381
11,959,45581,10412
11,956,45689.2,10450
11,960,45883.6,10490
11,952,46049,10527
11,965,46219.9,10565
11,966,46380.7,10607
11,958,46497.9,10641
11,953,46622.7,10678
11,965,46747.5,10714
11,965,47041.3,10762
11,961,47232.6,10810
11,962,47572.2,10866
11,963,47761,10904
11,961,47917.2,10946
11,965,48108.1,10990
11,960,48194.7,11017
11,955,48365.6,11057
11,965,48608.9,11108
11,964,48769.7,11152
11,967,49073.1,11214
11,954,49188.6,11247
11,962,49388.6,11288
11,965,49600.6,11335
11,961,49749.1,11374
11,961,49929.9,11417
11,966,50091.8,11462
11,966,50273.2,11506
11,960,50471.1,11547
11,966,50749.7,11597
11,963,50927.6,11640
11,969,51211.8,11692
11,958,51404.1,11730
11,956,51566.4,11764
11,952,51673.2,11793
11,961,51849.8,11833
11,958,52009.7,11876
11,959,52112.8,11904
11,965,52224.8,11942
11,960,52376.7,11982
11,964,52643.3,12035
11,967,52924.7,12085
11,966,53116.7,12132
11,961,53427.8,12185
11,962,53593.4,12231
11,967,53763.8,12279
11,964,53982,12329
11,958,54125.6,12373
11,966,54374.1,12418
11,955,54465.8,12449
11,961,54582.2,12492
11,965,54753.5,12540
11,968,54890.8,12581
11,963,55061,12628
11,969,55193.9,12668
11,961,55334.8,12713
11,957,55481.1,12740
11,962,55638.9,12780
11,965,55785.2,12814
11,958,56006.4,12857
11,960,56125.4,12892
11,962,56280.6,12932
11,968,56470.9,12977
11,957,56564.9,13010
11,958,56741.7,13051
11,962,56886.3,13085
11,965,57242.4,13142
11,962,57429.8,13189
11,959,57586.6,13232
11,962,57783.8,13279
11,969,58031.8,13333
11,968,58202.1,13371
11,957,58364.5,13413
11,955,58488.8,13448
11,956,58629,13483
11,956,58755.9,13520
11,962,58866.2,13550
11,963,59047.5,13594
11,959,59280.4,13641
11,964,59441.3,13684
11,959,59600.7,13727
11,964,59842,13778
11,963,59959.7,13812
11,964,60160.9,13854
11,964,60270.3,13893
11,957,60412.6,13929
11,956,60561.7,13967
11,957,60855.9,14012
11,956,60992,14054
11,964,61208.3,14105
11,967,61493,14158
11,955,61577,14186
11,957,61667.8,14216
11,954,61771.7,14254
11,961,61948.6,14296
11,963,62088.5,14340
11,963,62238.2,14379
11,957,62380.2,14423
11,960,62494.1,14455
11,960,62595.8,14492
11,961,62819,14535
11,967,63077.9,14584
11,965,63242,14627
11,964,63444.6,14670
11,963,63691.9,14716
11,963,63847.7,14758
11,965,64133.5,14812
11,958,64313.4,14852
11,964,64534.5,14903
11,963,64664,14942
11,961,64876.9,14991
11,962,64974.1,15026
11,958,65238.2,15078
11,959,65405.9,15116
11,972,65646.5,15158
11,968,65882.5,15207
11,966,66040.1,15251
11,964,66172.6,15289
11,960,66273.9,15326
11,960,66488.7,15374
11,956,66648.9,15417
11,957,66768.8,15460
11,962,66948.6,15500
11,960,67125.5,15542
11,954,67276.5,15582
11,958,67393.3,15613
11,962,67515.3,15659
11,951,67651,15689
11,960,67771.4,15723
11,959,67893.7,15760
11,959,67997.3,15795
11,956,68127.4,15826
11,965,68312.1,15870
11,957,68415.3,15898
11,960,68518.8,15936
11,964,68743.6,15980
11,965,68968.7,16022
11,961,69116.7,16050
11,962,69257.1,16095
11,965,69385.1,16134
11,958,69541.9,16176
11,959,69704.1,16211
11,962,69824.3,16247
11,961,70089.4,16297
11,960,70220.8,16338
11,965,70364.8,16373
11,962,70467.5,16409
11,961,70599.4,16449
11,969,70746.5,16486
11,959,70900.1,16528
11,972,71118.4,16581
11,959,71216.1,16616
11,967,71411.1,16657
11,967,71687.9,16706
11,958,71788.5,16740
11,961,71934.3,16778
11,958,72073,16818
11,961,72249.2,16859
11,963,72409.3,16903
11,964,72601.3,16952
11,965,72754.2,16992
11,966,72958.2,17036
11,963,73152.8,17075
11,953,73319.4,17119
11,959,73463.6,17155
11,970,73668.3,17200
11,963,73809.7,17236
11,964,74169.1,17292
11,962,74385.2,17341
11,957,74618.6,17389
11,961,74779.9,17432
11,964,74907.8,17472
11,961,75061.6,17512
11,959,75226.4,17546
11,961,75520.7,17597
11,959,75762.6,17647
11,958,75941.8,17689
11,949,76107.5,17727
11,960,76209.7,17761
11,953,76285.2,17786
11,965,76552.8,17838
11,964,76745.4,17879
11,963,76961.2,17926
11,959,77165.7,17965
11,965,77378.1,18012
11,957,77497.6,18046
11,969,77698,18094
11,958,77840.7,18130
11,963,78027.1,18175
11,960,78316.1,18226
11,963,78490.5,18274
11,958,78632.8,18310
11,961,78725,18341
11,971,79088.8,18401
11,963,79299,18445
11,950,79440.5,18487
11,962,79667.9,18530
11,961,79909.7,18582
11,957,80053.5,18616
11,959,80226.8,18657
11,957,80314.7,18687
11,960,80404,18717
11,959,80570.3,18754
11,969,80707.1,18796
11,963,80879.4,18845
11,964,81059.3,18888
11,963,81287.6,18934
11,966,81450.1,18978
11,970,81637.3,19023
11,972,81905.9,19076
11,968,82119.8,19124
11,960,82261,19156
11,969,82435.6,19196
11,963,82552.7,19229
11,954,82673.1,19264
11,960,82818.7,19309
11,954,82979.5,19353
11,961,83075.5,19387
11,962,83197.8,19422
11,960,83312.2,19454
11,958,83533.9,19495
11,967,83749.1,19542
11,964,83939.8,19588
11,966,84161.2,19638
11,962,84339.6,19680
11,962,84513.2,19718
11,958,84602.1,19749
11,965,84772.8,19787
11,956,84948.3,19827
11,960,85123.8,19867
11,964,85291.1,19904
11,957,85505.8,19952
11,958,85697.8,19991
11,967,85920.4,20035
11,963,86025.4,20070
11,956,86214,20116
11,967,86404.2,20161
11,967,86686.5,20213
11,966,86929.4,20262
11,958,87059.8,20300
11,966,87231.2,20339
11,961,87365.9,20382
11,962,87626.1,20431
11,964,87723.8,20467
11,955,87815.6,20499
11,959,87966.5,20539
11,963,88132.5,20584
11,964,88388.8,20633
11,957,88480.8,20664
11,955,88649,20702
11,961,88855.5,20748
11,965,89008.3,20789
11,963,89168.7,20831
11,966,89301.3,20872
11,960,89394.4,20904
11,957,89595.6,20947
11,956,89712.4,20981
11,965,89896.1,21027
11,964,90091.3,21075
11,955,90262.2,21113
11,964,90552.3,21165
11,966,90791.8,21216
11,964,90901.7,21256
11,965,91062.7,21309
11,965,91240.6,21351
11,963,91445.2,21396
11,959,91546.1,21433
11,961,91791.2,21486
11,957,91930.7,21527
11,959,92156.8,21568
11,958,92262.6,21603
11,959,92450.8,21647
11,968,92657.5,21692
11,961,92837.6,21735
11,955,92985.7,21772
11,954,93081.5,21803
11,956,93213.7,21844
11,963,93447.1,21892
11,957,93557.9,21921
11,964,93915.7,21976
11,962,94132.7,22026
11,956,94216.9,22053
11,955,94436.1,22096
11,962,94577.2,22131
11,963,94709,22172
11,960,94936.3,22214
11,959,95112.8,22253
11,958,95233.2,22287
11,971,95468.1,22335
11,961,95630.9,22369
11,959,95850.4,22410
11,958,96019.7,22449
11,967,96232.2,22496
11,961,96389.8,22537
11,961,96512,22572
11,967,96668.2,22604
11,952,96781.2,22634
11,959,97014.4,22681
11,964,97175.7,22724
11,957,97282.9,22753
11,952,97484.3,22794
11,963,97718.7,22841
11,964,97965.9,22885
11,965,98075.9,22924
11,955,98265.7,22962
11,964,98387.7,22998
11,963,98538.8,23039
11,958,98696.8,23081
11,959,98874.3,23123
11,959,99014.3,23158
11,950,99137.3,23205
11,965,99368.1,23251
11,956,99512.3,23285
11,963,99776.3,23335
11,958,99900.6,23370
11,964,100052,23410
11,964,100353,23466
11,965,100512,23508
11,962,100647,23550
11,958,100751,23586
11,960,100936,23632
11,965,101110,23673
11,960,101266,23715
11,960,101459,23762
11,964,101695,23812
11,965,101881,23857
11,961,102023,23891
11,965,102174,23932
11,964,102298,23969
11,963,102611,24024
11,961,102761,24062
11,961,102934,24100
11,966,103131,24142
11,963,103229,24177
11,964,103460,24223
11,960,103729,24267
11,963,103844,24300
11,966,104161,24353
11,958,104475,24399
11,960,104642,24443
11,968,104783,24486
11,955,105025,24534
11,954,105136,24564
11,960,105318,24604
11,959,105449,24632
11,966,105678,24679
11,959,105801,24716
11,953,105900,24752
11,964,106113,24802
11,962,106326,24850
11,962,106533,24894
11,958,106691,24929
11,959,106830,24972
11,963,107073,25026
11,958,107218,25063
11,955,107376,25103
11,961,107480,25131
11,964,107631,25170
11,960,107770,25212
11,962,107903,25252
11,966,108213,25305
11,964,108346,25343
11,966,108523,25389
11,962,108735,25433
11,961,108928,25476
11,957,109107,25515
11,956,109239,25549
11,962,109468,25600
11,964,109647,25642
11,962,109842,25692
11,963,110032,25740
11,960,110168,25772
11,954,110345,25812
11,955,110460,25843
11,965,110622,25887
11,949,110774,25925
11,970,111151,25988
11,965,111486,26045
11,958,111715,26092
11,966,111844,26132
11,967,112173,26184
11,966,112274,26221
11,953,112368,26253
11,957,112514,26289
11,963,112660,26326
11,962,112768,26365
11,964,113028,26417
11,954,113115,26447
11,964,113275,26490
11,968,113517,26534
11,958,113654,26566
11,962,113783,26605
11,962,113911,26640
11,954,114021,26670
11,962,114241,26711
11,966,114411,26749
11,961,114649,26789
11,963,114796,26827
11,957,114931,26868
11,960,115088,26910
11,963,115221,26952
11,964,115381,26993
11,968,115600,27034
11,948,115677,27060
11,957,115856,27102
11,959,115987,27140
11,968,116154,27187
11,963,116352,27229
11,965,116487,27271
11,957,116592,27308
11,962,116703,27349
11,964,117005,27402
11,967,117182,27441
11,959,117335,27478
11,961,117468,27513
11,955,117578,27550
11,961,117815,27597
11,970,118012,27647
11,965,118154,27692
11,963,118321,27726
11,958,118472,27765
11,966,118709,27813
11,963,118965,27860
11,962,119116,27893
11,966,119304,27935
11,957,119481,27977
11,964,119773,28022
11,963,120013,28064
11,959,120150,28107
11,967,120325,28148
11,960,120612,28200
11,964,120759,28238
11,966,120962,28283
11,969,121126,28330
11,962,121237,28368
11,965,121346,28408
11,966,121487,28451
11,962,121656,28489
11,967,121855,28531
11,948,122047,28570
11,954,122262,28620
11,955,122419,28662
11,958,122510,28693
11,962,122694,28739
11,969,122968,28788
11,959,123065,28821
11,964,123340,28868
11,960,123544,28907
11,967,123662,28946
11,963,123879,28996
11,961,124045,29030
11,962,124173,29055
11,960,124311,29089
11,967,124486,29128
11,963,124797,29175
11,969,125019,29218
11,966,125142,29255
11,963,125309,29301
11,956,125465,29341
11,965,125649,29386
11,958,125891,29428
11,963,126094,29472
11,961,126323,29516
11,961,126645,29564
11,965,126845,29607
11,959,126997,29647
11,956,127138,29681
11,959,127315,29720
11,964,127471,29757
11,953,127564,29788
11,950,127672,29816
11,963,127814,29855
11,959,128058,29896
11,965,128222,29939
11,961,128415,29978
11,963,128611,30020
11,957,128757,30058
11,965,128865,30097
11,968,129022,30140
11,964,129224,30184
11,960,129348,30222
11,964,129504,30260
11,962,129610,30298
11,958,129754,30345
11,963,129909,30385
11,967,130141,30433
11,967,130277,30473
11,954,130403,30511
11,958,130590,30552
11,962,130810,30598
11,963,130999,30639
11,967,131348,30695
11,957,131496,30728
11,962,131597,30761
11,964,131773,30801
11,965,132033,30849
11,962,132187,30888
11,961,132381,30928
11,957,132535,30970
11,963,132647,31008
11,963,132873,31052
11,969,133083,31099
11,955,133215,31139
11,959,133314,31173
11,959,133445,31211
11,967,133610,31258
11,961,133738,31298
11,959,133883,31334
11,965,134040,31377
11,960,134203,31412
11,960,134465,31466
11,969,134739,31517
11,965,134874,31553
11,967,135032,31593
11,952,135196,31633
11,967,135487,31685
11,958,135619,31724
11,962,135902,31776
11,960,136052,31822
11,960,136218,31867
11,959,136329,31897
11,955,136456,31933
11,964,136602,31978
11,964,136799,32029
11,952,136956,32062
11,958,137063,32099
11,966,137215,32139
11,967,137457,32182
11,964,137595,32226
11,961,137757,32271
11,957,137860,32306
11,961,138066,32352
11,959,138194,32391
11,961,138340,32426
11,951,138417,32450
11,966,138692,32497
11,960,138822,32537
11,957,138996,32576
11,954,139157,32611
11,960,139320,32655
11,957,139450,32694
11,961,139580,32730
11,963,139801,32773
11,960,139919,32807
11,949,140047,32843
11,963,140165,32878
11,965,140329,32925
11,967,140441,32964
11,958,140563,33011
11,959,140674,33052
11,960,140820,33090
11,964,141008,33137
11,968,141140,33176
11,963,141428,33227
11,964,141686,33277
11,952,141833,33314
11,967,142055,33356
11,961,142441,33407
11,957,142604,33443
11,967,142755,33482
11,958,142880,33518
11,958,143029,33557
11,969,143247,33609
11,947,143373,33647
11,962,143550,33689
11,961,143772,33732
11,964,143970,33773
11,965,144256,33826
11,954,144348,33856
11,965,144486,33898
11,957,144683,33938
11,958,144941,33987
11,964,145123,34033
11,961,145292,34069
11,964,145572,34119
11,961,145740,34165
11,956,145825,34193
11,965,146025,34235
11,958,146173,34272
11,958,146308,34312
11,961,146444,34354
11,965,146638,34404
11,960,146768,34444
11,961,146895,34481
11,966,147156,34532
11,963,147277,34567
11,964,147451,34606
11,967,147754,34655
11,968,147960,34700
11,960,148082,34737
11,959,148260,34777
11,967,148423,34821
11,964,148547,34862
11,960,148724,34904
11,962,148921,34946
11,972,149153,34993
11,957,149325,35033
11,962,149533,35077
11,955,149716,35120
11,966,149908,35168
12,954,216.727,39
12,965,369.87,85
12,961,568.71,128
12,964,761.518,173
12,962,864.844,209
12,963,1061.81,248
12,960,1280.43,298
12,962,1465.83,333
12,960,1662.66,372
12,967,1801.69,412
12,962,1999.07,456
12,960,2198.45,501
12,963,2361.09,543
12,955,2500.51,582
12,967,2674.4,627
12,965,2852.21,672
12,966,3057.86,720
12,961,3272.3,758
12,963,3416.36,792
12,962,3520.06,830
12,960,3646.29,865
12,962,3803.57,908
12,968,4066.72,960
12,964,4246.23,1002
12,964,4464.77,1053
12,952,4678.03,1091
12,958,4821.78,1127
12,961,4928.26,1166
12,961,5036.61,1204
12,960,5194.12,1247
12,957,5401.11,1290
12,965,5527.85,1328
12,964,5711.47,1371
12,957,5863.64,1405
12,948,6092.16,1442
12,968,6397.75,1486
12,960,6550.46,1522
12,964,6745.04,1564
12,964,6938.31,1602
12,958,7116.82,1638
12,962,7293.57,1673
12,963,7575.56,1724
12,956,7717.14,1760
12,954,7884.54,1797
12,955,8116.85,1845
12,955,8231.18,1876
12,960,8381.61,1915
12,965,8531.68,1953
12,961,8662.23,1993
12,968,8858.94,2034
12,962,9149.36,2091
12,968,9385.47,2140
12,956,9629.16,2183
12,961,9808.78,2224
12,962,10018.5,2262
12,964,10226.6,2298
12,948,10373,2335
12,962,10475.3,2371
12,957,10637,2414
12,955,10752.2,2445
12,954,10921,2482
12,952,11029.3,2509
12,962,11194.6,2542
12,965,11446.5,2586
12,964,11594,2623
12,964,11726.5,2663
12,962,11890.8,2705
12,970,12145,2761
12,953,12270,2796
12,959,12433.7,2831
12,956,12567.9,2863
12,949,12663.1,2895
12,960,12792.2,2935
12,961,12915.6,2971
12,962,13044.7,3010
12,968,13309.4,3063
12,967,13608.8,3121
12,952,13752.8,3156
12,965,13922.2,3195
12,957,14078.5,3237
12,967,14289.7,3294
12,967,14445.3,3334
12,964,14648.6,3377
12,963,14880.5,3423
12,958,15127.6,3464
12,962,15291,3510
12,957,15469.5,3547
12,960,15593.7,3582
12,966,15870,3630
12,955,16005.3,3669
12,959,16218.7,3708
12,959,16336.4,3741
12,969,16472.8,3777
12,962,16632.6,3818
12,961,16849.8,3868
12,959,16997.1,3906
12,954,17116.8,3940
12,965,17329.8,3987
12,966,17575.4,4031
12,958,17701.9,4067
12,964,17852.1,4106
12,963,18072,4147
12,961,18250.1,4188
12,962,18487.7,4238
12,953,18593.6,4267
12,960,18715.3,4302
12,962,18873.8,4342
12,964,19076.4,4384
12,969,19273.5,4434
12,959,19426.4,4471
12,963,19579.9,4512
12,953,19697.8,4545
12,962,19904.9,4589
12,964,20096.7,4632
12,962,20247.3,4666
12,963,20429,4705
12,961,20577.6,4740
12,961,20770.8,4783
12,957,20914.1,4814
12,954,21035.3,4845
12,962,21305.3,4900
12,967,21539,4948
12,956,21634.8,4981
12,961,21781.7,5028
12,965,21958.9,5069
12,966,22125,5115
12,961,22324.6,5154
12,961,22610.5,5205
12,966,22932.3,5254
12,967,23192.3,5303
12,963,23327.5,5346
12,968,23534.9,5391
12,966,23725.9,5430
12,957,23823.6,5463
12,963,24082,5513
12,964,24179.8,5547
12,969,24470.1,5596
12,957,24624.3,5634
12,961,24829.7,5677
12,962,25094.3,5729
12,960,25347,5778
12,960,25481.8,5818
12,968,25697,5868
12,961,25964.9,5914
12,958,26064.6,5949
12,962,26176.6,5989
12,963,26327.1,6028
12,960,26449.6,6064
12,948,26647.3,6104
12,963,26811.8,6147
12,962,27121.7,6191
12,960,27272.7,6231
12,954,27360.4,6258
12,966,27467.7,6298
12,961,27571.1,6335
12,966,27844,6383
12,960,27987.9,6419
12,961,28117.4,6459
12,960,28288.9,6496
12,961,28427.8,6529
12,961,28578.3,6569
12,961,28756.2,6612
12,962,28946.7,6650
12,963,29099.3,6693
12,958,29198.9,6727
12,963,29427.4,6773
12,969,29649.3,6826
12,962,29774,6864
12,969,29966.2,6911
12,970,30061.3,6944
12,952,30242.3,6977
12,961,30398.3,7017
12,967,30533.3,7059
12,960,30707.3,7099
12,957,30842.7,7132
12,967,30965,7167
12,958,31055.3,7198
12,954,31215.2,7230
12,958,31330.4,7267
12,956,31476.4,7304
12,961,31684.4,7348
12,965,31865.1,7389
12,958,32029.1,7425
12,963,32259.6,7471
12,960,32395,7501
12,968,32607,7549
12,967,32800.7,7594
12,955,32892.7,7625
12,954,33084.1,7663
12,959,33220.8,7704
12,949,33359.5,7737
12,959,33548.1,7782
12,963,33802.5,7828
12,962,33920.5,7870
12,960,34041.7,7906
12,968,34226.7,7949
12,952,34409.2,7993
12,964,34622.5,8031
12,951,34731.2,8059
12,961,34948.7,8101
12,961,35049.6,8138
12,965,35209.5,8181
12,957,35421.2,8228
12,961,35602.6,8270
12,963,35773.9,8310
12,962,35918.4,8346
12,964,36077,8387
12,964,36337.3,8427
12,956,36442.7,8463
12,960,36603.3,8499
12,962,36792.2,8546
12,955,36926.3,8575
12,965,37189,8619
12,961,37380.4,8660
12,959,37528.7,8696
12,966,37765.9,8745
12,963,37895.3,8782
12,964,38107,8830
12,962,38230.4,8867
12,961,38405.3,8906
12,958,38592.1,8950
12,962,38723.9,8991
12,961,38882.7,9035
12,969,39073.8,9071
12,962,39194.8,9105
12,964,39349.1,9147
12,965,39551.9,9191
12,958,39796.5,9235
12,965,39898,9271
12,960,40056.7,9312
12,964,40243.6,9358
12,961,40426.6,9393
12,963,40605.7,9435
12,962,40696.6,9467
12,955,40822.6,9505
12,951,40939.9,9538
12,959,41132.8,9579
12,960,41295.4,9621
12,960,41438.6,9655
12,960,41635.7,9696
12,961,41850.6,9743
12,967,42028,9793
12,957,42126.5,9826
12,964,42364.7,9877
12,968,42609.7,9931
12,963,42740.4,9970
12,960,42888.6,10008
12,963,43185.5,10054
12,957,43277.3,10086
12,967,43606.6,10137
12,967,43953.5,10190
12,966,44176.9,10239
12,960,44318.6,10274
12,967,44453.7,10314
12,969,44730.1,10362
12,954,44913.3,10396
12,965,45089.6,10437
12,968,45209.6,10482
12,963,45377.3,10525
12,964,45567.3,10569
12,968,45739.7,10617
12,965,45891.1,10656
12,966,46129.2,10706
12,967,46289.1,10750
12,964,46468.6,10793
12,962,46619.1,10833
12,961,46810.3,10880
12,964,46927.2,10913
12,956,47051.7,10950
12,958,47160.5,10988
12,961,47427.7,11033
12,961,47574.3,11071
12,961,47692.5,11104
12,966,47844.2,11143
12,963,48090.8,11188
12,957,48245.7,11227
12,963,48348.9,11264
12,966,48487.5,11309
12,960,48612.4,11345
12,964,48715.6,11383
12,960,48921.2,11427
12,959,49092,11464
12,957,49215.3,11501
12,959,49354.5,11535
12,961,49469.5,11576
12,960,49648.1,11619
12,957,49740.2,11651
12,965,50006.7,11695
12,966,50189.3,11737
12,966,50309.6,11771
12,962,50538.9,11816
12,959,50664.9,11854
12,961,50822.3,11894
12,958,50972.9,11932
12,967,51098.6,11970
12,963,51316.6,12012
12,965,51441.9,12049
12,960,51643.9,12092
12,965,51885.1,12140
12,954,52064.1,12180
12,966,52257.2,12228
12,969,52493.9,12277
12,960,52704.8,12315
12,965,52853.1,12362
12,955,52941.4,12392
12,961,53162.9,12433
12,959,53365.3,12475
12,960,53499.9,12515
12,962,53700.4,12558
12,962,53876.4,12599
12,964,54132.1,12648
12,962,54248.1,12682
12,968,54404.7,12724
12,965,54602.7,12775
12,964,54770.9,12813
12,962,54926.1,12854
12,955,55083.9,12887
12,968,55269,12932
12,959,55498.7,12976
12,965,55630.7,13016
12,964,55758.6,13055
12,960,55970.3,13094
12,962,56181.4,13141
12,965,56341.5,13186
12,957,56499,13228
12,962,56689.3,13266
12,963,56853.4,13309
12,963,57051.8,13351
12,961,57224.6,13392
12,962,57417.6,13431
12,958,57587.1,13470
12,963,57737.4,13508
12,965,57898.9,13553
12,959,58072.6,13592
12,968,58278.9,13637
12,961,58497.8,13678
12,963,58661.2,13714
12,966,58855.3,13765
12,962,59050.2,13805
12,958,59299.2,13849
12,967,59467.4,13896
12,956,59618.5,13934
12,966,59776.6,13976
12,972,60036.9,14036
12,963,60211.3,14076
12,956,60401.3,14113
12,958,60537.2,14146
12,959,60711.7,14185
12,961,60900.9,14231
12,971,61112.7,14278
12,961,61279.2,14314
12,965,61615.6,14370
12,955,61761.9,14405
12,963,61943.6,14446
12,950,62040.6,14479
12,964,62149.7,14519
12,957,62325.6,14561
12,970,62613.5,14615
12,954,62825.7,14651
12,963,63036.9,14697
12,966,63181.8,14742
12,963,63480.7,14791
12,958,63605.1,14829
12,958,63845.3,14870
12,951,64090.4,14914
12,959,64358.3,14964
12,954,64447.4,14995
12,963,64577.2,15035
12,965,64732.6,15077
12,970,64902.2,15125
12,956,65031.2,15163
12,965,65241.6,15211
12,960,65420.4,15254
12,967,65532.8,15296
12,960,65655.5,15331
12,966,65957.2,15389
12,960,66135.9,15431
12,961,66223.2,15461
12,968,66436.3,15507
12,968,66678,15558
12,960,66855.7,15600
12,955,67012.4,15642
12,958,67121.7,15679
12,957,67309.8,15716
12,965,67553.3,15758
12,969,67860.1,15821
12,966,68105.1,15874
12,960,68284.8,15914
12,959,68436.9,15951
12,968,68623.5,15996
12,962,68774.8,16035
12,971,69115.2,16094
12,966,69294.9,16135
12,964,69392.7,16168
12,960,69605.5,16207
12,966,69734.9,16247
12,964,69887.2,16286
12,964,70024.8,16330
12,954,70116.6,16361
12,964,70433.1,16419
12,963,70623.9,16467
12,963,70814.7,16515
12,966,71056.5,16566
12,962,71161.9,16603
12,957,71277.5,16636
12,958,71444.4,16672
12,966,71682.1,16721
12,963,71839.4,16764
12,961,72064.9,16807
12,961,72292.1,16850
12,961,72421.3,16887
12,962,72529.2,16926
12,963,72643.7,16969
12,962,72823.5,17012
12,969,73151.3,17062
12,953,73275.1,17098
12,958,73430.7,17138
12,965,73556.4,17176
12,968,73741.7,17211
12,964,73952.9,17257
12,959,74073.7,17290
12,955,74207.1,17331
12,966,74376.9,17379
12,956,74572,17417
12,966,74810,17466
12,954,74978.9,17504
12,966,75230.4,17551
12,971,75494.6,17602
12,957,75616.2,17638
12,969,75761.2,17682
12,963,76027.7,17727
12,963,76212.2,17770
12,962,76376.8,17815
12,957,76496.7,17849
12,963,76647.1,17887
12,958,76918.7,17933
12,960,77047,17971
12,966,77201.8,18012
12,957,77316.8,18045
12,961,77481.7,18078
12,968,77645,18121
12,961,77797.8,18161
12,961,77982,18206
12,967,78130.5,18243
12,966,78314.5,18287
12,964,78445.1,18325
12,949,78558.5,18358
12,964,78776.4,18407
12,967,78959,18449
12,963,79116.4,18492
12,966,79267,18532
12,960,79532.1,18586
12,957,79631,18621
12,949,79795,18655
12,964,80045.1,18700
12,971,80200.3,18739
12,962,80319.2,18780
12,963,80545.9,18824
12,961,80669.3,18870
12,960,80791.4,18904
12,955,80892.1,18930
12,967,81083.9,18978
12,963,81362,19026
12,961,81581.1,19075
12,960,81774.1,19113
12,970,81982.2,19159
12,962,82081,19193
12,959,82182.5,19230
12,959,82430.3,19274
12,962,82585.4,19316
12,964,82719.8,19357
12,968,82954,19405
12,954,83084.6,19443
12,959,83227.1,19479
12,966,83321.9,19512
12,963,83517.7,19562
12,956,83616.4,19597
12,964,83725.2,19637
12,959,83888.6,19672
12,968,84061.7,19712
12,962,84265.7,19756
12,960,84420.9,19797
12,970,84789,19856
12,966,85041,19903
12,957,85146.4,19940
12,967,85393.9,19986
12,967,85576.3,20032
12,964,85773.4,20073
12,965,86012.6,20123
12,969,86370.1,20181
12,961,86513.7,20218
12,957,86694.1,20261
12,961,86842,20299
12,962,87016.7,20340
12,962,87191.5,20381
12,964,87369.1,20422
12,963,87563.1,20470
12,969,87870.4,20521
12,960,88050,20564
12,960,88197,20612
12,957,88317.2,20646
12,955,88492,20686
12,961,88625.5,20727
12,966,88727.4,20762
12,964,88936.6,20809
12,961,89111.3,20849
12,960,89241,20889
12,948,89329.7,20918
12,954,89486.8,20959
12,959,89619.5,20999
12,958,89768,21038
12,954,89897.2,21077
12,967,90160.2,21123
12,968,90350.9,21166
12,965,90548.6,21200
12,960,90769.7,21247
12,967,90955,21292
12,957,91159.8,21336
12,964,91331.9,21375
12,952,91437.4,21411
12,947,91561.1,21448
12,966,91828.7,21500
12,960,92053.4,21543
12,967,92283,21588
12,964,92563.1,21637
12,964,92754.7,21675
12,954,92966.2,21713
12,960,93087.7,21749
12,957,93222.6,21791
12,971,93349.5,21828
12,959,93583.4,21866
12,961,93778.8,21906
12,960,93894.1,21939
12,966,94107,21984
12,963,94240.1,22023
12,956,94343.1,22059
12,964,94481.6,22092
12,959,94630.9,22131
12,968,94777,22169
12,955,94937.1,22203
12,966,95077.8,22246
12,960,95251.6,22284
12,958,95330,22310
12,969,95477.8,22357
12,962,95657.1,22401
12,963,95798.9,22437
12,968,95957.2,22478
12,965,96107.2,22516
12,962,96258.8,22557
12,963,96465.3,22601
12,966,96704.2,22649
12,963,96927.3,22692
12,960,97124,22733
12,954,97274.7,22773
12,971,97526,22827
12,959,97713.5,22874
12,953,97812.9,22909
12,958,97939.5,22947
12,968,98196.5,22995
12,958,98364.3,23031
12,959,98617.5,23080
12,963,98816.7,23125
12,962,98968.5,23168
12,959,99161.4,23210
12,963,99354.3,23250
12,971,99560.6,23305
12,954,99681.3,23339
12,966,99853.1,23379
12,969,100009,23421
12,965,100161,23459
12,965,100397,23506
12,960,100551,23546
12,961,100685,23586
12,968,100991,23645
12,964,101250,23696
12,968,101524,23744
12,971,101762,23793
12,960,101878,23826
12,961,102055,23868
12,960,102197,23913
12,960,102449,23958
12,961,102642,23997
12,963,102799,24040
12,958,103045,24084
12,963,103247,24127
12,960,103433,24173
12,955,103629,24212
12,961,103785,24250
12,955,103926,24284
12,959,104043,24318
12,966,104257,24365
12,969,104414,24415
12,967,104744,24469
12,965,105039,24517
12,969,105288,24563
12,964,105578,24616
12,970,105791,24666
12,963,106067,24714
12,962,106197,24754
12,957,106323,24791
12,966,106636,24853
12,956,106784,24891
12,956,106930,24927
12,966,107115,24972
12,965,107260,25015
12,966,107474,25062
12,963,107761,25113
12,954,107902,25147
12,971,108172,25201
12,958,108369,25242
12,960,108482,25273
12,965,108595,25305
12,955,108742,25341
12,962,108902,25376
12,962,109051,25415
12,961,109182,25453
12,958,109330,25490
12,964,109480,25529
12,951,109585,25555
12,968,109749,25602
12,959,109952,25645
12,964,110182,25696
12,965,110313,25737
12,969,110490,25777
12,970,110749,25828
12,963,110905,25869
12,956,111012,25906
12,967,111130,25941
12,960,111325,25985
12,963,111563,26028
12,970,111806,26079
12,957,111920,26113
12,966,112183,26154
12,960,112361,26197
12,960,112559,26238
12,961,112713,26278
12,961,112854,26316
12,965,113053,26358
12,965,113279,26405
12,970,113469,26449
12,965,113661,26496
12,958,113764,26530
12,950,113893,26559
12,959,114007,26598
12,965,114166,26642
12,964,114363,26691
12,970,114548,26737
12,957,114738,26784
12,953,114875,26816
12,967,115109,26865
12,957,115397,26910
12,960,115509,26946
12,956,115737,26992
12,960,115853,27025
12,960,116020,27066
12,962,116247,27116
12,958,116397,27153
12,964,116634,27203
12,962,116832,27252
12,957,117000,27298
12,963,117134,27340
12,960,117270,27373
12,962,117423,27411
12,965,117563,27456
12,960,117718,27497
12,965,117847,27534
12,959,118026,27574
12,968,118286,27623
12,966,118595,27674
12,960,118679,27702
12,962,118910,27749
12,958,119009,27783
12,964,119186,27824
12,960,119360,27864
12,958,119469,27903
12,968,119670,27947
12,962,119799,27986
12,966,120038,28034
12,956,120130,28065
12,964,120312,28100
12,959,120589,28146
12,967,120815,28196
12,960,121082,28241
12,962,121203,28283
12,956,121369,28319
12,960,121517,28357
12,958,121747,28403
12,968,121904,28446
12,961,122001,28477
12,966,122287,28530
12,962,122468,28571
12,962,122662,28618
12,966,122896,28665
12,962,123068,28705
12,961,123178,28736
12,966,123344,28780
12,964,123564,28822
12,962,123722,28865
12,959,123912,28903
12,963,124134,28946
12,965,124275,28982
12,959,124468,29022
12,959,124644,29063
12,964,124819,29102
12,963,125032,29142
12,957,125236,29187
12,959,125429,29223
12,959,125645,29261
12,961,125789,29297
12,961,125960,29336
12,964,126161,29385
12,967,126322,29426
12,960,126430,29463
12,958,126552,29498
12,962,126723,29542
12,967,126863,29577
12,966,127034,29617
12,965,127135,29654
12,969,127500,29712
12,957,127632,29743
12,962,127819,29788
12,960,127959,29830
12,958,128124,29875
12,954,128268,29912
12,953,128383,29943
12,961,128532,29980
12,972,128716,30026
12,966,128846,30065
12,957,128940,30098
12,958,129183,30141
12,960,129372,30177
12,960,129551,30219
12,962,129750,30261
12,960,129925,30301
12,960,130073,30338
12,956,130230,30370
12,964,130463,30417
12,961,130643,30459
12,969,130758,30502
12,963,130923,30546
12,960,131064,30581
12,956,131189,30618
12,967,131452,30670
12,963,131667,30719
12,967,131912,30769
12,960,132060,30800
12,966,132215,30839
12,962,132328,30870
12,953,132440,30900
12,958,132555,30941
12,968,132777,30995
12,959,132977,31038
12,969,133118,31083
12,964,133267,31129
12,963,133385,31163
12,957,133477,31196
12,964,133594,31239
12,963,133756,31283
12,960,133924,31329
12,967,134107,31372
12,964,134304,31413
12,960,134493,31450
12,965,134596,31488
12,961,134705,31524
12,968,134915,31571
12,956,135025,31612
12,969,135311,31674
12,963,135460,31711
12,964,135737,31762
12,964,135922,31806
12,965,136096,31855
12,961,136284,31899
12,962,136472,31945
12,967,136730,32003
12,960,136833,32040
12,963,137023,32087
12,959,137154,32126
12,968,137302,32164
12,957,137413,32193
12,964,137610,32235
12,965,137748,32277
12,962,137880,32318
12,961,138120,32366
12,968,138389,32417
12,961,138565,32459
12,966,138808,32504
12,963,138963,32546
12,964,139269,32598
12,956,139380,32628
12,964,139510,32666
12,965,139761,32712
12,970,139863,32747
12,956,140079,32787
12,961,140222,32823
12,954,140344,32856
12,956,140471,32894
12,964,140697,32937
12,963,140929,32982
12,967,141183,33029
12,965,141406,33071
12,961,141734,33122
12,969,141983,33172
12,970,142324,33229
12,955,142522,33272
12,966,142711,33311
12,962,142903,33362
12,968,143074,33399
12,963,143261,33445
12,961,143466,33488
12,966,143662,33538
12,963,143857,33587
12,960,144099,33626
12,971,144335,33673
12,965,144549,33719
12,955,144669,33753
12,956,144815,33788
12,965,145027,33833
12,968,145232,33875
12,967,145372,33914
12,961,145486,33956
12,966,145793,34006
12,957,145974,34048
12,960,146219,34098
12,970,146479,34147
12,963,146692,34195
12,966,146891,34239
12,959,147029,34274
12,970,147382,34333
12,968,147505,34375
12,960,147769,34416
12,964,148033,34475
12,963,148213,34524
12,961,148508,34577
12,961,148694,34621
12,960,148782,34650
12,966,148959,34689
12,961,149140,34727
12,962,149320,34769
12,964,149735,34826
12,969,149982,34877
13,961,144.686,32
13,952,261.663,64
13,959,430.289,107
13,966,627.173,153
13,960,744.882,195
13,964,920.187,234
13,962,1105.88,276
13,959,1289.34,314
13,965,1518.08,365
13,961,1746.81,405
13,961,1921.61,443
13,959,2034.66,484
13,961,2146.31,514
13,963,2313.64,558
13,964,2518.03,609
13,963,2826.84,660
13,966,3021.82,707
13,971,3194.83,753
13,957,3473.47,798
13,967,3650.42,837
13,961,3768.72,869
13,963,3969.68,909
13,959,4121.05,947
13,968,4349.14,996
13,961,4680.12,1045
13,961,4896.24,1091
13,966,5126.26,1134
13,964,5358.35,1179
13,966,5575.06,1227
13,961,5699.03,1261
13,963,5897.23,1311
13,962,6086,1356
13,960,6244.5,1396
13,958,6468.5,1446
13,964,6681.08,1493
13,955,6875.23,1531
13,962,7022.29,1568
13,963,7173.43,1605
13,963,7388.01,1652
13,949,7466.8,1675
13,960,7567.52,1707
13,968,7755.13,1752
13,961,8003.98,1806
13,965,8162.56,1847
13,960,8382.76,1895
13,965,8510.59,1932
13,961,8694.63,1973
13,960,8864.71,2009
13,965,9129.05,2054
13,967,9462.14,2105
13,965,9579.82,2148
13,959,9756.09,2184
13,961,9918.74,2225
13,965,10226.3,2275
13,959,10414.5,2310
13,959,10525.6,2349
13,969,10674.8,2386
13,961,10881.7,2437
13,952,11016.9,2468
13,963,11213.5,2516
13,957,11373.8,2555
13,964,11481.1,2593
13,950,11572.9,2623
13,968,11732.9,2663
13,969,12054.3,2715
13,961,12242.9,2760
13,965,12476.1,2809
13,963,12693.9,2857
13,958,12951.9,2904
13,960,13206.1,2950
13,965,13385.1,2988
13,964,13605.8,3035
13,965,13736.1,3072
13,963,13930.9,3117
13,962,14151.8,3157
13,967,14302,3196
13,965,14497.9,3245
13,955,14878.3,3297
13,970,15170.8,3356
13,949,15289.3,3390
13,961,15426,3429
13,964,15584.5,3471
13,964,15695.3,3511
13,961,15887.1,3557
13,963,16040.3,3601
13,961,16160.1,3635
13,961,16323.6,3676
13,961,16525,3718
13,958,16728.4,3769
13,962,16870.5,3812
13,953,16983.5,3842
13,957,17148.7,3877
13,965,17371.9,3928
13,955,17453.7,3954
13,957,17670.5,3992
13,955,17768.4,4025
13,965,17904.2,4065
13,960,18008,4101
13,964,18152.2,4142
13,959,18300.9,4179
13,969,18499.3,4226
13,960,18708.5,4268
13,956,18925.2,4316
13,963,19100,4355
13,962,19332.1,4400
13,968,19551.7,4449
13,961,19770.8,4488
13,964,19943.5,4526
13,965,20135.9,4570
13,963,20316,4618
13,951,20513.1,4657
13,964,20770,4711
13,950,20871.4,4745
13,961,21258.1,4802
13,962,21490,4845
13,962,21579.7,4876
13,963,21766.5,4929
13,953,21863.6,4962
13,954,22042,5001
13,959,22204.3,5040
13,962,22304,5075
13,955,22462.1,5111
13,965,22676.9,5154
13,963,22892.9,5201
13,960,23021.2,5238
13,955,23291.9,5281
13,967,23501.9,5324
13,963,23665,5366
13,960,23758.3,5398
13,969,24037,5454
13,964,24226.5,5499
13,955,24355.5,5537
13,957,24541,5579
13,961,24766.6,5622
13,955,24864.6,5656
13,965,25059.4,5695
13,967,25263.6,5738
13,956,25388,5770
13,964,25565.4,5810
13,957,25659.7,5843
13,964,25760.5,5877
13,954,25876.8,5910
13,955,26068.9,5955
13,959,26289.1,6003
13,955,26491.2,6043
13,962,26807.2,6095
13,956,26894.6,6124
13,954,27104.8,6168
13,960,27211.9,6205
13,958,27376,6239
13,961,27625.2,6282
13,961,27921.9,6333
13,966,28059.5,6374
13,963,28195.2,6413
13,954,28359,6454
13,961,28535.6,6493
13,967,28808.7,6537
13,964,28964,6587
13,962,29098.4,6627
13,965,29441.3,6683
13,966,29601.3,6726
13,956,29868,6776
13,958,30005.2,6816
13,962,30155,6860
13,965,30256.5,6896
13,963,30473.4,6942
13,969,30676.6,6984
13,957,30813,7024
13,964,31036.9,7071
13,970,31147,7109
13,954,31323.6,7150
13,963,31539.7,7196
13,959,31631.4,7227
13,961,31812.8,7269
13,963,32091.7,7316
13,964,32330.2,7363
13,962,32469.2,7405
13,961,32646.3,7444
13,965,32881,7491
13,962,33059,7538
13,964,33231,7576
13,960,33429.6,7616
13,956,33571.3,7651
13,962,33733.3,7693
13,963,33878,7728
13,966,34066.6,7763
13,963,34280.9,7808
13,971,34551.6,7860
13,969,34726.4,7899
13,966,35035.9,7950
13,969,35230.8,7996
13,953,35320.8,8026
13,961,35531.6,8071
13,961,35683.2,8110
13,965,35927.4,8159
13,961,36143.1,8205
13,959,36260.1,8235
13,964,36445.5,8278
13,967,36646.2,8319
13,968,36865,8368
13,963,37086.9,8410
13,966,37289.5,8460
13,961,37525.7,8506
13,956,37624.3,8540
13,961,37858.1,8585
13,962,38003.8,8621
13,963,38207.6,8671
13,958,38388.1,8718
13,959,38586.6,8759
13,958,38707.9,8794
13,952,38880.2,8832
13,958,39001.6,8875
13,955,39149,8911
13,959,39432.1,8960
13,961,39604,8999
13,957,39757.7,9038
13,959,40033.2,9084
13,961,40161.9,9123
13,959,40348.8,9166
13,961,40570.1,9215
13,966,40698.8,9253
13,966,40883.3,9296
13,958,41073.4,9341
13,956,41254.2,9383
13,967,41432.7,9423
13,956,41576.7,9458
13,958,41696.9,9491
13,959,41882.3,9535
13,954,42040.3,9576
13,957,42228.1,9610
13,967,42370.3,9654
13,957,42571.4,9695
13,963,42711.8,9728
13,965,42951.8,9778
13,961,43059.5,9817
13,961,43375.6,9868
13,961,43559.4,9911
13,958,43674.6,9942
13,950,43787.6,9971
13,957,44066.4,10018
13,964,44220.7,10056
13,960,44337,10089
13,962,44611.3,10141
13,956,44725.4,10171
13,955,44853.3,10207
13,962,44999.8,10244
13,958,45081.8,10271
13,964,45259.8,10320
13,961,45397.5,10361
13,960,45545.3,10398
13,963,45678.8,10437
13,960,45809.8,10474
13,963,46066.4,10520
13,966,46238.2,10558
13,963,46425.8,10603
13,954,46531.2,10640
13,960,46695.8,10683
13,964,47087.6,10739
13,963,47223.8,10781
13,953,47380.9,10820
13,969,47558,10869
13,959,47744.7,10913
13,959,47949.1,10953
13,963,48096.2,10990
13,963,48256.4,11030
13,965,48409.7,11067
13,967,48611.9,11108
13,966,48716.7,11135
13,958,48834.6,11177
13,961,49020,11213
13,963,49195.5,11251
13,967,49371.2,11299
13,965,49525,11338
13,957,49607.7,11363
13,964,49742.9,11402
13,960,49880.6,11443
13,968,50047.2,11483
13,962,50276.8,11526
13,954,50434.1,11566
13,963,50653.8,11615
13,962,50934.9,11664
13,967,51075.8,11703
13,966,51270.7,11751
13,963,51540.1,11802
13,957,51630.9,11833
13,968,51845.8,11879
13,960,52088.9,11923
13,950,52178.8,11951
13,967,52384.1,11994
13,956,52568.9,12038
13,963,52696.7,12075
13,956,52814.2,12107
13,962,52920.8,12146
13,960,53034.1,12186
13,963,53240.4,12228
13,952,53359.1,12262
13,966,53737.6,12321
13,957,53876.6,12363
13,965,54096.6,12403
13,963,54274.2,12446
13,967,54512.9,12492
13,968,54744.8,12546
13,948,54839,12575
13,962,54990.6,12614
13,957,55240,12656
13,959,55419.8,12696
13,959,55577.4,12736
13,962,55703.5,12772
13,959,55827,12808
13,966,56023,12855
13,966,56217.3,12901
13,962,56402.9,12948
13,955,56538.1,12986
13,964,56661.7,13022
13,966,56779,13062
13,967,56963,13104
13,970,57237.6,13159
13,962,57454,13205
13,959,57691.3,13250
13,959,57787.1,13281
13,960,57943.6,13322
13,967,58141.4,13370
13,967,58332.5,13414
13,972,58562.3,13455
13,966,58752.9,13501
13,958,58969.7,13547
13,956,59136.9,13581
13,946,59277.9,13613
13,963,59457.3,13653
13,966,59688.9,13705
13,964,59849,13748
13,956,59996.1,13785
13,961,60133.4,13824
13,961,60420.3,13876
13,953,60535,13906
13,965,60621.3,13934
13,958,60757.8,13971
13,966,61006.4,14023
13,963,61138.9,14062
13,962,61334.3,14101
13,958,61416.2,14128
13,962,61643.1,14170
13,960,61798.5,14208
13,967,61921.3,14243
13,958,62035.5,14273
13,962,62423.9,14330
13,962,62546.9,14366
13,950,62662.9,14398
13,968,62823.6,14437
13,959,62999.2,14476
13,962,63127.2,14513
13,964,63359.8,14559
13,964,63579.1,14607
13,959,63713.4,14647
13,962,63846.6,14684
13,966,64031.7,14728
13,961,64177.1,14764
13,966,64317.6,14805
13,964,64499.3,14847
13,958,64691.2,14884
13,971,64867,14932
13,961,65045.9,14974
13,954,65179.7,15014
13,960,65285.4,15050
13,963,65450.1,15084
13,968,65596.9,15129
13,962,65861.2,15179
13,966,66004,15218
13,961,66144.2,15261
13,957,66373.4,15304
13,960,66502.8,15340
13,963,66668.4,15374
13,961,66861.7,15419
13,962,67059.2,15466
13,963,67223.7,15501
13,960,67326.3,15537
13,962,67532.6,15580
13,969,67689.6,15625
13,961,67836.4,15666
13,965,68014.7,15715
13,956,68118.5,15747
13,962,68317.6,15786
13,961,68576.1,15835
13,967,68708.4,15873
13,966,68979.9,15922
13,960,69234.4,15966
13,969,69496.3,16013
13,962,69666.5,16050
13,958,69815.9,16093
13,965,69994.5,16133
13,949,70119.7,16169
13,954,70266.5,16203
13,964,70481.7,16249
13,963,70720.9,16296
13,963,70880.6,16337
13,970,71125.4,16388
13,964,71292.2,16430
13,950,71452.6,16467
13,961,71586.6,16507
13,964,71746.5,16550
13,961,71898.8,16588
13,966,72191.6,16642
13,964,72320.9,16674
13,955,72568,16714
13,961,72743.4,16762
13,958,73019.2,16809
13,960,73124.7,16845
13,959,73342.7,16890
13,958,73507.7,16925
13,960,73778.8,16969
13,965,74053.4,17014
13,963,74216.4,17056
13,962,74375.3,17096
13,959,74520.7,17141
13,965,74692.3,17189
13,965,74825.5,17228
13,967,74951.1,17265
13,960,75154.6,17308
13,959,75284,17347
13,959,75474.5,17388
13,970,75636.6,17430
13,963,75923.9,17482
13,970,76111.2,17525
13,954,76263.9,17560
13,969,76487.6,17608
13,962,76591.2,17644
13,962,76762.9,17691
13,959,76886,17725
13,961,77071.7,17769
13,958,77214.3,17805
13,959,77333,17834
13,964,77441.5,17873
13,961,77620.6,17914
13,962,77811.6,17958
13,961,77995.6,17998
13,968,78213.5,18046
13,961,78357.4,18080
13,959,78503.5,18125
13,962,78750.3,18166
13,966,78970.6,18215
13,968,79141.5,18258
13,966,79334.7,18305
13,957,79449.2,18344
13,958,79546.7,18378
13,966,79741.8,18423
13,968,79898.5,18462
13,966,80138,18510
13,966,80335.1,18558
13,961,80462.2,18595
13,964,80727.4,18645
13,959,80891.1,18686
13,967,81142.4,18731
13,965,81359,18780
13,959,81486.3,18817
13,954,81660.7,18856
13,972,81926.8,18914
13,963,82158,18969
13,964,82433,19025
13,962,82540.6,19061
13,960,82678.8,19093
13,958,82808.6,19129
13,958,82923.3,19169
13,967,83103.2,19211
13,971,83306.5,19263
13,967,83491,19305
13,964,83714.7,19345
13,960,83934,19394
13,959,84109.3,19428
13,959,84290.8,19468
13,960,84460.5,19504
13,968,84581.7,19539
13,959,84799.9,19579
13,964,84955.3,19629
13,964,85158.9,19669
13,963,85319.5,19710
13,958,85453.5,19741
13,956,85577.1,19776
13,964,85862.5,19826
13,960,85975.3,19867
13,959,86163.1,19908
13,964,86320.9,19949
13,960,86578.4,19991
13,958,86814.1,20037
13,957,87031.5,20083
13,967,87220.8,20125
13,961,87327.8,20162
13,964,87486.7,20204
13,965,87707.5,20250
13,958,87907.9,20291
13,960,88100.3,20326
13,966,88362.3,20378
13,960,88578.4,20417
13,969,88704.1,20454
13,959,88817.2,20492
13,959,89073.7,20538
13,951,89215.7,20571
13,966,89384.5,20618
13,964,89624,20666
13,965,89924.7,20722
13,966,90127.4,20773
13,969,90348.7,20822
13,963,90559.3,20867
13,961,90680.1,20902
13,963,90840.6,20944
13,961,91078.9,20992
13,957,91221.7,21034
13,958,91354.3,21070
13,956,91492.8,21102
13,958,91603.6,21140
13,959,91733.5,21179
13,967,92001.2,21229
13,969,92240.3,21281
13,960,92342.2,21317
13,960,92522.3,21353
13,963,92653.6,21390
13,966,92839.6,21434
13,959,92993.8,21474
13,956,93087.6,21506
13,960,93217.5,21543
13,961,93448.4,21588
13,960,93631.9,21629
13,963,93858.1,21672
13,957,93979.7,21707
13,961,94144.2,21748
13,960,94301.3,21789
13,968,94536.2,21844
13,965,94700.2,21888
13,966,95001.1,21945
13,969,95201,21995
13,963,95389.3,22031
13,959,95537,22067
13,961,95641.5,22103
13,966,95823.1,22150
13,963,95979.2,22189
13,950,96113.4,22220
13,959,96347.7,22275
13,962,96474.5,22313
13,966,96662.2,22357
13,969,97053.6,22424
13,964,97221.6,22470
13,971,97361.3,22513
13,966,97563.5,22554
13,958,97913.1,22603
13,967,98113.3,22645
13,962,98220.9,22683
13,958,98341.4,22717
13,959,98460.9,22751
13,956,98605.6,22787
13,959,98784.1,22826
13,963,98978.1,22870
13,964,99260.4,22919
13,964,99396.2,22958
13,963,99613,23007
13,958,99777.9,23042
13,967,100075,23095
13,957,100270,23130
13,963,100451,23170
13,957,100610,23211
13,963,100822,23256
13,961,100952,23293
13,970,101188,23350
13,955,101324,23382
13,967,101610,23430
13,963,101841,23475
13,954,101961,23508
13,961,102130,23543
13,960,102288,23584
13,962,102472,23626
13,951,102564,23657
13,961,102691,23694
13,963,102878,23739
13,960,102974,23772
13,955,103053,23797
13,961,103265,23843
13,965,103524,23889
13,964,103733,23943
13,956,103905,23981
13,965,104157,24025
13,961,104333,24065
13,960,104493,24099
13,965,104804,24156
13,965,104989,24200
13,954,105149,24232
13,958,105287,24270
13,967,105527,24322
13,962,105650,24363
13,964,105851,24403
13,967,106023,24451
13,954,106187,24484
13,954,106318,24521
13,963,106682,24575
13,959,106846,24609
13,957,107012,24643
13,960,107226,24689
13,960,107383,24728
13,961,107504,24772
13,970,107623,24806
13,961,107855,24850
13,954,108004,24884
13,958,108221,24922
13,963,108463,24968
13,963,108628,25012
13,966,108799,25059
13,967,108992,25098
13,960,109164,25136
13,962,109300,25177
13,966,109516,25230
13,965,109757,25279
13,962,109994,25326
13,951,110091,25355
13,956,110262,25388
13,964,110420,25428
13,960,110548,25466
13,966,110663,25506
13,965,110799,25547
13,966,111044,25597
13,969,111171,25633
13,971,111481,25684
13,968,111619,25727
13,961,111810,25764
13,961,112032,25812
13,958,112240,25855
13,968,112476,25901
13,959,112582,25936
13,954,112689,25965
13,960,112893,26006
13,962,113198,26054
13,961,113336,26087
13,957,113514,26127
13,962,113784,26168
13,958,113925,26208
13,966,114070,26252
13,965,114269,26293
13,959,114360,26322
13,958,114537,26361
13,967,114679,26403
13,955,114794,26435
13,961,114977,26477
13,962,115113,26525
13,968,115286,26564
13,961,115436,26602
13,966,115661,26650
13,957,115810,26683
13,963,116013,26731
13,962,116303,26776
13,955,116458,26812
13,953,116586,26847
13,963,116777,26891
13,957,116943,26929
13,955,117076,26957
13,959,117171,26989
13,957,117306,27026
13,956,117411,27060
13,965,117625,27108
13,964,117720,27140
13,958,117848,27173
13,967,118002,27213
13,957,118171,27257
13,950,118271,27289
13,964,118447,27329
13,955,118599,27369
13,965,118779,27410
13,960,118935,27448
13,952,119099,27492
13,961,119280,27533
13,957,119468,27577
13,969,119766,27631
13,966,119983,27678
13,960,120115,27718
13,955,120226,27748
13,956,120409,27791
13,962,120532,27826
13,959,120634,27863
13,960,120821,27906
13,957,120972,27944
13,971,121247,27989
13,962,121560,28042
13,962,121739,28082
13,959,121916,28121
13,967,122115,28168
13,959,122264,28204
13,960,122469,28245
13,958,122639,28283
13,954,122756,28316
13,965,122877,28359
13,964,123115,28407
13,963,123210,28440
13,966,123366,28479
13,957,123445,28505
13,960,123541,28538
13,959,123648,28577
13,962,123771,28611
13,961,124043,28665
13,959,124211,28704
13,964,124437,28757
13,961,124595,28798
13,957,124740,28833
13,965,125006,28885
13,962,125123,28919
13,959,125293,28962
13,956,125515,29001
13,969,125695,29052
13,967,125876,29093
13,966,126072,29142
13,956,126182,29182
13,965,126328,29224
13,968,126485,29264
13,956,126605,29298
13,965,126785,29349
13,967,126954,29394
13,960,127076,29429
13,952,127225,29467
13,959,127388,29509
13,960,127522,29549
13,968,127787,29609
13,964,127948,29652
13,963,128063,29684
13,965,128315,29736
13,960,128497,29777
13,957,128663,29810
13,971,128890,29864
13,962,129175,29914
13,962,129316,29958
13,961,129504,30000
13,966,129680,30048
13,962,129841,30090
13,967,129995,30130
13,966,130167,30168
13,956,130274,30204
13,964,130556,30252
13,959,130656,30285
13,956,130755,30319
13,963,130939,30362
13,958,131051,30393
13,966,131239,30439
13,959,131359,30473
13,954,131544,30515
13,957,131641,30549
13,963,131958,30600
13,961,132085,30638
13,962,132227,30681
13,961,132389,30723
13,953,132484,30756
13,967,132731,30806
13,968,132995,30854
13,961,133184,30898
13,969,133427,30949
13,965,133598,30997
13,955,133764,31029
13,962,133965,31069
13,959,134079,31109
13,963,134415,31162
13,969,134652,31201
13,960,134879,31253
13,964,135120,31301
13,967,135250,31340
13,952,135357,31369
13,961,135492,31408
13,960,135710,31447
13,964,136013,31493
13,964,136271,31538
13,963,136369,31571
13,959,136620,31616
13,960,136735,31646
13,965,136896,31688
13,969,137059,31732
13,956,137210,31770
13,957,137426,31809
13,965,137561,31850
13,964,137694,31888
13,963,137834,31929
13,957,138000,31972
13,966,138139,32012
13,964,138336,32058
13,967,138469,32097
13,969,138657,32142
13,957,138834,32182
13,960,139041,32226
13,967,139250,32270
13,960,139417,32306
13,968,139622,32350
13,957,139766,32386
13,960,139872,32421
13,962,140053,32463
13,962,140201,32500
13,967,140472,32553
13,967,140618,32590
13,963,140708,32619
13,964,140826,32653
13,967,141157,32702
13,962,141309,32751
13,964,141506,32789
13,964,141646,32833
13,960,141781,32864
13,963,141904,32900
13,960,142053,32934
13,961,142187,32973
13,958,142353,33019
13,950,142487,33050
13,955,142587,33083
13,962,142742,33124
13,960,142980,33171
13,958,143121,33203
13,965,143252,33242
13,962,143441,33287
13,966,143677,33335
13,969,143928,33389
13,958,144141,33427
13,965,144326,33470
13,962,144423,33504
13,964,144538,33544
13,964,144728,33590
13,960,145069,33637
13,951,145203,33675
13,967,145541,33727
13,967,145711,33775
13,964,145906,33824
13,956,146089,33865
13,958,146200,33902
13,958,146360,33943
13,959,146486,33980
13,960,146595,34008
13,958,146692,34042
13,957,146897,34084
13,957,147047,34121
13,965,147188,34164
13,963,147363,34203
13,960,147498,34242
13,961,147674,34283
13,964,147816,34317
13,960,147981,34362
13,967,148253,34413
13,962,148488,34458
13,965,148696,34500
13,958,148973,34554
13,963,149209,34601
13,960,149442,34645
13,957,149605,34687
13,959,149731,34723
13,966,149975,34773
14,958,161.687,36
14,959,341.232,76
14,958,528.683,118
14,965,765.763,164
14,964,936.437,209
14,960,1133.76,249
14,964,1236.84,284
14,968,1583.06,340
14,962,1803.03,389
14,966,2017.6,436
14,965,2153.6,485
14,961,2385.74,528
14,960,2543.99,567
14,962,2746.08,607
14,956,2951.62,647
14,968,3068.64,690
14,969,3208.89,732
14,953,3303.57,764
14,962,3535.96,808
14,961,3788.39,852
14,962,4071.95,902
14,962,4327.82,955
14,963,4483.17,995
14,962,4599.87,1033
14,963,4853.2,1082
14,953,4952.31,1115
14,963,5251.26,1168
14,959,5450.71,1208
14,961,5644.1,1256
14,965,5878.99,1299
14,965,6115.2,1347
14,959,6271.63,1380
14,959,6386.79,1414
14,961,6599.74,1462
14,965,6887.96,1516
14,962,7121.27,1559
14,964,7309.83,1601
14,961,7489.86,1636
14,967,7696.16,1680
14,962,7822.86,1716
14,963,7985.37,1758
14,958,8172.33,1790
14,968,8445.39,1842
14,969,8763.36,1897
14,961,8899.14,1936
14,969,9071.1,1984
14,959,9196.15,2021
14,961,9450.76,2067
14,962,9602.2,2105
14,961,9748.46,2140
14,967,9883.45,2182
14,964,10132.5,2233
14,968,10244.8,2274
14,961,10370.9,2308
14,966,10600,2351
14,962,10866.2,2402
14,961,11072.7,2444
14,960,11246.9,2489
14,964,11396.5,2525
14,961,11589.8,2573
14,964,11700.9,2614
14,968,11903.8,2663
14,957,12062.6,2703
14,967,12291.4,2747
14,958,12460.1,2790
14,970,12910,2854
14,963,13007.3,2888
14,965,13221.8,2937
14,959,13384.2,2978
14,967,13595.7,3023
14,958,13730,3062
14,964,13920.5,3108
14,967,14150.8,3163
14,955,14267.7,3195
14,950,14402.8,3234
14,960,14557.6,3273
14,969,14801.8,3315
14,960,14913.6,3353
14,956,15026.5,3384
14,959,15205.2,3423
14,962,15337,3461
14,963,15470.2,3500
14,966,15631.7,3542
14,961,15951.6,3597
14,965,16092.2,3631
14,968,16326.9,3684
14,957,16429.6,3718
14,960,16614.6,3760
14,966,16806.4,3807
14,944,16934.6,3845
14,962,17041.7,3882
14,960,17242,3923
14,959,17423.6,3964
14,972,17587.4,4008
14,963,17816.4,4051
14,966,17943.1,4096
14,966,18157.6,4134
14,957,18288.6,4172
14,963,18411.6,4211
14,959,18656.3,4260
14,963,18806.3,4298
14,963,19122,4349
14,956,19297.8,4389
14,966,19428.1,4428
14,956,19555.2,4464
14,972,19767.2,4508
14,966,19878.4,4548
14,962,20036.6,4588
14,962,20200.2,4630
14,963,20349.7,4677
14,961,20480.4,4716
14,963,20686.4,4766
14,966,20863.1,4814
14,960,21105.4,4862
14,957,21245.8,4904
14,963,21441.6,4951
14,961,21652.4,4998
14,966,21934.8,5054
14,966,22283.1,5110
14,968,22501.9,5159
14,966,22681.3,5200
14,954,22803.5,5234
14,961,22917.1,5273
14,960,23018.3,5309
14,965,23225.9,5352
14,959,23375.5,5388
14,955,23534.8,5430
14,964,23728.1,5469
14,963,23903,5507
14,955,24087.1,5549
14,964,24207.1,5582
14,963,24389.3,5625
14,964,24561,5672
14,961,24693.5,5712
14,966,24886.3,5758
14,964,25046,5800
14,953,25254,5835
14,962,25404.3,5872
14,955,25512.4,5901
14,960,25710.3,5939
14,960,25861.1,5976
14,960,26046.6,6019
14,963,26317.7,6072
14,961,26437.4,6106
14,956,26553.8,6138
14,962,26778.4,6188
14,962,27008.2,6232
14,968,27206.4,6281
14,963,27422.3,6328
14,967,27601.3,6368
14,966,27821.2,6418
14,964,28070.4,6468
14,961,28227,6506
14,960,28474.7,6547
14,962,28640,6581
14,965,28759,6624
14,970,28971.6,6671
14,962,29168.9,6720
14,965,29392.9,6763
14,965,29584.1,6811
14,961,29688,6848
14,961,29840.4,6886
14,961,30054.7,6933
14,955,30206,6971
14,963,30323,7012
14,963,30454.9,7051
14,954,30554.3,7086
14,968,30680.5,7123
14,966,30830.8,7162
14,960,31056.4,7204
14,964,31253.1,7252
14,961,31377.1,7286
14,964,31466.2,7316
14,965,31590.7,7351
14,958,31788.6,7391
14,967,32087.2,7438
14,963,32243.6,7477
14,954,32370.8,7512
14,962,32540.9,7549
14,960,32686,7595
14,965,32867.3,7635
14,959,32982,7665
14,963,33138.7,7707
14,959,33223.6,7735
14,962,33361.2,7775
14,955,33576.7,7824
14,967,33818.5,7874
14,958,33974.9,7905
14,966,34120.3,7948
14,957,34374.3,7993
14,966,34604.4,8037
14,953,34725,8070
14,965,34975.6,8124
14,960,35185.3,8169
14,967,35414.2,8213
14,964,35675.1,8272
14,957,35885.5,8307
14,958,36087.8,8346
14,964,36252,8389
14,958,36348.8,8420
14,959,36496,8456
14,964,36779.1,8503
14,953,36951.3,8542
14,961,37213,8591
14,951,37358.1,8627
14,959,37610.9,8672
14,959,37743.2,8712
14,962,37892.4,8758
14,964,38016.2,8802
14,961,38233.2,8850
14,967,38483,8903
14,964,38694.6,8949
14,961,38824.9,8987
14,971,39029,9031
14,962,39218.3,9078
14,958,39340,9113
14,953,39428,9143
14,960,39633.7,9186
14,956,39855.1,9234
14,962,40073.6,9282
14,966,40326.5,9336
14,966,40512.8,9381
14,964,40748.4,9418
14,962,40985.1,9466
14,963,41156.4,9504
14,957,41313.1,9543
14,965,41607.6,9595
14,967,41842.4,9640
14,960,42006.7,9674
14,965,42144.5,9717
14,964,42279.4,9755
14,961,42463.2,9796
14,965,42622.9,9838
14,969,42780,9877
14,967,43054,9931
14,965,43248.8,9979
14,967,43399.3,10017
14,966,43707.2,10068
14,963,43904.1,10114
14,966,44052,10151
14,960,44181.1,10189
14,961,44364.4,10231
14,963,44454.3,10261
14,960,44590.6,10293
14,964,44803.3,10337
14,966,44964.2,10377
14,964,45105.5,10411
14,968,45280.8,10462
14,966,45484.7,10499
14,962,45657.7,10537
14,961,45865.2,10580
14,968,46047.8,10621
14,958,46242.1,10659
14,962,46522.9,10717
14,962,46781,10765
14,971,47018.1,10812
14,959,47213.6,10851
14,966,47337.9,10896
14,962,47477.8,10937
14,964,47611.6,10977
14,961,47735.9,11012
14,961,47893.2,11052
14,966,48112.2,11101
14,962,48308.7,11140
14,958,48429,11175
14,963,48645.7,11213
14,968,48934.4,11263
14,958,49100.6,11306
14,957,49331.8,11348
14,961,49477.9,11384
14,957,49579.9,11416
14,964,49701.1,11451
14,954,49879,11490
14,961,50049.2,11526
14,961,50233.1,11569
14,969,50491.2,11625
14,972,50745.4,11679
14,957,50897.1,11715
14,960,51028.4,11754
14,959,51130.3,11789
14,960,51386,11843
14,965,51541.9,11882
14,965,51863.6,11936
14,966,52157.5,11989
14,966,52334.4,12030
14,952,52479.7,12066
14,965,52714.6,12113
14,965,52887,12161
14,964,53079.7,12208
14,963,53274.5,12256
14,960,53439.2,12298
14,967,53673.4,12345
14,966,53863.8,12389
14,952,53994,12426
14,960,54168.7,12465
14,962,54305,12503
14,957,54437.2,12542
14,968,54555.2,12586
14,962,54775.5,12626
14,960,54878.1,12662
14,952,55013.1,12693
14,958,55157.7,12728
14,964,55371.2,12772
14,964,55621.4,12815
14,963,55901.4,12862
14,962,56223.9,12919
14,963,56403.2,12961
14,961,56645.2,12999
14,966,56887.1,13048
14,958,56977.3,13079
14,967,57309,13139
14,960,57507.1,13188
14,966,57796.7,13239
14,958,57951.6,13278
14,961,58141,13324
14,958,58306.9,13359
14,958,58468.5,13400
14,959,58602.9,13440
14,969,58859.3,13483
14,959,59135.3,13529
14,962,59268.1,13569
14,960,59542.5,13611
14,965,59727.9,13651
14,966,59918.8,13695
14,966,60081.2,13737
14,952,60174.7,13769
14,962,60398,13820
14,961,60523,13857
14,965,60751.4,13900
14,956,60846.4,13932
14,964,60969.8,13968
14,962,61118.2,14004
14,962,61290.3,14052
14,964,61473.7,14094
14,963,61764.9,14147
14,967,61872.5,14185
14,967,62084,14228
14,962,62255.8,14274
14,960,62463,14316
14,953,62578.3,14346
14,956,62697.6,14379
14,965,62932.6,14425
14,970,63091.1,14476
14,965,63238.7,14511
14,966,63463.7,14552
14,967,63646.2,14604
14,967,63827,14644
14,961,64036,14687
14,966,64159.3,14723
14,966,64341,14765
14,961,64546.6,14807
14,949,64694.6,14843
14,965,64827.8,14882
14,964,65073.6,14924
14,960,65167.8,14956
14,965,65355.9,15000
14,959,65493,15041
14,962,65599.8,15080
14,956,65709.9,15108
14,956,65876.9,15143
14,964,66019.7,15187
14,960,66101,15212
14,965,66254.1,15261
14,962,66406.6,15297
14,960,66591,15332
14,958,66689,15366
14,961,66952.5,15415
14,963,67162,15461
14,964,67357.4,15509
14,962,67578.6,15550
14,963,67707.7,15588
14,960,67866.2,15628
14,960,68041.4,15665
14,962,68250.3,15711
14,955,68345.7,15743
14,965,68547.8,15782
14,969,68929.8,15836
14,963,69087.2,15875
14,965,69299.7,15920
14,967,69646.3,15977
14,963,69829.9,16021
14,961,70051.6,16069
14,957,70165.2,16107
14,964,70330.5,16152
14,954,70414.1,16180
14,966,70613.8,16221
14,965,70912.8,16275
14,959,71032.1,16309
14,968,71229.5,16347
14,972,71382.8,16395
14,957,71529.2,16431
14,959,71659.3,16470
14,959,71821.6,16511
14,961,72003.1,16562
14,965,72253.8,16615
14,965,72449.4,16660
14,959,72600.1,16698
14,965,72796.6,16737
14,963,73055.1,16795
14,961,73314.2,16851
14,962,73538.2,16892
14,955,73692.6,16930
14,954,73795.1,16966
14,962,74006.2,17009
14,960,74238.5,17061
14,965,74445.8,17104
14,972,74723.3,17159
14,958,74848.6,17195
14,960,74943.4,17226
14,962,75150.5,17268
14,957,75293.6,17301
14,962,75407.7,17338
14,955,75548.8,17370
14,959,75634.2,17397
14,967,75819.9,17440
14,957,76013.4,17484
14,966,76212.6,17529
14,964,76346.6,17569
14,964,76642.9,17621
14,965,76771,17659
14,967,76979.4,17713
14,962,77144.9,17759
14,972,77532.3,17827
14,962,77777.3,17877
14,966,77937,17916
14,960,78238.8,17961
14,964,78353.9,17999
14,961,78557.3,18044
14,960,78839.7,18090
14,963,78975.6,18132
14,971,79142.9,18175
14,957,79292,18212
14,962,79516,18264
14,966,79691.3,18314
14,957,79788.5,18348
14,966,79949.8,18391
14,954,80071.1,18425
14,961,80233.5,18466
14,961,80392.6,18506
14,965,80806.7,18567
14,966,81071.2,18616
14,961,81195.4,18652
14,959,81383,18697
14,959,81512.1,18735
14,959,81741.4,18787
14,962,81941.9,18825
14,952,82104,18865
14,961,82268.5,18909
14,962,82403.6,18950
14,956,82547.5,18984
14,956,82696.7,19021
14,960,82908.9,19065
14,966,83191.9,19115
14,966,83366,19154
14,964,83576.4,19200
14,964,83772.8,19248
14,963,83909.9,19289
14,956,84115.5,19331
14,966,84265.3,19379
14,961,84476.5,19413
14,959,84600.8,19448
14,961,84764.6,19483
14,957,84940.1,19521
14,960,85077.6,19563
14,959,85235.7,19605
14,961,85377.3,19645
14,967,85547.7,19690
14,959,85699.3,19727
14,959,85880.9,19773
14,958,86122.6,19821
14,957,86295.7,19860
14,966,86511.2,19907
14,960,86631.7,19942
14,956,86897.9,19992
14,962,87131.2,20036
14,963,87342.6,20082
14,960,87611.5,20125
14,962,87791,20164
14,963,87952.4,20207
14,962,88146.7,20252
14,965,88368.4,20292
14,964,88570.4,20341
14,954,88721.2,20379
14,970,88881.1,20421
14,961,89041.4,20461
14,964,89176.9,20501
14,964,89358.5,20543
14,958,89585.4,20586
14,963,89808.2,20628
14,970,90101,20679
14,962,90420.8,20730
14,965,90696.5,20782
14,958,90906.3,20822
14,955,91098.3,20863
14,959,91214.8,20901
14,967,91410.8,20947
14,964,91598.6,20990
14,967,91821.3,21039
14,958,92064.2,21085
14,958,92215.9,21132
14,962,92344.9,21167
14,967,92587.5,21218
14,965,92898,21267
14,958,93085.4,21302
14,960,93295.7,21347
14,957,93414.9,21376
14,963,93578.5,21420
14,960,93817.4,21469
14,964,93999.2,21511
14,960,94146.8,21549
14,964,94391.7,21598
14,965,94544.4,21638
14,966,94658.9,21679
14,969,94810.4,21717
14,963,95006.8,21756
14,964,95173.2,21792
14,962,95346.7,21831
14,963,95482.1,21866
14,962,95654.8,21904
14,956,95766.2,21934
14,963,95967.8,21981
14,959,96148.7,22020
14,959,96348,22060
14,964,96538.4,22096
14,962,96698.6,22138
14,968,96837,22180
14,961,96964.4,22216
14,956,97130.7,22261
14,959,97304.5,22300
14,959,97510.5,22344
14,961,97722.4,22386
14,958,97906.1,22428
14,957,98003,22458
14,964,98302,22512
14,957,98478.5,22551
14,966,98654.6,22596
14,957,98778.8,22629
14,970,98936.2,22670
14,957,99148.5,22716
14,955,99288.4,22750
14,959,99467.8,22788
14,965,99642.1,22827
14,963,99794.1,22864
14,957,99971,22904
14,965,100187,22950
14,959,100397,22993
14,965,100582,23037
14,971,100923,23090
14,966,101240,23145
14,961,101409,23181
14,961,101619,23225
14,964,101732,23263
14,964,101967,23305
14,957,102082,23337
14,961,102247,23382
14,952,102393,23415
14,962,102540,23450
14,957,102635,23483
14,965,102917,23528
14,963,103092,23574
14,959,103207,23612
14,954,103384,23651
14,965,103564,23693
14,964,103850,23744
14,959,104009,23784
14,958,104120,23824
14,964,104298,23872
14,966,104588,23924
14,959,104759,23972
14,960,104860,24005
14,964,104982,24041
14,969,105157,24086
14,967,105347,24131
14,957,105540,24168
14,954,105664,24204
14,967,105911,24256
14,967,106244,24317
14,964,106421,24366
14,963,106558,24398
14,966,106748,24444
14,963,106893,24480
14,955,107115,24520
14,957,107228,24554
14,962,107454,24596
14,955,107632,24635
14,963,107915,24684
14,962,108197,24731
14,964,108434,24774
14,965,108633,24814
14,959,108734,24849
14,965,108942,24892
14,959,109084,24926
14,972,109353,24977
14,960,109573,25025
14,963,109712,25057
14,950,109847,25087
14,965,109970,25128
14,968,110179,25173
14,964,110368,25217
14,958,110521,25254
14,960,110680,25296
14,960,110778,25328
14,957,110930,25366
14,967,111077,25402
14,964,111203,25437
14,966,111440,25483
14,959,111563,25518
14,960,111698,25549
14,964,111814,25588
14,952,111950,25626
14,966,112103,25671
14,965,112254,25709
14,953,112358,25745
14,961,112531,25781
14,963,112671,25823
14,960,112863,25861
14,972,113030,25907
14,964,113316,25956
14,964,113572,26003
14,964,113777,26045
14,964,113939,26086
14,967,114203,26144
14,966,114388,26186
14,968,114659,26238
14,953,114792,26275
14,959,114952,26316
14,967,115127,26356
14,959,115301,26396
14,966,115459,26437
14,967,115720,26484
14,965,115950,26528
14,961,116095,26562
14,961,116233,26593
14,961,116373,26635
14,957,116526,26675
14,966,116752,26716
14,969,116916,26758
14,964,117107,26804
14,965,117336,26854
14,967,117517,26895
14,958,117701,26939
14,970,117807,26975
14,959,117923,27014
14,964,118075,27051
14,963,118234,27093
14,966,118418,27135
14,958,118661,27175
14,967,118812,27223
14,963,119035,27261
14,963,119245,27306
14,970,119362,27347
14,960,119484,27382
14,964,119716,27427
14,957,119885,27463
14,967,120021,27511
14,955,120156,27551
14,958,120334,27592
14,967,120569,27640
14,959,120698,27679
14,961,120869,27716
14,952,120967,27746
14,960,121089,27789
14,967,121384,27842
14,960,121559,27881
14,956,121735,27917
14,968,121979,27972
14,962,122097,28012
14,965,122234,28054
14,961,122372,28095
14,967,122513,28137
14,957,122625,28168
14,963,122797,28206
14,963,122974,28254
14,961,123205,28297
14,959,123452,28345
14,962,123580,28381
14,964,123723,28423
14,963,123922,28463
14,966,124108,28507
14,959,124321,28551
14,969,124427,28588
14,957,124611,28630
14,966,124790,28669
14,957,124948,28708
14,960,125176,28755
14,960,125402,28803
14,968,125665,28851
14,967,125924,28906
14,962,126105,28947
14,958,126262,28986
14,952,126435,29022
14,966,126820,29078
14,966,126992,29115
14,965,127179,29160
14,964,127423,29208
14,959,127547,29243
14,962,127674,29281
14,953,127760,29307
14,970,128056,29352
14,955,128146,29381
14,966,128362,29427
14,965,128538,29467
14,968,128749,29504
14,960,128996,29546
14,962,129135,29590
14,956,129273,29631
14,962,129491,29677
14,965,129700,29722
14,963,129842,29765
14,958,129993,29803
14,970,130292,29859
14,956,130464,29905
14,970,130728,29952
14,965,130879,29999
14,956,131004,30034
14,965,131187,30075
14,965,131397,30119
14,960,131535,30151
14,961,131677,30184
14,963,131808,30223
14,966,132056,30272
14,961,132196,30303
14,961,132470,30347
14,967,132861,30405
14,960,132985,30449
14,964,133214,30502
14,960,133404,30546
14,969,133640,30592
14,969,133954,30652
14,967,134149,30698
14,969,134443,30741
14,956,134542,30775
14,960,134655,30815
14,960,134878,30857
14,956,135008,30895
14,959,135155,30930
14,953,135295,30962
14,959,135503,31013
14,966,135640,31054
14,958,135881,31100
14,961,136074,31143
14,971,136314,31200
14,965,136549,31246
14,959,136728,31296
14,965,136918,31338
14,960,137117,31379
14,959,137256,31417
14,960,137391,31452
14,967,137586,31498
14,958,137726,31540
14,969,137979,31594
14,964,138165,31637
14,964,138416,31687
14,962,138530,31726
14,957,138630,31761
14,967,138820,31805
14,961,138951,31842
14,958,139116,31881
14,961,139264,31916
14,954,139388,31949
14,956,139513,31985
14,955,139612,32008
14,971,139794,32051
14,962,140012,32089
14,957,140153,32124
14,965,140468,32180
14,963,140614,32214
14,967,140822,32254
14,957,140972,32290
14,960,141096,32324
14,966,141332,32368
14,967,141537,32420
14,967,141761,32471
14,969,142025,32520
14,961,142172,32563
14,969,142339,32604
14,966,142566,32646
14,952,142757,32687
14,962,142885,32724
14,957,143104,32771
14,966,143219,32811
14,966,143370,32851
14,964,143529,32893
14,962,143771,32942
14,957,143965,32986
14,955,144141,33023
14,965,144328,33065
14,956,144541,33108
14,964,144684,33141
14,962,144820,33182
14,959,144997,33219
14,958,145296,33267
14,958,145518,33308
14,964,145634,33349
14,961,145739,33384
14,963,145914,33421
14,962,146073,33460
14,961,146273,33499
14,965,146494,33546
14,963,146706,33596
14,960,146810,33630
14,962,147033,33670
14,961,147204,33707
14,966,147445,33755
14,961,147577,33794
14,956,147670,33823
14,965,147842,33870
14,960,147980,33901
14,964,148123,33943
14,964,148296,33980
14,962,148454,34018
14,965,148691,34065
14,966,148909,34114
14,966,149185,34160
14,962,149357,34198
14,962,149513,34237
14,961,149653,34279
14,957,149824,34316
14,962,149955,34355
15,962,259.455,42
15,961,562.946,92
15,954,711.709,128
15,971,1025.08,183
15,966,1235.27,227
15,957,1429.6,263
15,966,1593.61,307
15,970,1872.39,362
15,966,2072.12,412
15,969,2258.1,455
15,966,2441.4,497
15,968,2548.84,535
15,962,2759.03,578
15,961,2981.68,623
15,968,3228.31,674
15,959,3389.47,713
15,960,3547.58,755
15,953,3679.89,794
15,966,3854.56,832
15,970,4156.44,886
15,962,4299.08,927
15,954,4444.54,961
15,956,4545.15,996
15,969,4786.49,1044
15,966,4983.77,1091
15,965,5148.99,1133
15,961,5280.43,1169
15,967,5533.12,1223
15,963,5675.07,1266
15,957,5841.54,1301
15,958,6013.75,1335
15,964,6307.62,1384
15,966,6434.84,1421
15,956,6591.92,1461
15,958,6864.05,1508
15,952,7031.54,1549
15,961,7140.63,1577
15,970,7287.65,1618
15,964,7474.06,1658
15,968,7655.66,1699
15,963,7887.3,1742
15,962,8211.11,1796
15,966,8464.23,1848
15,953,8601.59,1888
15,959,8723.84,1933
15,963,8949.52,1973
15,960,9208.21,2019
15,967,9537.81,2073
15,959,9727.03,2117
15,961,9860.69,2157
15,959,9973.39,2187
15,961,10132.9,2224
15,964,10387.5,2267
15,960,10524,2307
15,964,10744.6,2347
15,961,10984.2,2395
15,963,11106.7,2429
15,963,11269.6,2472
15,963,11427.5,2517
15,966,11581.2,2555
15,963,11783.1,2596
15,962,11997.6,2643
15,965,12114,2685
15,969,12271.8,2725
15,962,12380.6,2761
15,961,12533.8,2798
15,965,12733.4,2847
15,964,12946.3,2892
15,970,13082.2,2932
15,949,13288.2,2973
15,965,13397.2,3010
15,961,13541.2,3045
15,954,13661,3077
15,961,13762,3112
15,963,14007,3158
15,956,14259.1,3201
15,966,14436.7,3239
15,960,14579.7,3273
15,969,14760.4,3320
15,967,15028.7,3376
15,954,15252.4,3415
15,961,15375.1,3456
15,970,15486.7,3495
15,962,15693.5,3538
15,956,15812.1,3572
15,963,16014.4,3613
15,959,16220,3655
15,961,16432.5,3698
15,959,16542.9,3736
15,964,16812.2,3788
15,965,17007.5,3837
15,965,17260,3892
15,965,17409.7,3937
15,966,17586.3,3986
15,958,17691,4023
15,963,17889.8,4067
15,959,18005.2,4097
15,960,18109.2,4133
15,961,18306.3,4170
15,959,18514.4,4214
15,961,18639.3,4249
15,954,18752.7,4280
15,963,18919.1,4319
15,963,19069.3,4365
15,966,19426.5,4416
15,967,19718.8,4466
15,960,19907.3,4508
15,959,20036.4,4546
15,964,20144.8,4581
15,960,20355.6,4620
15,964,20539.3,4661
15,962,20781.3,4705
15,959,21004.6,4754
15,965,21213.5,4799
15,968,21436.1,4848
15,966,21626.9,4892
15,955,21758.6,4931
15,951,21903.5,4968
15,966,22110.7,5009
15,962,22241.6,5046
15,964,22385.7,5089
15,962,22502.1,5128
15,955,22661.7,5170
15,958,22858.2,5219
15,961,23054.8,5267
15,966,23232.5,5315
15,964,23504.8,5365
15,966,23784.4,5411
15,959,24027.1,5462
15,966,24222.6,5503
15,962,24351.8,5536
15,965,24577.6,5584
15,962,24748.9,5627
15,960,24851.7,5660
15,963,24987.9,5700
15,956,25127,5743
15,960,25401.6,5792
15,965,25639.2,5837
15,965,25852.9,5883
15,959,25982,5920
15,961,26088.7,5955
15,965,26256.1,6000
15,963,26486.3,6050
15,964,26730.8,6099
15,969,26867.2,6139
15,971,27030.3,6183
15,954,27169.8,6215
15,959,27340.4,6259
15,959,27457.5,6297
15,964,27741.8,6346
15,957,27876.4,6385
15,961,27990.6,6421
15,960,28105.6,6453
15,955,28269.3,6495
15,963,28417.5,6537
15,967,28586.4,6580
15,970,28872.9,6629
15,966,29109.9,6674
15,964,29294.7,6715
15,962,29529.5,6759
15,966,29708.4,6808
15,955,29867.1,6846
15,958,29965.9,6879
15,965,30162.3,6926
15,965,30404.7,6974
15,967,30580.2,7012
15,956,30813.9,7057
15,959,31067.9,7100
15,962,31352.4,7149
15,966,31578.4,7190
15,955,31662.3,7216
15,961,31811.2,7261
15,957,31997.5,7303
15,968,32203,7346
15,956,32324.9,7380
15,959,32477,7419
15,957,32712.6,7464
15,963,32926.5,7507
15,966,33266.2,7565
15,961,33382.3,7605
15,963,33486.7,7641
15,963,33695.4,7685
15,963,33892.6,7723
15,970,34051.5,7763
15,957,34245.3,7801
15,958,34372.3,7837
15,958,34619.6,7888
15,956,34821.1,7929
15,961,35010.7,7974
15,966,35181.2,8019
15,962,35373.9,8064
15,961,35602,8108
15,962,35836.3,8152
15,957,35930,8180
15,965,36091.3,8223
15,959,36222.9,8261
15,965,36423.4,8307
15,963,36565.1,8340
15,961,36732.8,8384
15,946,36886.4,8421
15,963,37037.7,8457
15,954,37185.4,8492
15,959,37415.4,8536
15,968,37740.1,8594
15,956,37929.6,8637
15,971,38196.8,8685
15,963,38312.3,8716
15,957,38478.5,8758
15,968,38612.9,8799
15,960,38767.1,8838
15,962,38936,8882
15,968,39255.2,8933
15,962,39450.3,8978
15,965,39608.1,9018
15,967,39754.9,9062
15,953,39899.3,9097
15,961,40230.9,9155
15,959,40404.9,9191
15,967,40625.1,9240
15,964,40788.5,9282
15,961,41005.3,9330
15,965,41210.5,9371
15,965,41441.9,9417
15,962,41645,9458
15,956,41793.2,9494
15,962,41977.1,9535
15,961,42195.4,9582
15,964,42335,9623
15,959,42515.7,9663
15,965,42761.9,9713
15,964,42912.2,9749
15,964,43076,9792
15,966,43434.7,9853
15,966,43671.8,9900
15,963,43867.5,9938
15,965,44048.7,9978
15,967,44227.5,10026
15,962,44394,10064
15,959,44548.4,10103
15,955,44669.3,10137
15,959,44800.5,10173
15,953,44923.3,10207
15,961,45103.2,10247
15,958,45376.1,10287
15,969,45552.2,10326
15,950,45670.9,10359
15,966,45774.8,10395
15,965,45992.9,10441
15,962,46172.2,10481
15,958,46299.8,10518
15,955,46393.4,10549
15,960,46565.2,10593
15,964,46714.5,10638
15,967,46952.1,10685
15,963,47154.6,10734
15,970,47434.4,10790
15,961,47618.5,10831
15,967,47810.1,10875
15,959,48046.6,10917
15,970,48303.1,10969
15,962,48430.3,11006
15,964,48668.1,11052
15,960,48877.2,11095
15,958,49032.9,11134
15,965,49307,11185
15,964,49456.4,11230
15,965,49592.4,11269
15,961,49681.6,11299
15,961,49842.4,11340
15,956,49993.3,11378
15,961,50161.1,11413
15,956,50319.2,11452
15,960,50506.9,11485
15,960,50743.6,11531
15,963,50853.6,11568
15,966,51073.3,11617
15,964,51281.4,11662
15,963,51501.3,11711
15,965,51683.1,11753
15,959,51842.6,11793
15,961,52109.2,11838
15,962,52282.6,11876
15,960,52419.6,11918
15,955,52551.3,11955
15,961,52754.8,11997
15,963,53030.3,12047
15,952,53172.4,12079
15,969,53451,12134
15,962,53610.7,12175
15,960,53845.2,12220
15,962,53978.8,12257
15,960,54172,12293
15,960,54328.8,12333
15,955,54557.1,12376
15,962,54744.3,12420
15,965,54937.6,12465
15,960,55162.3,12506
15,957,55308.4,12539
15,962,55485.6,12577
15,960,55637.7,12615
15,965,55888.7,12657
15,963,56134.1,12704
15,961,56323.2,12746
15,954,56477.6,12785
15,966,56669.9,12832
15,963,56870.1,12872
15,964,57053.2,12913
15,967,57305.2,12967
15,961,57502.8,13006
15,972,57774.4,13058
15,959,57872.2,13092
15,965,58067.6,13137
15,954,58251.4,13175
15,966,58465.1,13219
15,964,58664.8,13258
15,961,58808.9,13301
15,963,58980.3,13338
15,961,59192.2,13382
15,966,59380.4,13424
15,961,59531.6,13462
15,954,59673.1,13494
15,966,59860.8,13536
15,962,60033.2,13573
15,965,60214.3,13615
15,959,60310.3,13646
15,957,60465.5,13686
15,962,60589.3,13722
15,958,60853.6,13770
15,960,61021,13805
15,960,61235,13849
15,963,61482.1,13895
15,964,61708.4,13938
15,955,61836.4,13976
15,958,62061.7,14024
15,954,62166.6,14059
15,961,62354.9,14093
15,959,62535.8,14135
15,960,62656.8,14170
15,965,62852.1,14216
15,965,63062.1,14257
15,959,63243,14297
15,954,63390.2,14340
15,957,63641.4,14383
15,967,63786.1,14427
15,965,64032.9,14478
15,959,64189.2,14519
15,965,64388.9,14558
15,971,64717.4,14615
15,959,64852.4,14655
15,952,64977.8,14691
15,963,65254.8,14745
15,963,65390.1,14785
15,962,65551,14825
15,959,65701.8,14862
15,963,65914.8,14908
15,965,66163.1,14961
15,969,66410.2,15012
15,956,66583.4,15048
15,957,66754.7,15084
15,967,66966.8,15129
15,965,67221.5,15173
15,967,67389.7,15217
15,969,67708.4,15271
15,970,67828.6,15313
15,965,68034.5,15353
15,957,68205.4,15388
15,959,68372.7,15433
15,964,68509.8,15473
15,960,68725.5,15519
15,964,68871.5,15563
15,957,68999.7,15600
15,958,69105.5,15636
15,959,69232.4,15673
15,962,69312.7,15696
15,963,69513.2,15746
15,970,69758,15797
15,962,69916.9,15837
15,959,70054.1,15869
15,965,70214.9,15909
15,963,70322.6,15945
15,968,70484.7,15988
15,952,70632.6,16024
15,964,70886.6,16067
15,962,71100.6,16112
15,957,71223.3,16145
15,961,71339.6,16186
15,959,71521.1,16226
15,960,71745,16273
15,959,71925.4,16311
15,962,72070.8,16354
15,958,72178,16392
15,960,72398.8,16439
15,964,72565,16484
15,962,72674.9,16522
15,965,72846.4,16559
15,970,73118.4,16619
15,968,73283.5,16663
15,962,73407,16699
15,957,73537.9,16736
15,962,73791.4,16791
15,959,73935.6,16832
15,962,74090.7,16869
15,965,74257.2,16914
15,962,74446.2,16956
15,959,74611.3,16989
15,962,74790.8,17038
15,967,74993.1,17090
15,959,75134.1,17131
15,964,75291.7,17172
15,968,75626.4,17223
15,969,75799.4,17270
15,961,75950.6,17307
15,956,76121.6,17351
15,961,76226.9,17387
15,961,76436.3,17430
15,959,76593.3,17471
15,963,76710.3,17512
15,964,76953.7,17570
15,963,77077.8,17604
15,960,77177.9,17637
15,966,77334.9,17675
15,963,77512.6,17715
15,962,77726.4,17761
15,957,77916.9,17806
15,963,78136.3,17854
15,952,78273.1,17892
15,965,78489.3,17937
15,965,78702.1,17982
15,959,78802.1,18014
15,961,78981.7,18055
15,960,79094.1,18085
15,967,79248.4,18123
15,966,79477.2,18173
15,962,79705.9,18217
15,961,80019.1,18268
15,962,80135.6,18300
15,965,80357.3,18338
15,950,80457.5,18370
15,960,80597.7,18403
15,964,80782.9,18445
15,966,80949.7,18489
15,964,81080.5,18527
15,969,81297.2,18574
15,960,81504.2,18615
15,958,81613.1,18644
15,961,81799.4,18685
15,964,82130.5,18735
15,966,82283.6,18773
15,967,82434.5,18819
15,962,82675.1,18866
15,961,82843.7,18911
