1,879,6.73655,1,1
1,883,9.03562,1,2
1,886,11.4855,1,3
1,889,13.8761,1,4
1,892,15.8274,1,5
1,895,17.6587,1,6
1,898,19.9799,1,7
1,901,22.0476,1,8
1,904,24.0447,1,9
1,907,26.2368,1,10
1,909,28.7956,1,11
1,912,32.1254,1,12
1,914,34.8185,1,13
1,916,36.7709,1,14
1,918,38.6776,1,15
1,920,40.4892,1,16
1,923,43.0444,1,17
1,925,45.4572,1,18
1,927,48.0677,1,19
1,929,49.8931,1,20
1,930,51.5041,1,21
1,932,53.1025,1,22
1,933,54.702,1,23
1,934,56.2913,1,24
1,936,57.8897,1,25
1,937,60.0553,1,26
1,938,62.9272,1,27
1,939,65.1864,1,28
1,940,67.4176,1,29
1,941,69.5315,1,30
1,942,71.6008,1,31
1,944,73.6658,1,32
1,946,76.5704,1,33
1,947,79.0096,1,34
1,948,80.8303,1,35
1,949,82.4602,1,36
1,950,84.0791,1,37
1,951,85.6862,1,38
1,952,87.2775,1,39
1,953,88.8589,1,40
1,954,90.4422,1,41
1,955,92.5127,1,42
1,956,94.4384,1,43
1,957,96.0545,1,44
1,958,97.643,1,45
1,959,99.222,1,46
1,960,100.805,1,47
1,961,102.522,1,48
1,962,104.273,1,49
1,963,105.89,1,50
1,964,113.903,1,56
1,965,115.753,1,57
1,966,117.579,1,58
1,967,119.397,1,59
1,968,139.282,1,72
1,969,141.222,1,73
1,970,142.893,1,74
1,971,148.074,1,78
1,972,157.609,1,85
1,973,159.675,1,86
1,974,162.638,1,88
1,975,166.825,1,91
1,976,178.581,1,98
1,977,182.182,1,100
1,978,209.729,1,118
1,979,268.047,1,162
1,980,281.112,1,172
1,981,286.618,1,176
1,982,293.342,1,181
1,983,327.467,1,205
1,984,350.029,1,209
1,985,398.553,1,241
1,986,479.961,1,302
1,987,538.571,1,346
1,988,577.079,1,368
1,989,1819.84,1,1305
1,990,1825.71,1,1308
1,991,1833.26,1,1313
1,992,4592.45,1,3396
1,993,30850.7,1,23244
2,876,1.99432,1,1
2,880,3.95469,1,2
2,884,5.78202,1,3
2,887,7.57975,1,4
2,890,9.95185,1,5
2,893,12.6709,1,6
2,896,14.6653,1,7
2,899,16.5696,1,8
2,902,18.6306,1,9
2,905,20.7497,1,10
2,908,22.5474,1,11
2,910,24.539,1,12
2,912,26.7326,1,13
2,914,28.5382,1,14
2,916,30.1445,1,15
2,918,31.7425,1,16
2,920,33.3373,1,17
2,922,34.9242,1,18
2,924,36.5084,1,19
2,926,38.0973,1,20
2,928,39.7585,1,21
2,931,41.9762,1,22
2,933,44.3108,1,23
2,935,46.2159,1,24
2,937,48.046,1,25
2,939,49.8386,1,26
2,940,51.6154,1,27
2,941,53.4041,1,28
2,943,55.4797,1,29
2,944,57.4184,1,30
2,946,59.2473,1,31
2,947,61.0466,1,32
2,948,62.84,1,33
2,949,64.6187,1,34
2,950,66.3861,1,35
2,951,68.1487,1,36
2,952,69.9034,1,37
2,953,72.0726,1,38
2,954,74.3811,1,39
2,955,76.2728,1,40
2,956,77.9477,1,41
2,957,79.5386,1,42
2,958,81.1327,1,43
2,959,82.716,1,44
2,960,84.2986,1,45
2,961,85.8804,1,46
2,962,87.5976,1,47
2,963,89.2177,1,48
2,964,90.8078,1,49
2,965,92.3912,1,50
2,966,93.9647,1,51
2,967,95.5413,1,52
2,968,97.1156,1,53
2,969,101.096,1,56
2,970,103.393,1,57
2,971,105.335,1,58
2,972,116.708,1,67
2,973,118.588,1,68
2,974,129.176,1,76
2,975,143.405,1,86
2,976,161.183,1,97
2,977,179.879,1,107
2,978,192.251,1,114
2,979,198.621,1,118
2,980,217.724,1,133
2,981,238.123,1,149
2,982,255.446,1,163
2,983,264.96,1,170
2,984,276.297,1,179
2,985,291.262,1,191
2,986,295.332,1,194
2,987,300.512,1,198
2,988,341.956,1,231
2,989,343.857,1,232
2,990,382.163,1,256
2,991,9706.73,1,7305
2,992,10285.5,1,7741
2,993,10826.4,1,8142
3,899,2.23433,1,1
3,902,4.34313,1,2
3,905,6.22455,1,3
3,908,8.05701,1,4
3,910,10.0979,1,5
3,913,13.2161,1,6
3,916,17.1151,1,7
3,918,19.4541,1,8
3,920,21.7385,1,9
3,922,23.9887,1,10
3,924,25.9028,1,11
3,926,28.3653,1,12
3,928,30.6301,1,13
3,930,33.5939,1,14
3,932,35.9435,1,15
3,934,37.656,1,16
3,936,39.2536,1,17
3,937,40.8689,1,18
3,938,42.8301,1,19
3,939,44.5808,1,20
3,940,46.3059,1,21
3,941,48.0113,1,22
3,942,50.9435,1,23
3,943,53.3006,1,24
3,944,55.0044,1,25
3,945,56.6888,1,26
3,946,59.0546,1,27
3,948,61.1208,1,28
3,949,64.0862,1,29
3,950,66.4488,1,30
3,951,68.1585,1,31
3,952,69.7711,1,32
3,953,71.4177,1,33
3,954,73.3828,1,34
3,955,75.2212,1,35
3,956,76.8807,1,36
3,957,78.502,1,37
3,958,80.1047,1,38
3,959,81.6972,1,39
3,960,83.2955,1,40
3,961,84.8967,1,41
3,962,86.4785,1,42
3,963,88.1704,1,43
3,964,90.2251,1,44
3,965,96.9952,1,49
3,966,99.0369,1,50
3,967,102.011,1,52
3,968,107.053,1,55
3,969,120.687,1,65
3,970,123.793,1,67
3,971,126.75,1,68
3,972,144.131,1,81
3,973,186.626,1,113
3,974,194.507,1,118
3,975,201.133,1,121
3,976,203.659,1,122
3,977,206.86,1,123
3,978,213.644,1,127
3,979,227.156,1,134
3,980,231.468,1,136
3,981,258.198,1,156
3,982,264.977,1,160
3,983,315.473,1,199
3,984,320.87,1,202
3,985,361.517,1,234
3,986,383.079,1,249
3,987,503.142,1,333
3,988,780.303,1,542
3,989,886.232,1,621
3,990,1150.78,1,813
3,991,3017.19,1,2222
3,992,8939.11,1,6695
3,993,23435.7,1,17655
4,860,2.0105,1,1
4,864,4.2772,1,2
4,868,6.39469,1,3
4,872,8.49598,1,4
4,875,10.6956,1,5
4,879,12.9654,1,6
4,882,15.1548,1,7
4,885,17.0314,1,8
4,888,19.1288,1,9
4,891,21.3683,1,10
4,894,23.71,1,11
4,897,25.8985,1,12
4,899,29.006,1,13
4,901,31.3995,1,14
4,903,33.3263,1,15
4,905,35.0427,1,16
4,907,36.6951,1,17
4,909,38.3381,1,18
4,911,39.9677,1,19
4,913,41.5886,1,20
4,915,43.198,1,21
4,917,45.199,1,22
4,919,48.5197,1,23
4,921,51.7824,1,24
4,923,53.9007,1,25
4,925,56.0809,1,26
4,927,58.5525,1,27
4,929,62.0082,1,28
4,931,64.8674,1,29
4,933,68.0484,1,30
4,934,71.2633,1,31
4,935,73.8881,1,32
4,936,76.0782,1,33
4,937,79.3085,1,34
4,938,99.2686,1,35
4,939,102.486,1,36
4,940,104.899,1,37
4,941,106.831,1,38
4,942,108.526,1,39
4,943,110.186,1,40
4,944,111.812,1,41
4,945,113.433,1,42
4,946,115.046,1,43
4,947,116.645,1,44
4,949,118.243,1,45
4,950,119.818,1,46
4,951,121.393,1,47
4,952,123.323,1,48
4,953,125.366,1,49
4,954,127.16,1,50
4,955,128.791,1,51
4,956,130.401,1,52
4,957,132,1,53
4,958,133.592,1,54
4,959,135.185,1,55
4,960,136.769,1,56
4,961,138.487,1,57
4,963,140.511,1,58
4,964,143.137,1,59
4,965,147.617,1,62
4,966,153.065,1,65
4,967,156.576,1,67
4,968,163.204,1,71
4,969,166.003,1,72
4,970,168.255,1,73
4,971,173.793,1,77
4,972,175.861,1,78
4,973,180.033,1,81
4,974,188.338,1,87
4,975,190.406,1,88
4,976,201.805,1,97
4,977,222.675,1,113
4,978,245.917,1,130
4,979,255.425,1,135
4,980,300.755,1,168
4,981,394.935,1,243
4,982,398.035,1,245
4,983,404.818,1,250
4,984,444.112,1,280
4,985,460.972,1,290
4,986,752.982,1,507
4,987,762.846,1,514
4,988,773.283,1,521
4,989,848.489,1,580
4,990,2399.13,1,1750
4,991,2745.84,1,2008
4,992,4223.14,1,3125
4,993,8383.12,1,6271
5,880,2.05669,1,1
5,883,4.13351,1,2
5,886,6.0394,1,3
5,889,7.93858,1,4
5,892,10.9849,1,5
5,894,13.6022,1,6
5,897,15.647,1,7
5,899,17.7752,1,8
5,901,19.8212,1,9
5,903,22.1945,1,10
5,905,24.6147,1,11
5,907,26.555,1,12
5,909,28.4822,1,13
5,911,31.9486,1,14
5,913,34.8477,1,15
5,915,38.3369,1,16
5,917,40.9368,1,17
5,919,42.8715,1,18
5,921,44.5532,1,19
5,923,46.2439,1,20
5,925,47.9449,1,21
5,927,49.5871,1,22
5,930,51.268,1,23
5,932,52.8668,1,24
5,934,54.4446,1,25
5,936,56.011,1,26
5,938,57.5861,1,27
5,939,59.1494,1,28
5,940,60.7225,1,29
5,941,62.7338,1,30
5,942,67.3702,1,31
5,943,85.6625,1,32
5,944,88.8822,1,33
5,945,91.3561,1,34
5,946,93.5612,1,35
5,947,96.4714,1,36
5,948,99.5536,1,37
5,949,102.497,1,38
5,951,105.098,1,39
5,952,107.272,1,40
5,953,109.402,1,41
5,954,111.487,1,42
5,955,113.472,1,43
5,956,115.438,1,44
5,957,117.289,1,45
5,958,120.316,1,46
5,959,122.729,1,47
5,960,124.599,1,48
5,961,126.693,1,49
5,962,128.798,1,50
5,963,130.454,1,51
5,964,132.079,1,52
5,965,133.687,1,53
5,966,135.279,1,54
5,967,136.874,1,55
5,968,138.452,1,56
5,969,147.503,1,63
5,970,160.907,1,73
5,971,166.453,1,77
5,972,169.451,1,79
5,973,171.248,1,80
5,974,173.266,1,81
5,975,177.433,1,84
5,976,180.634,1,86
5,977,191.246,1,94
5,978,193.102,1,95
5,979,196.239,1,97
5,980,231.703,1,125
5,981,243.561,1,134
5,982,252.972,1,141
5,983,359.145,1,219
5,984,362.509,1,221
5,985,378.212,1,232
5,986,423.582,1,261
5,987,426.888,1,263
5,988,1379.77,1,984
5,989,1808.18,1,1304
5,990,1811.1,1,1305
5,991,1813.62,1,1306
5,992,6540.49,1,4881
5,993,14527,1,10895
6,875,7.29987,1,1
6,878,9.90014,1,2
6,881,12.6366,1,3
6,884,14.8962,1,4
6,887,16.7148,1,5
6,890,18.4786,1,6
6,893,20.24,1,7
6,896,22.937,1,8
6,899,25.4098,1,9
6,902,28.2659,1,10
6,905,32.907,1,11
6,907,35.5681,1,12
6,909,38.2232,1,13
6,911,40.6147,1,14
6,913,42.6931,1,15
6,915,44.3621,1,16
6,917,45.9889,1,17
6,919,47.6011,1,18
6,921,49.2141,1,19
6,923,50.8144,1,20
6,925,52.4132,1,21
6,927,54.269,1,22
6,929,56.4441,1,23
6,931,58.6232,1,24
6,933,60.4083,1,25
6,934,62.0915,1,26
6,935,63.7444,1,27
6,936,65.381,1,28
6,937,67.0086,1,29
6,938,68.8304,1,30
6,939,70.531,1,31
6,941,72.1638,1,32
6,943,75.0885,1,33
6,944,77.0951,1,34
6,945,79.9322,1,35
6,946,82.1413,1,36
6,947,83.8261,1,37
6,948,85.4039,1,38
6,949,86.9853,1,39
6,950,88.6923,1,40
6,952,91.0048,1,41
6,953,93.0717,1,42
6,954,94.8473,1,43
6,955,96.4457,1,44
6,957,98.0409,1,45
6,958,99.616,1,46
6,959,101.202,1,47
6,960,102.779,1,48
6,961,104.43,1,49
6,962,106.444,1,50
6,963,108.486,1,51
6,964,114.072,1,55
6,965,116.092,1,56
6,966,117.838,1,57
6,967,127.691,1,64
6,968,134.343,1,68
6,969,139.751,1,71
6,970,146.689,1,75
6,971,153.438,1,79
6,972,161.281,1,84
6,973,163.46,1,85
6,974,167.915,1,88
6,975,169.765,1,89
6,976,193.029,1,104
6,977,237.703,1,134
6,978,279.593,1,166
6,979,286.458,1,171
6,980,314.932,1,193
6,981,319.317,1,196
6,982,349.326,1,219
6,983,405.236,1,260
6,984,415.274,1,266
6,985,423.614,1,272
6,986,466.046,1,303
6,987,485.702,1,318
6,988,551.423,1,369
6,989,2231.72,1,1635
6,990,2236.77,1,1637
6,991,2756.84,1,2030
6,992,14300.4,1,10650
6,993,14306,1,10654
7,876,1.97932,1,1
7,879,4.00206,1,2
7,882,6.12586,1,3
7,885,8.13675,1,4
7,888,10.8306,1,5
7,891,12.9879,1,6
7,894,14.7995,1,7
7,897,16.5664,1,8
7,900,18.3219,1,9
7,902,20.4433,1,10
7,904,22.5888,1,11
7,906,24.4,1,12
7,908,26.6367,1,13
7,910,28.5955,1,14
7,912,30.7931,1,15
7,914,32.8423,1,16
7,916,34.6258,1,17
7,918,36.3872,1,18
7,920,38.0878,1,19
7,922,39.7383,1,20
7,924,41.3758,1,21
7,926,43.4787,1,22
7,928,45.3652,1,23
7,930,47.0374,1,24
7,931,48.6681,1,25
7,932,50.2815,1,26
7,934,52.2079,1,27
7,935,53.948,1,28
7,936,55.5736,1,29
7,937,57.281,1,30
7,939,59.2366,1,31
7,940,61.1895,1,32
7,941,62.9098,1,33
7,942,64.6195,1,34
7,943,66.3205,1,35
7,944,68.0591,1,36
7,946,69.7668,1,37
7,947,71.3881,1,38
7,948,72.9939,1,39
7,949,74.5923,1,40
7,951,76.5669,1,41
7,952,78.519,1,42
7,953,80.1469,1,43
7,954,81.7639,1,44
7,956,83.4645,1,45
7,957,85.2164,1,46
7,958,86.8614,1,47
7,959,88.4969,1,48
7,960,90.2591,1,49
7,961,92.2593,1,50
7,962,94.1459,1,51
7,963,96.0052,1,52
7,964,106.332,1,58
7,965,113.866,1,62
7,966,116.522,1,63
7,967,126.846,1,68
7,968,131.072,1,70
7,969,137.461,1,74
7,970,148.377,1,82
7,971,158.998,1,90
7,972,161.187,1,91
7,973,176.74,1,102
7,974,190.011,1,111
7,975,193.098,1,112
7,976,212.816,1,126
7,977,246.926,1,151
7,978,252.286,1,154
7,979,254.411,1,155
7,980,256.491,1,156
7,981,272.393,1,167
7,982,303.875,1,190
7,983,382.66,1,245
7,984,404.778,1,262
7,985,410.819,1,266
7,986,571.603,1,387
7,987,581.242,1,394
7,988,583.442,1,395
7,989,627.854,1,430
7,990,1050.19,1,744
7,991,5683.54,1,4229
7,992,9203.46,1,6885
7,993,42791.5,1,31801
8,872,2.23828,1,1
8,875,5.05409,1,2
8,878,7.32789,1,3
8,881,9.62894,1,4
8,884,12.605,1,5
8,887,14.8449,1,6
8,890,16.8862,1,7
8,893,18.888,1,8
8,895,21.3264,1,9
8,897,23.7656,1,10
8,899,25.7805,1,11
8,901,28.0341,1,12
8,903,29.9061,1,13
8,905,32.8443,1,14
8,907,35.1749,1,15
8,909,37.4835,1,16
8,911,39.7581,1,17
8,913,42.5952,1,18
8,915,45.3467,1,19
8,916,47.1215,1,20
8,918,48.7143,1,21
8,920,50.2965,1,22
8,921,51.9541,1,23
8,922,53.652,1,24
8,923,55.2819,1,25
8,924,56.8854,1,26
8,925,58.5181,1,27
8,926,60.411,1,28
8,927,62.4531,1,29
8,928,64.0886,1,30
8,929,65.6905,1,31
8,930,67.5771,1,32
8,931,70.8417,1,33
8,932,73.7933,1,34
8,933,77.0351,1,35
8,934,80.0913,1,36
8,935,82.8072,1,37
8,936,85.5074,1,38
8,937,89.0693,1,39
8,938,91.5274,1,40
8,939,94.8556,1,41
8,941,98.294,1,42
8,942,100.874,1,43
8,944,102.801,1,44
8,945,104.502,1,45
8,946,106.18,1,46
8,947,107.838,1,47
8,948,109.918,1,48
8,949,111.937,1,49
8,950,113.686,1,50
8,951,115.349,1,51
8,952,117.02,1,52
8,953,118.65,1,53
8,954,120.332,1,54
8,955,121.948,1,55
8,956,123.542,1,56
8,957,125.136,1,57
8,958,127.334,1,58
8,959,129.477,1,59
8,960,131.472,1,60
8,961,133.093,1,61
8,962,134.692,1,62
8,963,136.291,1,63
8,964,137.9,1,64
8,965,139.497,1,65
8,966,141.081,1,66
8,967,142.769,1,67
8,968,155.75,1,75
8,969,158.047,1,76
8,970,164.688,1,79
8,971,168.742,1,81
8,972,177.972,1,87
8,973,184.162,1,91
8,974,186.193,1,92
8,975,189.155,1,94
8,976,192.174,1,96
8,977,199.288,1,100
8,978,225.532,1,119
8,979,234.152,1,125
8,980,320.747,1,182
8,981,343.56,1,196
8,982,352.153,1,201
8,983,381.658,1,223
8,984,398.681,1,235
8,985,428.702,1,257
8,986,442.863,1,267
8,987,463.041,1,281
8,988,469.795,1,285
8,989,480.696,1,291
8,990,954.362,1,640
8,991,12945.6,1,9687
8,992,12947.7,1,9688
8,993,23757.8,1,17749
9,878,2.09932,1,1
9,881,4.19667,1,2
9,884,6.11401,1,3
9,887,8.01912,1,4
9,890,10.1011,1,5
9,894,12.8825,1,6
9,897,14.7363,1,7
9,900,16.5056,1,8
9,902,18.2552,1,9
9,904,20.1062,1,10
9,906,22.3453,1,11
9,908,24.5401,1,12
9,910,26.6245,1,13
9,912,29.1106,1,14
9,914,32.0879,1,15
9,916,34.1616,1,16
9,918,35.8207,1,17
9,920,37.9315,1,18
9,922,39.7719,1,19
9,924,41.3706,1,20
9,925,43.0752,1,21
9,926,45.0873,1,22
9,928,46.7097,1,23
9,930,48.2967,1,24
9,932,49.8801,1,25
9,933,51.4524,1,26
9,934,53.0847,1,27
9,935,54.9164,1,28
9,937,56.5653,1,29
9,938,58.1787,1,30
9,939,59.8347,1,31
9,940,62.0441,1,32
9,941,63.8328,1,33
9,942,65.4746,1,34
9,943,67.0911,1,35
9,944,68.8624,1,36
9,945,70.9282,1,37
9,946,72.639,1,38
9,948,74.2378,1,39
9,949,75.8255,1,40
9,950,77.7938,1,41
9,951,79.601,1,42
9,952,81.24,1,43
9,953,82.8459,1,44
9,954,84.4948,1,45
9,955,87.1207,1,46
9,956,89.811,1,47
9,957,91.7903,1,48
9,958,93.9516,1,49
9,959,97.1156,1,50
9,960,102.667,1,53
9,961,107.944,1,55
9,962,111.245,1,56
9,963,116.795,1,59
9,964,118.901,1,60
9,965,120.904,1,61
9,966,123.907,1,62
9,967,135.215,1,70
9,968,140.669,1,73
9,969,143.558,1,74
9,970,145.573,1,75
9,971,155.234,1,82
9,972,157.341,1,83
9,973,165.031,1,87
9,974,173.158,1,93
9,975,197.362,1,109
9,976,203.932,1,113
9,977,240.48,1,140
9,978,256.316,1,151
9,979,265.84,1,157
9,980,275.945,1,164
9,981,280.856,1,167
9,982,310.294,1,184
9,983,420.269,1,267
9,984,463.827,1,297
9,985,484.585,1,311
9,986,498.783,1,319
9,987,509.444,1,325
9,988,962.197,1,667
9,989,1283.99,1,907
9,990,1795.68,1,1288
9,991,10985.5,1,8173
9,992,17514,1,13058
9,993,17630.6,1,13143
10,883,2.26394,1,1
10,886,4.29852,1,2
10,889,6.2127,1,3
10,892,8.49717,1,4
10,895,10.5211,1,5
10,897,12.8549,1,6
10,899,15.03,1,7
10,901,17.1333,1,8
10,904,19.3064,1,9
10,906,21.5759,1,10
10,908,24.0167,1,11
10,910,26.5917,1,12
10,912,28.5986,1,13
10,914,30.6656,1,14
10,916,32.7807,1,15
10,918,35.398,1,16
10,920,37.7401,1,17
10,922,39.9681,1,18
10,924,42.2245,1,19
10,926,44.3369,1,20
10,928,46.1243,1,21
10,930,47.7448,1,22
10,932,49.5038,1,23
10,934,51.1808,1,24
10,935,52.7953,1,25
10,937,54.4063,1,26
10,938,56.0683,1,27
10,939,59.3827,1,28
10,941,61.4358,1,29
10,942,63.4108,1,30
10,943,65.3301,1,31
10,945,67.2277,1,32
10,946,69.1071,1,33
10,948,70.9637,1,34
10,949,73.2754,1,35
10,950,75.912,1,36
10,951,77.9316,1,37
10,952,79.7711,1,38
10,953,81.5472,1,39
10,954,83.3054,1,40
10,955,85.0475,1,41
10,956,86.7927,1,42
10,957,88.6879,1,43
10,958,91.1958,1,44
10,959,93.264,1,45
10,960,95.0558,1,46
10,961,96.7142,1,47
10,962,98.3488,1,48
10,963,99.9701,1,49
10,964,101.582,1,50
10,965,103.189,1,51
10,966,104.845,1,52
10,967,106.932,1,53
10,968,108.975,1,54
10,969,110.666,1,55
10,970,112.31,1,56
10,971,113.939,1,57
10,972,115.561,1,58
10,973,121.069,1,62
10,974,123.341,1,63
10,975,129.46,1,67
10,976,131.343,1,68
10,977,133.206,1,69
10,978,141.765,1,75
10,979,147.349,1,79
10,980,161.571,1,87
10,981,183.892,1,99
10,982,231.553,1,134
10,983,242.112,1,141
10,984,261.674,1,155
10,985,273.736,1,164
10,986,302.412,1,186
10,987,327.541,1,205
10,988,340.564,1,214
10,989,1277.98,1,914
10,990,1462.18,1,1047
10,991,1494.22,1,1072
10,992,1997.95,1,1441
10,993,2006.61,1,1446
11,879,6.57667,1,1
11,883,9.38458,1,2
11,887,11.3714,1,3
11,890,14.8871,1,4
11,893,17.8498,1,5
11,895,20.9715,1,6
11,897,23.243,1,7
11,900,25.3147,1,8
11,902,27.5648,1,9
11,905,30.3115,1,10
11,907,32.3781,1,11
11,909,34.1805,1,12
11,911,36.8459,1,13
11,913,39.1861,1,14
11,915,42.4779,1,15
11,917,45.1556,1,16
11,919,47.5151,1,17
11,921,49.7289,1,18
11,923,51.5728,1,19
11,925,53.2442,1,20
11,927,54.897,1,21
11,929,56.5357,1,22
11,931,58.1735,1,23
11,933,59.8414,1,24
11,935,61.4658,1,25
11,937,63.3425,1,26
11,939,65.3794,1,27
11,940,67.0611,1,28
11,941,68.6919,1,29
11,942,70.3222,1,30
11,943,71.9399,1,31
11,944,73.5497,1,32
11,945,75.4904,1,33
11,946,77.7267,1,34
11,947,79.8777,1,35
11,948,82.1144,1,36
11,949,83.9958,1,37
11,950,85.7833,1,38
11,951,87.5423,1,39
11,952,89.3243,1,40
11,953,91.126,1,41
11,954,92.8799,1,42
11,955,94.6275,1,43
11,956,96.6423,1,44
11,957,98.7302,1,45
11,958,100.516,1,46
11,959,102.276,1,47
11,960,104.023,1,48
11,961,110.182,1,52
11,962,112.076,1,53
11,963,115.865,1,55
11,964,122.665,1,59
11,965,125.119,1,60
11,966,126.949,1,61
11,967,128.543,1,62
11,968,133.009,1,65
11,969,143.481,1,72
11,970,147.977,1,74
11,971,155.986,1,79
11,972,180.53,1,97
11,973,187.942,1,101
11,974,195.476,1,106
11,975,202.732,1,110
11,976,223.981,1,122
11,977,227.88,1,124
11,978,244.971,1,135
11,979,256.228,1,142
11,980,314.709,1,187
11,981,352.325,1,215
11,982,387.828,1,241
11,983,397.285,1,248
11,984,423.363,1,265
11,985,474.03,1,303
11,986,503.72,1,325
11,987,835.903,1,579
11,988,841.963,1,583
11,989,1578.05,1,1140
11,990,1579.97,1,1141
11,991,3773.87,1,2803
11,992,3981.9,1,2959
11,993,47174,1,35703
12,890,2.28525,1,1
12,893,4.4051,1,2
12,896,6.35205,1,3
12,899,8.24215,1,4
12,902,10.1895,1,5
12,904,12.834,1,6
12,906,15.0277,1,7
12,908,16.8471,1,8
12,910,18.8544,1,9
12,912,21.8585,1,10
12,914,25.2483,1,11
12,916,27.7187,1,12
12,918,31.1101,1,13
12,920,33.4561,1,14
12,922,36.5716,1,15
12,924,39.7687,1,16
12,926,42.3106,1,17
12,928,45.8993,1,18
12,930,48.7657,1,19
12,932,50.8804,1,20
12,934,52.9457,1,21
12,935,54.7802,1,22
12,936,56.4761,1,23
12,938,58.1467,1,24
12,939,59.7932,1,25
12,941,61.495,1,26
12,942,64.1577,1,27
12,943,67.0797,1,28
12,944,70.0127,1,29
12,946,73.382,1,30
12,947,75.8433,1,31
12,948,77.6142,1,32
12,949,79.9101,1,33
12,950,82.1077,1,34
12,951,83.845,1,35
12,952,85.7308,1,36
12,953,87.4026,1,37
12,954,89.0503,1,38
12,955,90.6834,1,39
12,956,92.2988,1,40
12,957,93.9035,1,41
12,958,98.6295,1,44
12,959,100.369,1,45
12,960,102.004,1,46
12,961,103.616,1,47
12,962,105.211,1,48
12,963,106.788,1,49
12,964,110.757,1,52
12,965,113.997,1,54
12,966,119.275,1,58
12,967,120.865,1,59
12,968,127.286,1,64
12,969,134.288,1,69
12,970,135.943,1,70
12,971,143.551,1,76
12,972,149.729,1,80
12,973,153.008,1,82
12,974,156.467,1,84
12,975,163.97,1,89
12,976,165.913,1,90
12,977,169.067,1,92
12,978,170.927,1,93
12,979,172.705,1,94
12,980,201.559,1,116
12,981,208.532,1,121
12,982,210.36,1,122
12,983,214.778,1,125
12,984,263.531,1,158
12,985,286.559,1,175
12,986,362.02,1,234
12,987,370.131,1,240
12,988,600.184,1,417
12,989,1087.8,1,785
12,990,4691.32,1,3501
12,991,18037.5,1,13472
12,992,19837.1,1,14815
12,993,109544,1,76121
13,877,2.39342,1,1
13,880,5.80571,1,2
13,883,9.16668,1,3
13,886,11.8621,1,4
13,889,14.2267,1,5
13,892,16.5238,1,6
13,895,18.5596,1,7
13,898,20.8101,1,8
13,900,23.4186,1,9
13,902,25.6202,1,10
13,904,27.9433,1,11
13,906,30.1496,1,12
13,908,32.4365,1,13
13,910,34.5587,1,14
13,912,36.6134,1,15
13,914,39.6854,1,16
13,916,41.7733,1,17
13,918,43.6283,1,18
13,920,45.6285,1,19
13,922,49.0432,1,20
13,925,51.5613,1,21
13,927,54.8343,1,22
13,929,57.4728,1,23
13,931,59.402,1,24
13,933,62.6209,1,25
13,934,65.5721,1,26
13,935,68.3003,1,27
13,936,70.8342,1,28
13,937,73.7795,1,29
13,938,75.8571,1,30
13,939,78.2312,1,31
13,940,80.908,1,32
13,941,84.0487,1,33
13,942,86.6308,1,34
13,943,89.0693,1,35
13,945,92.4745,1,36
13,946,95.2389,1,37
13,947,97.1729,1,38
13,948,98.8443,1,39
13,949,100.435,1,40
13,950,102.015,1,41
13,952,103.69,1,42
13,953,106.105,1,43
13,954,108.122,1,44
13,955,111.14,1,45
13,956,113.544,1,46
13,957,115.33,1,47
13,958,116.971,1,48
13,959,118.594,1,49
13,960,120.256,1,50
13,961,122.437,1,51
13,962,124.927,1,52
13,963,126.967,1,53
13,964,131.25,1,56
13,965,135.226,1,58
13,966,137.564,1,59
13,967,144.586,1,64
13,968,146.652,1,65
13,969,157.433,1,73
13,970,164.366,1,78
13,971,171.541,1,83
13,972,178.945,1,88
13,973,183.15,1,90
13,974,188.131,1,93
13,975,193.589,1,96
13,976,199.755,1,100
13,977,202.612,1,102
13,978,246.945,1,137
13,979,258.911,1,146
13,980,323.937,1,188
13,981,332.241,1,194
13,982,345.102,1,203
13,983,346.978,1,204
13,984,538.139,1,345
13,985,784.514,1,532
13,986,924.236,1,634
13,987,1015.36,1,705
13,988,1036.01,1,721
13,989,1060.05,1,737
13,990,1144.1,1,795
13,991,1440.35,1,1022
13,992,1648.02,1,1180
13,993,1656.14,1,1185
14,888,1.8297,1,1
14,892,3.72178,1,2
14,895,5.33476,1,3
14,898,7.14315,1,4
14,901,9.70671,1,5
14,904,11.6623,1,6
14,906,13.3953,1,7
14,908,15.0817,1,8
14,910,16.7539,1,9
14,912,18.3993,1,10
14,915,20.2874,1,11
14,917,22.0164,1,12
14,919,24.9195,1,13
14,922,28.0815,1,14
14,924,31.3825,1,15
14,926,34.0633,1,16
14,928,35.9664,1,17
14,930,37.8743,1,18
14,932,40.3135,1,19
14,934,44.254,1,20
14,936,47.322,1,21
14,938,50.7071,1,22
14,940,53.3105,1,23
14,942,55.4406,1,24
14,943,57.7053,1,25
14,944,60.1071,1,26
14,945,63.0855,1,27
14,946,65.5602,1,28
14,947,67.4026,1,29
14,948,69.0933,1,30
14,949,70.9736,1,31
14,950,72.6726,1,32
14,951,74.6657,1,33
14,952,76.664,1,34
14,953,78.3591,1,35
14,955,80.0009,1,36
14,956,81.5957,1,37
14,957,83.1736,1,38
14,958,84.7735,1,39
14,959,87.7859,1,40
14,960,89.9275,1,41
14,961,92.2723,1,42
14,962,95.1466,1,43
14,963,97.45,1,44
14,964,99.1984,1,45
14,965,107.713,1,51
14,966,110.053,1,52
14,967,111.952,1,53
14,968,115.093,1,55
14,969,117.628,1,56
14,970,124.465,1,60
14,971,128.685,1,62
14,972,138.692,1,68
14,973,148.299,1,74
14,974,172.94,1,92
14,975,188.884,1,103
14,976,191.92,1,104
14,977,194.686,1,105
14,978,200.724,1,109
14,979,208.023,1,113
14,980,211.353,1,114
14,981,213.823,1,115
14,982,215.707,1,116
14,983,220.921,1,120
14,984,238.58,1,132
14,985,263.963,1,147
14,986,289.449,1,166
14,987,945.97,1,661
14,988,1138.29,1,803
14,989,1158.7,1,818
14,990,1199.38,1,849
14,991,1727.92,1,1248
14,992,1759.99,1,1272
14,993,72591.6,1,45326
15,882,2.14946,1,1
15,885,4.19944,1,2
15,888,6.0927,1,3
15,891,7.9378,1,4
15,894,10.4714,1,5
15,897,12.8075,1,6
15,899,14.8279,1,7
15,901,16.7535,1,8
15,903,18.6346,1,9
15,905,20.4907,1,10
15,907,22.8652,1,11
15,909,25.2953,1,12
15,911,28.7826,1,13
15,913,32.7314,1,14
15,915,35.8353,1,15
15,917,38.0495,1,16
15,919,40.3419,1,17
15,921,43.607,1,18
15,923,47.0615,1,19
15,924,50.308,1,20
15,925,52.896,1,21
15,926,55.021,1,22
15,928,56.8432,1,23
15,929,59.2848,1,24
15,931,61.574,1,25
15,932,63.3828,1,26
15,933,65.1225,1,27
15,935,66.8187,1,28
15,936,68.4826,1,29
15,937,70.1323,1,30
15,939,71.78,1,31
15,940,74.6788,1,32
15,941,78.3816,1,33
15,942,80.9499,1,34
15,943,83.0516,1,35
15,945,84.8402,1,36
15,947,86.5898,1,37
15,948,88.3334,1,38
15,949,90.0573,1,39
15,950,91.9838,1,40
15,951,94.1107,1,41
15,952,96.0561,1,42
15,953,97.9628,1,43
15,954,99.8438,1,44
15,955,101.707,1,45
15,956,103.676,1,46
15,957,105.822,1,47
15,958,107.713,1,48
15,959,109.905,1,49
15,960,111.922,1,50
15,961,113.535,1,51
15,962,115.124,1,52
15,963,116.707,1,53
15,964,118.285,1,54
15,965,120.123,1,55
15,966,125.695,1,59
15,967,131.383,1,62
15,968,139.916,1,67
15,969,151.77,1,75
15,970,161.22,1,81
15,971,164.094,1,82
15,972,166.398,1,83
15,973,169.367,1,85
15,974,171.135,1,86
15,975,172.753,1,87
15,976,174.365,1,88
15,977,181.457,1,93
15,978,195.382,1,102
15,979,198.415,1,103
15,980,204.005,1,107
15,981,227.483,1,124
15,982,295.891,1,168
15,983,307.571,1,176
15,984,323.814,1,188
15,985,408.295,1,252
15,986,580.136,1,381
15,987,583.136,1,382
15,988,773.601,1,521
15,989,788.005,1,529
15,990,1781.98,1,1279
15,991,3036.82,1,2223
15,992,8303.65,1,6208
15,993,27651.6,1,20903
16,877,6.52614,1,1
16,881,10.2381,1,2
16,884,13.1999,1,3
16,887,15.4189,1,4
16,890,17.2561,1,5
16,893,19.0277,1,6
16,896,20.7761,1,7
16,899,22.7065,1,8
16,901,24.9977,1,9
16,903,27.7795,1,10
16,905,49.3894,1,11
16,907,52.834,1,12
16,909,55.7916,1,13
16,911,58.2872,1,14
16,913,60.9503,1,15
16,915,63.0492,1,16
16,917,64.734,1,17
16,919,66.3912,1,18
16,921,68.0259,1,19
16,923,69.646,1,20
16,925,71.2578,1,21
16,927,73.0038,1,22
16,929,75.4,1,23
16,930,77.8277,1,24
16,932,79.7384,1,25
16,933,81.407,1,26
16,934,83.05,1,27
16,935,84.6796,1,28
16,936,86.2882,1,29
16,937,87.8984,1,30
16,938,90.1774,1,31
16,939,93.2312,1,32
16,941,96.0893,1,33
16,942,99.2315,1,34
16,943,101.604,1,35
16,944,103.48,1,36
16,945,105.944,1,37
16,946,109.345,1,38
16,948,112.367,1,39
16,949,114.899,1,40
16,950,117.327,1,41
16,951,119.658,1,42
16,952,121.752,1,43
16,953,123.71,1,44
16,954,125.648,1,45
16,955,127.553,1,46
16,956,129.372,1,47
16,957,132.386,1,48
16,958,134.793,1,49
16,959,137.103,1,50
16,960,141.698,1,53
16,961,144.928,1,55
16,962,147.46,1,56
16,963,152.281,1,59
16,964,155.805,1,61
16,965,157.668,1,62
16,966,159.333,1,63
16,967,168.512,1,70
16,968,170.637,1,71
16,969,176.033,1,75
16,970,178.054,1,76
16,971,179.788,1,77
16,972,181.368,1,78
16,973,184.338,1,80
16,974,187.209,1,82
16,975,197.691,1,90
16,976,201.038,1,92
16,977,230.777,1,114
16,978,262.194,1,138
16,979,306.793,1,169
16,980,311.28,1,171
16,981,319.392,1,175
16,982,371.135,1,211
16,983,473.84,1,288
16,984,540.768,1,335
16,985,574.253,1,358
16,986,783.753,1,515
16,987,803.922,1,530
16,988,812.689,1,536
16,989,818.061,1,539
16,990,1647.27,1,1122
16,991,1972.66,1,1364
16,992,1974.95,1,1365
16,993,41659.6,1,30590
17,881,2.07722,1,1
17,884,4.43155,1,2
17,887,6.54114,1,3
17,890,8.73876,1,4
17,893,10.707,1,5
17,896,13.0625,1,6
17,899,15.0502,1,7
17,901,16.9363,1,8
17,903,18.7704,1,9
17,905,20.576,1,10
17,907,22.4542,1,11
17,909,25.4224,1,12
17,911,27.7325,1,13
17,914,29.657,1,14
17,917,31.5195,1,15
17,919,33.4396,1,16
17,922,35.4295,1,17
17,924,37.3564,1,18
17,926,39.4332,1,19
17,928,41.5424,1,20
17,930,43.3117,1,21
17,933,44.9614,1,22
17,935,46.5838,1,23
17,937,48.1964,1,24
17,939,49.8023,1,25
17,942,51.407,1,26
17,943,52.9935,1,27
17,944,54.6586,1,28
17,945,56.8491,1,29
17,946,58.9307,1,30
17,948,60.5784,1,31
17,949,62.1886,1,32
17,951,63.7969,1,33
17,952,65.5662,1,34
17,953,67.2005,1,35
17,955,68.8055,1,36
17,956,70.4193,1,37
17,957,72.043,1,38
17,958,73.6382,1,39
17,959,75.2318,1,40
17,960,76.8172,1,41
17,961,78.3915,1,42
17,962,79.9626,1,43
17,963,81.5408,1,44
17,964,83.1104,1,45
17,965,84.678,1,46
17,966,86.4382,1,47
17,967,92.4322,1,51
17,968,94.2967,1,52
17,969,96.1232,1,53
17,970,104.794,1,58
17,971,130.783,1,73
17,972,139.317,1,78
17,973,152.429,1,87
17,974,164.32,1,96
17,975,183.227,1,110
17,976,188.9,1,114
17,977,198.221,1,121
17,978,209.754,1,129
17,979,214.876,1,132
17,980,220.168,1,135
17,981,224.195,1,137
17,982,305.665,1,200
17,983,515.023,1,355
17,984,540.804,1,370
17,985,549.035,1,375
17,986,665.109,1,466
17,987,675.556,1,473
17,988,679.764,1,475
17,989,810.826,1,564
17,990,816.308,1,567
17,991,4137.18,1,3017
17,992,11235.3,1,8092
17,993,56008.8,1,40927
18,878,2.29907,1,1
18,881,4.85473,1,2
18,884,8.03649,1,3
18,887,11.159,1,4
18,890,13.7174,1,5
18,893,16.3019,1,6
18,896,18.3503,1,7
18,898,20.2921,1,8
18,900,22.8987,1,9
18,902,26.2854,1,10
18,904,29.6242,1,11
18,906,31.9995,1,12
18,908,34.4778,1,13
18,910,37.1384,1,14
18,912,40.0916,1,15
18,914,42.2103,1,16
18,916,43.9682,1,17
18,918,46.0272,1,18
18,920,47.8249,1,19
18,922,49.4841,1,20
18,923,51.1267,1,21
18,924,52.7859,1,22
18,925,54.4399,1,23
18,926,56.1149,1,24
18,927,57.7334,1,25
18,928,59.3254,1,26
18,930,60.9187,1,27
18,931,62.5072,1,28
18,932,64.0941,1,29
18,933,65.6759,1,30
18,934,67.253,1,31
18,935,69.6093,1,32
18,937,72.0505,1,33
18,938,73.834,1,34
18,939,75.5456,1,35
18,941,77.2155,1,36
18,942,78.86,1,37
18,943,80.4939,1,38
18,944,82.118,1,39
18,945,83.7503,1,40
18,946,85.3929,1,41
18,948,86.9996,1,42
18,949,88.5952,1,43
18,950,90.186,1,44
18,951,91.769,1,45
18,952,93.3473,1,46
18,953,94.9073,1,47
18,954,96.6999,1,48
18,955,98.4862,1,49
18,956,100.509,1,50
18,957,102.675,1,51
18,958,104.539,1,52
18,959,108.915,1,55
18,960,110.728,1,56
18,961,112.493,1,57
18,962,114.294,1,58
18,963,116.223,1,59
18,964,119.324,1,61
18,965,121.14,1,62
18,966,122.909,1,63
18,967,125.962,1,65
18,968,135.644,1,72
18,969,141.461,1,76
18,970,148.521,1,81
18,971,154.205,1,85
18,972,156.23,1,86
18,973,165.582,1,93
18,974,167.653,1,94
18,975,175.71,1,100
18,976,177.807,1,101
18,977,205.859,1,123
18,978,238.962,1,144
18,979,262.044,1,161
18,980,293.115,1,185
18,981,296.259,1,187
18,982,298.03,1,188
18,983,531.076,1,361
18,984,551.583,1,375
18,985,574.938,1,392
18,986,1233.14,1,875
18,987,1588.09,1,1136
18,988,1683.3,1,1205
18,989,2431.76,1,1763
18,990,6218.23,1,4513
18,991,8112.99,1,5908
18,992,8165.89,1,5949
18,993,10027.7,1,7343
19,883,2.47119,1,1
19,887,5.47293,1,2
19,891,8.49638,1,3
19,894,11.386,1,4
19,897,13.4972,1,5
19,900,15.5681,1,6
19,903,19.5583,1,7
19,905,40.9155,1,8
19,907,44.2315,1,9
19,909,46.6462,1,10
19,911,48.6468,1,11
19,913,50.5555,1,12
19,915,52.4006,1,13
19,917,54.2378,1,14
19,919,56.0387,1,15
19,921,57.7859,1,16
19,923,59.5295,1,17
19,925,61.2712,1,18
19,927,63.0176,1,19
19,929,65.7043,1,20
19,931,67.8123,1,21
19,933,69.5891,1,22
19,935,71.2069,1,23
19,936,72.8108,1,24
19,938,74.4151,1,25
19,940,76.0051,1,26
19,941,77.5865,1,27
19,943,79.2927,1,28
19,944,80.9961,1,29
19,945,82.6264,1,30
19,946,84.2303,1,31
19,948,85.8259,1,32
19,949,87.4239,1,33
19,950,89.0124,1,34
19,951,90.5942,1,35
19,952,92.1744,1,36
19,953,93.7487,1,37
19,954,95.4797,1,38
19,955,97.6454,1,39
19,956,99.8004,1,40
19,957,101.624,1,41
19,958,103.242,1,42
19,959,104.836,1,43
19,960,108.857,1,46
19,961,112.193,1,48
19,962,116.696,1,51
19,963,126.078,1,58
19,964,129.742,1,60
19,965,135.503,1,64
19,966,137.322,1,65
19,967,139.092,1,66
19,968,145.982,1,71
19,969,150.031,1,73
19,970,152.22,1,74
19,971,153.963,1,75
19,972,155.541,1,76
19,973,157.199,1,77
19,974,178.649,1,93
19,975,196.49,1,105
19,976,204.369,1,110
19,977,212.035,1,114
19,978,217.838,1,117
19,979,230.388,1,123
19,980,276.164,1,157
19,981,286.603,1,164
19,982,325.712,1,194
19,983,333.637,1,199
19,984,336.76,1,200
19,985,529.085,1,342
19,986,611.402,1,403
19,987,1628.1,1,1171
19,988,1643.67,1,1182
19,989,1843.95,1,1327
19,990,5579.55,1,4126
19,991,7325.96,1,5444
19,992,7480.51,1,5561
19,993,8767.38,1,6489
20,879,2.31407,1,1
20,883,4.77736,1,2
20,887,6.98051,1,3
20,890,9.10036,1,4
20,893,11.236,1,5
20,896,13.5469,1,6
20,899,15.9514,1,7
20,902,17.9465,1,8
20,905,19.8583,1,9
20,908,21.7938,1,10
20,910,24.1462,1,11
20,912,26.405,1,12
20,914,28.8162,1,13
20,916,31.3841,1,14
20,918,34.942,1,15
20,920,37.3082,1,16
20,922,39.0886,1,17
20,924,40.6759,1,18
20,925,42.2561,1,19
20,926,43.8304,1,20
20,927,45.4015,1,21
20,929,47.8273,1,22
20,930,50.8713,1,23
20,932,53.2738,1,24
20,934,55.4201,1,25
20,935,58.5714,1,26
20,937,60.9258,1,27
20,938,63.727,1,28
20,940,66.9877,1,29
20,941,70.0889,1,30
20,942,73.0077,1,31
20,944,75.2752,1,32
20,945,77.3248,1,33
20,946,79.2094,1,34
20,947,80.9219,1,35
20,948,82.6008,1,36
20,949,84.2524,1,37
20,950,85.8915,1,38
20,951,87.5127,1,39
20,952,89.1218,1,40
20,953,90.7316,1,41
20,954,92.326,1,42
20,955,95.0791,1,43
20,956,98.2498,1,44
20,957,105.898,1,48
20,958,107.686,1,49
20,959,109.387,1,50
20,960,111.183,1,51
20,961,112.921,1,52
20,962,115.865,1,54
20,963,117.495,1,55
20,964,122.901,1,59
20,965,124.727,1,60
20,966,129.006,1,63
20,967,138.555,1,70
20,968,146.721,1,76
20,969,170.719,1,93
20,970,195.52,1,112
20,971,206.42,1,120
20,972,221.685,1,132
20,973,224.926,1,134
20,974,243.432,1,148
20,975,245.307,1,149
20,976,247.125,1,150
20,977,257.628,1,158
20,978,273.002,1,168
20,979,281.185,1,173
20,980,284.275,1,174
20,981,304.725,1,189
20,982,321.674,1,202
20,983,353.505,1,226
20,984,380.518,1,247
20,985,437.005,1,292
20,986,667.953,1,463
20,987,674.668,1,466
20,988,699.689,1,479
20,989,1236.47,1,883
20,990,1241.9,1,886
20,991,3701.74,1,2656
20,992,7972.95,1,5794
20,993,29200.1,1,21566
