1,888,2.03853,1,1
1,892,4.19865,1,2
1,895,6.6043,1,3
1,898,8.68981,1,4
1,901,11.7598,1,5
1,904,15.0983,1,6
1,907,18.1983,1,7
1,910,20.9309,1,8
1,913,23.453,1,9
1,916,26.2214,1,10
1,918,29.3783,1,11
1,920,32.8518,1,12
1,922,36.2388,1,13
1,924,38.9883,1,14
1,926,41.6336,1,15
1,928,44.9953,1,16
1,929,47.4598,1,17
1,930,50.0372,1,18
1,931,52.2968,1,19
1,932,54.3933,1,20
1,933,56.4117,1,21
1,934,59.3835,1,22
1,936,62.2719,1,23
1,937,64.6057,1,24
1,938,66.75,1,25
1,939,68.8158,1,26
1,940,70.8326,1,27
1,941,72.962,1,28
1,942,75.8611,1,29
1,943,78.1526,1,30
1,944,79.9488,1,31
1,945,82.1014,1,32
1,946,83.8261,1,33
1,947,85.8915,1,34
1,948,87.5798,1,35
1,949,89.6038,1,36
1,950,91.6293,1,37
1,951,93.2987,1,38
1,952,95.2737,1,39
1,953,96.9325,1,40
1,954,98.8755,1,41
1,955,100.528,1,42
1,956,103.039,1,43
1,957,105.513,1,44
1,958,155.774,1,45
1,959,206.618,1,46
1,960,209.851,1,47
1,961,258.387,1,48
1,962,262.152,1,49
1,963,310.388,1,50
1,964,313.787,1,51
1,965,360.669,1,52
1,966,409.773,1,53
1,967,412.924,1,54
1,968,415.301,1,55
1,969,464.311,1,56
1,970,467.101,1,57
1,971,470.154,1,58
1,972,472.515,1,59
1,973,519.59,1,60
1,974,793.363,1,66
1,975,841.265,1,67
1,976,936.627,1,69
1,977,1030.5,1,71
1,978,1078.64,1,72
1,979,1266.57,1,76
1,980,1405.69,1,79
1,981,1547.37,1,82
1,982,1636.64,1,84
1,983,2324.24,1,99
1,984,2370.43,1,100
1,985,2418.18,1,101
1,986,2466.61,1,102
1,987,5740.1,1,174
1,988,6612.34,1,193
1,989,11318.6,1,301
1,990,15534.9,1,395
1,991,52874.8,1,1237
1,992,53030.3,1,1240
1,993,53356.1,1,1247
2,879,2.73449,1,1
2,883,4.83066,1,2
2,886,6.71168,1,3
2,889,8.55086,1,4
2,892,10.4919,1,5
2,895,12.6828,1,6
2,897,14.5066,1,7
2,899,16.6777,1,8
2,901,18.5667,1,9
2,903,20.4027,1,10
2,905,22.7874,1,11
2,907,24.9108,1,12
2,909,26.8826,1,13
2,911,28.8181,1,14
2,913,30.7805,1,15
2,915,33.7277,1,16
2,917,36.2297,1,17
2,919,38.6184,1,18
2,921,40.923,1,19
2,923,42.9382,1,20
2,925,44.6933,1,21
2,927,46.8542,1,22
2,929,48.65,1,23
2,931,50.3431,1,24
2,933,52.0165,1,25
2,935,53.6682,1,26
2,937,55.3131,1,27
2,938,56.9273,1,28
2,939,58.5351,1,29
2,940,60.1327,1,30
2,941,61.7358,1,31
2,942,63.849,1,32
2,943,65.7185,1,33
2,944,67.3777,1,34
2,945,69.014,1,35
2,946,70.6352,1,36
2,947,72.2585,1,37
2,948,73.8742,1,38
2,950,75.4809,1,39
2,951,77.0797,1,40
2,952,79.3791,1,41
2,953,82.4555,1,42
2,955,84.9038,1,43
2,956,87.0339,1,44
2,957,89.078,1,45
2,958,91.0379,1,46
2,959,92.9821,1,47
2,960,96.2144,1,48
2,961,99.2485,1,49
2,962,102.303,1,50
2,963,104.893,1,51
2,964,107.193,1,52
2,965,109.163,1,53
2,966,111.109,1,54
2,967,112.864,1,55
2,968,114.485,1,56
2,969,116.094,1,57
2,970,164.381,1,58
2,971,212.407,1,59
2,972,214.38,1,60
2,973,216.253,1,61
2,974,218.208,1,62
2,975,220.983,1,63
2,976,269.786,1,64
2,977,318.302,1,65
2,978,366.543,1,66
2,979,368.964,1,67
2,980,559.377,1,72
2,981,654.724,1,74
2,982,699.545,1,75
2,983,750.774,1,76
2,984,1311.62,1,88
2,985,1359.25,1,89
2,986,1816.82,1,99
2,987,3427.7,1,135
2,988,4716.26,1,163
2,989,4761.57,1,164
2,990,100192,1,2314
2,991,125341,1,2877
2,992,127783,1,2929
3,892,2.42302,1,1
3,895,4.58354,1,2
3,898,6.70378,1,3
3,901,9.19707,1,4
3,904,11.5139,1,5
3,907,13.7044,1,6
3,909,15.7619,1,7
3,911,18.168,1,8
3,913,20.741,1,9
3,915,22.8569,1,10
3,918,24.9144,1,11
3,920,27.1554,1,12
3,922,30.0221,1,13
3,924,31.9466,1,14
3,926,33.6883,1,15
3,928,35.3968,1,16
3,930,37.0303,1,17
3,932,38.6527,1,18
3,934,40.2709,1,19
3,936,41.885,1,20
3,937,43.4913,1,21
3,938,45.0976,1,22
3,939,46.7098,1,23
3,940,48.3144,1,24
3,941,51.8803,1,25
3,942,54.8887,1,26
3,943,58.1877,1,27
3,944,61.0328,1,28
3,945,63.3204,1,29
3,946,65.3877,1,30
3,948,68.8063,1,31
3,949,71.9506,1,32
3,950,74.8599,1,33
3,951,77.6868,1,34
3,952,79.7332,1,35
3,954,82.082,1,36
3,955,84.618,1,37
3,956,86.4307,1,38
3,957,88.0611,1,39
3,958,89.6894,1,40
3,959,91.3127,1,41
3,960,92.9391,1,42
3,961,94.5556,1,43
3,962,96.1947,1,44
3,963,97.8554,1,45
3,964,99.4767,1,46
3,965,101.097,1,47
3,966,102.775,1,48
3,967,104.393,1,49
3,968,106.004,1,50
3,969,107.621,1,51
3,970,109.23,1,52
3,971,110.85,1,53
3,972,113.596,1,54
3,973,115.927,1,55
3,974,118.085,1,56
3,975,120.252,1,57
3,976,169.148,1,58
3,977,216.752,1,59
3,978,265.17,1,60
3,979,314.535,1,61
3,980,359.741,1,62
3,981,457.15,1,65
3,982,977.112,1,77
3,983,1591.09,1,90
3,984,1779.53,1,94
3,985,2015.74,1,99
3,986,2524.49,1,110
3,987,2803.52,1,116
3,988,3033.75,1,121
3,989,3912.54,1,140
3,990,4286.57,1,149
3,991,15208.7,1,390
3,992,15257.3,1,391
3,993,15403.9,1,394
4,879,2.78423,1,1
4,883,21.8826,1,2
4,887,24.7758,1,3
4,891,27.7547,1,4
4,894,30.6368,1,5
4,897,33.2414,1,6
4,900,35.6494,1,7
4,903,38.1313,1,8
4,906,40.7304,1,9
4,909,43.0361,1,10
4,912,45.5776,1,11
4,915,48.1936,1,12
4,918,50.636,1,13
4,920,53.1692,1,14
4,922,55.7809,1,15
4,924,58.2572,1,16
4,926,61.0746,1,17
4,928,64.6693,1,18
4,930,67.6698,1,19
4,932,70.1615,1,20
4,934,72.5561,1,21
4,936,74.931,1,22
4,938,78.8478,1,23
4,940,83.0204,1,24
4,942,86.2148,1,25
4,943,89.1115,1,26
4,944,91.8851,1,27
4,945,94.5173,1,28
4,946,96.9076,1,29
4,947,99.1636,1,30
4,948,101.679,1,31
4,949,104.042,1,32
4,950,106.238,1,33
4,951,109.24,1,34
4,952,111.892,1,35
4,953,114.403,1,36
4,955,116.879,1,37
4,956,119.321,1,38
4,957,121.742,1,39
4,958,124.349,1,40
4,959,126.774,1,41
4,960,129.179,1,42
4,961,131.57,1,43
4,962,133.949,1,44
4,963,183.096,1,45
4,964,232.513,1,46
4,965,283.133,1,47
4,966,334.614,1,48
4,967,385.097,1,49
4,968,433.839,1,50
4,969,484.411,1,51
4,970,536.216,1,52
4,971,586.646,1,53
4,972,637.318,1,54
4,973,786.661,1,57
4,974,885.294,1,59
4,975,935.775,1,60
4,976,1031.74,1,62
4,977,1082.16,1,63
4,978,1326.13,1,68
4,979,1945.29,1,81
4,980,2325.8,1,89
4,981,2424.36,1,91
4,982,2523.71,1,93
4,983,3341.8,1,110
4,984,5987.01,1,166
4,985,7457.71,1,197
4,986,7508.13,1,198
4,987,7848.1,1,205
4,988,9284.55,1,235
4,989,24685.2,1,564
4,990,30939.3,1,693
4,991,39126.1,1,860
4,992,116441,1,2471
5,889,5.29765,1,1
5,893,11.4318,1,2
5,897,15.8389,1,3
5,901,20.831,1,4
5,904,24.8852,1,5
5,907,28.8434,1,6
5,910,34.0053,1,7
5,912,38.8031,1,8
5,915,43.4502,1,9
5,917,48.4866,1,10
5,919,53.23,1,11
5,921,57.5111,1,12
5,923,61.5388,1,13
5,925,66.2511,1,14
5,927,70.58,1,15
5,929,75.2847,1,16
5,931,81.8049,1,17
5,933,88.2794,1,18
5,935,94.1123,1,19
5,937,99.9847,1,20
5,938,105.745,1,21
5,939,111.14,1,22
5,941,115.942,1,23
5,942,120.692,1,24
5,943,125.429,1,25
5,944,129.646,1,26
5,946,135.518,1,27
5,947,141.468,1,28
5,948,146.012,1,29
5,949,151.972,1,30
5,950,157.941,1,31
5,951,162.98,1,32
5,952,167.628,1,33
5,953,172.241,1,34
5,954,177.88,1,35
5,955,183.779,1,36
5,957,189.941,1,37
5,959,196.138,1,38
5,961,202.68,1,39
5,962,208.534,1,40
5,963,213.25,1,41
5,964,219.792,1,42
5,965,224.496,1,43
5,966,228.625,1,44
5,967,232.67,1,45
5,968,236.976,1,46
5,969,241.729,1,47
5,970,247.806,1,48
5,971,253.975,1,49
5,972,259.895,1,50
5,973,312.98,1,51
5,974,319.09,1,52
5,975,324.961,1,53
5,976,331.216,1,54
5,977,337.234,1,55
5,978,391.309,1,56
5,979,396.992,1,57
5,980,451.645,1,58
5,981,500.884,1,59
5,982,550.948,1,60
5,983,833.413,1,66
5,984,1261.09,1,75
5,985,1872.86,1,88
5,986,5237.72,1,160
5,987,5475.94,1,165
5,988,18303.1,1,442
5,989,18404.2,1,444
5,990,19085.2,1,458
5,991,23047.6,1,540
5,992,34014.8,1,777
6,882,2.16406,1,1
6,886,4.8496,1,2
6,889,8.28676,1,3
6,892,10.4536,1,4
6,895,12.6184,1,5
6,898,14.8315,1,6
6,901,17.1901,1,7
6,904,19.1995,1,8
6,907,21.0213,1,9
6,910,23.5398,1,10
6,912,26.2036,1,11
6,914,28.3527,1,12
6,916,30.2065,1,13
6,918,31.8578,1,14
6,920,33.5039,1,15
6,922,35.1366,1,16
6,924,36.7721,1,17
6,926,38.768,1,18
6,928,41.8021,1,19
6,930,44.0629,1,20
6,931,46.176,1,21
6,932,47.9457,1,22
6,933,49.5895,1,23
6,934,51.2254,1,24
6,935,52.8621,1,25
6,936,54.5895,1,26
6,937,57.0354,1,27
6,938,59.2808,1,28
6,939,61.5084,1,29
6,940,63.4566,1,30
6,941,65.1753,1,31
6,942,66.8748,1,32
6,943,68.5545,1,33
6,944,70.4541,1,34
6,946,73.0212,1,35
6,947,75.5674,1,36
6,948,77.6355,1,37
6,949,79.6507,1,38
6,950,81.6281,1,39
6,951,83.5873,1,40
6,953,85.5453,1,41
6,954,87.4831,1,42
6,955,89.841,1,43
6,956,92.1835,1,44
6,957,94.0949,1,45
6,958,95.9645,1,46
6,959,97.8175,1,47
6,960,99.6555,1,48
6,962,101.602,1,49
6,963,103.502,1,50
6,964,105.391,1,51
6,965,107.827,1,52
6,966,110.498,1,53
6,967,112.793,1,54
6,968,114.707,1,55
6,969,116.683,1,56
6,970,118.766,1,57
6,971,120.563,1,58
6,972,170.907,1,59
6,973,222.49,1,60
6,974,271.814,1,61
6,975,321.158,1,62
6,976,463.467,1,66
6,977,465.702,1,67
6,978,609.908,1,70
6,979,705.08,1,72
6,980,797.784,1,74
6,981,1031.24,1,79
6,982,1778.61,1,95
6,983,1875.89,1,98
6,984,2066.82,1,102
6,985,2393.01,1,109
6,986,7041.96,1,211
6,987,7511.41,1,221
6,988,7605.77,1,223
6,989,10980.4,1,297
6,990,14447.9,1,377
6,991,15669.8,1,405
7,887,2.75225,1,1
7,890,5.61543,1,2
7,893,8.37124,1,3
7,896,12.4803,1,4
7,899,16.7314,1,5
7,902,20.3814,1,6
7,905,23.4399,1,7
7,908,26.7946,1,8
7,910,31.1038,1,9
7,912,35.7027,1,10
7,914,39.9136,1,11
7,916,43.6721,1,12
7,918,46.9055,1,13
7,920,49.6637,1,14
7,922,52.384,1,15
7,924,55.066,1,16
7,926,58.1005,1,17
7,928,61.6707,1,18
7,930,64.5947,1,19
7,932,67.4085,1,20
7,934,70.1663,1,21
7,936,73.3125,1,22
7,938,76.9462,1,23
7,939,79.9863,1,24
7,940,82.8195,1,25
7,941,85.7801,1,26
7,943,88.9773,1,27
7,944,91.7197,1,28
7,946,94.7175,1,29
7,947,97.5645,1,30
7,948,100.492,1,31
7,949,103.365,1,32
7,951,106.042,1,33
7,952,108.832,1,34
7,953,112.05,1,35
7,954,114.894,1,36
7,955,117.517,1,37
7,956,120.289,1,38
7,957,122.976,1,39
7,958,125.584,1,40
7,959,128.565,1,41
7,960,131.284,1,42
7,961,133.77,1,43
7,962,136.785,1,44
7,963,184.081,1,45
7,964,187.203,1,46
7,965,190.134,1,47
7,966,240.504,1,48
7,967,289.35,1,49
7,968,339.123,1,50
7,969,388.419,1,51
7,970,392.608,1,52
7,971,396.182,1,53
7,972,443.01,1,54
7,973,447.773,1,55
7,974,451.006,1,56
7,975,501.659,1,57
7,976,550.446,1,58
7,977,828.964,1,64
7,978,1347.89,1,75
7,979,1589.7,1,80
7,980,2144.85,1,92
7,981,2470.1,1,99
7,982,2655.68,1,103
7,983,3115.83,1,113
7,984,3212.78,1,115
7,985,5622.83,1,167
7,986,9311.06,1,247
7,987,9725.28,1,256
7,988,9771.47,1,257
7,989,9959.32,1,261
7,990,25057.8,1,607
7,991,44617.7,1,1049
7,992,47182.6,1,1109
8,886,2.50869,1,1
8,890,5.73505,1,2
8,893,8.10241,1,3
8,896,10.2965,1,4
8,899,12.6836,1,5
8,902,14.9949,1,6
8,904,16.9375,1,7
8,906,18.9954,1,8
8,908,21.8522,1,9
8,910,24.3992,1,10
8,912,26.5787,1,11
8,914,28.7479,1,12
8,916,30.9625,1,13
8,918,33.1684,1,14
8,920,35.1548,1,15
8,922,37.0804,1,16
8,924,39.2232,1,17
8,926,40.9293,1,18
8,928,42.598,1,19
8,930,44.2524,1,20
8,932,45.9025,1,21
8,934,47.5573,1,22
8,936,49.2101,1,23
8,938,50.9309,1,24
8,940,52.7065,1,25
8,942,54.7127,1,26
8,943,56.7607,1,27
8,944,58.4645,1,28
8,945,60.1382,1,29
8,946,61.8029,1,30
8,947,63.4593,1,31
8,948,65.1165,1,32
8,949,66.9328,1,33
8,950,68.6891,1,34
8,952,70.4355,1,35
8,953,72.5032,1,36
8,954,74.1972,1,37
8,955,75.8559,1,38
8,956,77.5044,1,39
8,957,79.1573,1,40
8,958,80.7963,1,41
8,959,82.9797,1,42
8,960,84.8319,1,43
8,961,86.5053,1,44
8,962,88.952,1,45
8,963,90.8417,1,46
8,964,141.623,1,47
8,965,145.32,1,48
8,966,195.678,1,49
8,967,198.784,1,50
8,968,247.458,1,51
8,969,298.732,1,52
8,970,349.979,1,53
8,971,399.527,1,54
8,972,448.687,1,55
8,973,499.739,1,56
8,974,547.716,1,57
8,975,550.165,1,58
8,976,600.014,1,59
8,977,650.309,1,60
8,978,652.35,1,61
8,979,952.045,1,67
8,980,2124.98,1,91
8,981,2273.59,1,94
8,982,2324.25,1,95
8,983,3000.66,1,109
8,984,3143.39,1,112
8,985,4122.51,1,133
8,986,5494.56,1,162
8,987,5545.18,1,163
8,988,5596.25,1,164
8,989,6034.17,1,173
8,990,7454.13,1,202
8,991,8326.91,1,221
8,992,89299.8,1,1964
8,993,106935,1,2339
9,885,2.79607,1,1
9,888,5.43858,1,2
9,892,7.7491,1,3
9,895,10.0505,1,4
9,898,13.6247,1,5
9,901,17.4076,1,6
9,904,20.0675,1,7
9,907,23.078,1,8
9,910,25.8357,1,9
9,912,30.2183,1,10
9,914,35.6549,1,11
9,916,39.098,1,12
9,918,41.9292,1,13
9,920,45.9573,1,14
9,922,48.8671,1,15
9,924,51.3162,1,16
9,926,53.1392,1,17
9,928,54.8595,1,18
9,930,56.5487,1,19
9,932,58.2118,1,20
9,934,60.0581,1,21
9,936,62.8451,1,22
9,937,64.9444,1,23
9,938,66.7946,1,24
9,939,68.4866,1,25
9,941,70.1686,1,26
9,942,71.8428,1,27
9,943,73.5162,1,28
9,945,75.2034,1,29
9,946,77.2056,1,30
9,947,79.8556,1,31
9,948,81.9901,1,32
9,949,85.0787,1,33
9,950,87.6501,1,34
9,951,89.5351,1,35
9,952,91.3865,1,36
9,953,93.1649,1,37
9,954,95.5066,1,38
9,955,97.7247,1,39
9,956,100.035,1,40
9,957,101.934,1,41
9,958,103.829,1,42
9,959,105.908,1,43
9,960,108.146,1,44
9,961,110.225,1,45
9,963,113.116,1,46
9,964,115.246,1,47
9,965,118.322,1,48
9,966,120.959,1,49
9,967,123.028,1,50
9,968,124.762,1,51
9,969,126.452,1,52
9,970,174.909,1,53
9,971,226.954,1,54
9,972,230.786,1,55
9,973,233.878,1,56
9,974,285.573,1,57
9,975,334.389,1,58
9,976,484.519,1,61
9,977,1110.98,1,74
9,978,1304.2,1,78
9,979,1639.74,1,85
9,980,1690.62,1,86
9,981,1838.84,1,89
9,982,2082.27,1,94
9,983,2473.08,1,103
9,984,2618.64,1,106
9,985,2817.68,1,111
9,986,2866.37,1,112
9,987,3164.65,1,118
9,988,3356.66,1,122
9,989,4959.03,1,155
9,990,5403.74,1,164
9,991,6053.51,1,177
10,894,2.8087,1,1
10,898,5.47687,1,2
10,902,7.58093,1,3
10,905,9.58236,1,4
10,908,11.6556,1,5
10,911,14.0025,1,6
10,914,17.5833,1,7
10,916,19.8792,1,8
10,918,21.9122,1,9
10,920,24.7095,1,10
10,922,27.1132,1,11
10,924,29.2788,1,12
10,926,31.6091,1,13
10,928,35.3687,1,14
10,930,38.1376,1,15
10,932,41.4145,1,16
10,934,44.0834,1,17
10,936,46.255,1,18
10,938,48.2102,1,19
10,940,51.4405,1,20
10,941,54.1877,1,21
10,942,56.3004,1,22
10,943,58.3658,1,23
10,945,60.3786,1,24
10,946,62.3753,1,25
10,947,64.4297,1,26
10,948,67.251,1,27
10,949,70.2377,1,28
10,950,72.3173,1,29
10,951,74.1261,1,30
10,952,75.8966,1,31
10,953,77.6414,1,32
10,954,79.3716,1,33
10,955,81.3517,1,34
10,956,83.9698,1,35
10,957,86.8622,1,36
10,958,138.736,1,37
10,959,142.011,1,38
10,960,192.848,1,39
10,961,196.094,1,40
10,962,246.984,1,41
10,963,297.587,1,42
10,964,349.633,1,43
10,965,398.003,1,44
10,966,599.315,1,48
10,967,747.756,1,51
10,968,796.172,1,52
10,969,846.299,1,53
10,970,1043.71,1,57
10,971,1093.31,1,58
10,972,1144.55,1,59
10,973,1387.48,1,65
10,974,1390.79,1,66
10,975,1440.5,1,67
10,976,1492.63,1,68
10,977,1592.31,1,70
10,978,2132.37,1,82
10,979,2428.68,1,88
10,980,2624.28,1,92
10,981,2972.72,1,99
10,982,3039.78,1,100
10,983,3490.35,1,109
10,984,3540.88,1,110
10,985,6911.9,1,179
10,986,6962.94,1,180
10,987,7010.72,1,181
10,988,7396.57,1,189
10,989,14648.3,1,339
10,990,14891.8,1,344
10,991,15328.9,1,354
10,992,138739,1,2974
10,993,139135,1,2982
11,886,2.66304,1,1
11,889,6.06072,1,2
11,892,8.86666,1,3
11,895,10.8294,1,4
11,898,12.817,1,5
11,901,15.2645,1,6
11,904,18.4585,1,7
11,907,21.7685,1,8
11,909,26.2186,1,9
11,911,29.7205,1,10
11,913,32.7736,1,11
11,916,35.591,1,12
11,918,38.1317,1,13
11,920,40.9565,1,14
11,922,43.4905,1,15
11,924,45.771,1,16
11,926,48.0626,1,17
11,928,50.124,1,18
11,931,52.1843,1,19
11,933,54.179,1,20
11,935,56.1922,1,21
11,937,59.0673,1,22
11,939,61.2072,1,23
11,941,63.4605,1,24
11,943,65.3254,1,25
11,944,67.0445,1,26
11,946,68.74,1,27
11,947,70.4268,1,28
11,948,72.1116,1,29
11,949,74.4308,1,30
11,950,76.7339,1,31
11,951,78.8829,1,32
11,952,80.7987,1,33
11,953,82.6837,1,34
11,954,84.5655,1,35
11,955,86.4003,1,36
11,956,88.2612,1,37
11,957,90.458,1,38
11,958,92.7863,1,39
11,959,95.6195,1,40
11,960,98.4791,1,41
11,961,100.826,1,42
11,962,149.453,1,43
11,963,199.146,1,44
11,964,201.195,1,45
11,965,251.668,1,46
11,966,299.34,1,47
11,967,347.948,1,48
11,968,349.966,1,49
11,969,398.816,1,50
11,970,445.723,1,51
11,971,491.543,1,52
11,972,539.431,1,53
11,973,541.452,1,54
11,974,588.377,1,55
11,975,635.023,1,56
11,976,776.671,1,59
11,977,823.207,1,60
11,978,870.874,1,61
11,979,919.412,1,62
11,980,968.381,1,63
11,981,1157.38,1,67
11,982,1206.74,1,68
11,983,1253.28,1,69
11,984,1299.86,1,70
11,985,2006.45,1,86
11,986,2757.44,1,103
11,987,2950.41,1,108
11,988,5539.36,1,164
11,989,7284.28,1,203
11,990,30161.9,1,673
12,887,2.47987,1,1
12,890,5.30121,1,2
12,893,7.42224,1,3
12,896,9.71973,1,4
12,899,11.7721,1,5
12,902,14.0672,1,6
12,904,17.0046,1,7
12,906,19.3964,1,8
12,908,21.6868,1,9
12,910,24.5915,1,10
12,912,27.2482,1,11
12,915,29.7577,1,12
12,917,32.6504,1,13
12,919,35.377,1,14
12,921,37.7322,1,15
12,923,40.2614,1,16
12,925,42.7191,1,17
12,927,45.0419,1,18
12,929,47.2972,1,19
12,931,49.8674,1,20
12,933,52.2435,1,21
12,935,54.4581,1,22
12,936,57.5747,1,23
12,937,60.6755,1,24
12,938,63.7499,1,25
12,939,66.6253,1,26
12,940,69.0882,1,27
12,941,71.3202,1,28
12,942,73.6567,1,29
12,943,76.0612,1,30
12,944,78.4499,1,31
12,945,80.6676,1,32
12,946,83.3188,1,33
12,947,85.8259,1,34
12,948,88.3812,1,35
12,949,90.6763,1,36
12,950,92.8779,1,37
12,951,95.2129,1,38
12,952,97.7097,1,39
12,953,100.878,1,40
12,954,104.183,1,41
12,955,107.718,1,42
12,956,110.29,1,43
12,957,113.208,1,44
12,958,116.537,1,45
12,959,119.966,1,46
12,960,122.426,1,47
12,961,124.724,1,48
12,962,126.885,1,49
12,963,174.917,1,50
12,964,223.363,1,51
12,965,272.65,1,52
12,966,321.56,1,53
12,967,371.399,1,54
12,968,373.438,1,55
12,969,421.987,1,56
12,970,471.113,1,57
12,971,519.509,1,58
12,972,571.07,1,59
12,973,573.322,1,60
12,974,622.458,1,61
12,975,670.469,1,62
12,976,720.641,1,63
12,977,870.016,1,67
12,978,1700.36,1,84
12,979,1800.44,1,86
12,980,2090.25,1,92
12,981,2680.57,1,104
12,982,3311.84,1,118
12,983,3908.5,1,130
12,984,4150.27,1,135
12,985,5947.43,1,172
12,986,7892.59,1,212
12,987,9126.49,1,237
12,988,9223.22,1,239
12,989,16634.3,1,394
12,990,22137.6,1,512
12,991,22433.8,1,518
12,992,22928.7,1,528
13,885,2.46013,1,1
13,889,4.75762,1,2
13,892,6.91064,1,3
13,895,9.47459,1,4
13,898,12.2312,1,5
13,900,15.0502,1,6
13,902,17.7369,1,7
13,904,20.5728,1,8
13,906,23.0677,1,9
13,908,26.3094,1,10
13,911,29.0874,1,11
13,913,31.5345,1,12
13,915,34.1182,1,13
13,917,36.57,1,14
13,919,38.948,1,15
13,921,41.4378,1,16
13,923,43.8024,1,17
13,925,45.9869,1,18
13,927,48.2236,1,19
13,928,51.298,1,20
13,929,54.7581,1,21
13,930,58.2931,1,22
13,931,61.8973,1,23
13,932,64.3444,1,24
13,934,67.3489,1,25
13,935,71.6056,1,26
13,936,74.1269,1,27
13,937,76.9399,1,28
13,938,79.3491,1,29
13,940,81.5215,1,30
13,942,83.4298,1,31
13,943,85.2591,1,32
13,944,87.0722,1,33
13,945,88.8537,1,34
13,946,90.6155,1,35
13,947,92.5463,1,36
13,948,94.7487,1,37
13,949,97.0157,1,38
13,950,100.905,1,39
13,951,103.772,1,40
13,953,106.374,1,41
13,954,108.865,1,42
13,955,111.132,1,43
13,957,113.721,1,44
13,958,115.959,1,45
13,959,118.139,1,46
13,960,120.277,1,47
13,961,122.385,1,48
13,962,124.441,1,49
13,963,126.713,1,50
13,964,129.056,1,51
13,965,131.117,1,52
13,966,179.673,1,53
13,967,228.816,1,54
13,968,278.713,1,55
13,969,475.427,1,59
13,970,575.221,1,61
13,971,720.306,1,64
13,972,771.355,1,65
13,973,821.51,1,66
13,974,869.795,1,67
13,975,919.739,1,68
13,976,1016.73,1,70
13,977,1018.9,1,71
13,978,1360.61,1,78
13,979,1410.68,1,80
13,980,1556.39,1,84
13,981,1701.47,1,87
13,982,1847.43,1,91
13,983,4141.02,1,138
13,984,4441.6,1,145
13,985,4639.83,1,149
13,986,5324.44,1,163
13,987,10740.8,1,279
13,988,10886.8,1,282
13,989,10982.8,1,284
13,990,11319.7,1,291
13,991,18880.4,1,449
13,992,18882.4,1,450
14,874,3.25004,1,1
14,878,7.37013,1,2
14,881,10.2148,1,3
14,884,12.6023,1,4
14,887,17.4736,1,5
14,890,20.0663,1,6
14,893,25.3237,1,7
14,896,28.7301,1,8
14,899,31.3493,1,9
14,902,35.0296,1,10
14,904,43.3417,1,11
14,906,47.4693,1,12
14,908,50.728,1,13
14,911,53.2256,1,14
14,913,56.2917,1,15
14,915,58.6093,1,16
14,917,60.6751,1,17
14,919,62.7065,1,18
14,921,66.1299,1,19
14,923,69.539,1,20
14,925,72.3797,1,21
14,927,74.6748,1,22
14,929,76.6407,1,23
14,931,78.6579,1,24
14,933,80.8121,1,25
14,934,82.7875,1,26
14,935,84.5797,1,27
14,936,86.3115,1,28
14,937,88.3046,1,29
14,938,90.6483,1,30
14,939,93.0421,1,31
14,940,95.3001,1,32
14,941,97.3016,1,33
14,942,99.258,1,34
14,943,101.152,1,35
14,944,103.014,1,36
14,945,105.116,1,37
14,946,107.14,1,38
14,947,109.003,1,39
14,948,111.005,1,40
14,949,112.895,1,41
14,950,114.737,1,42
14,951,116.576,1,43
14,952,118.409,1,44
14,953,120.49,1,45
14,954,122.576,1,46
14,955,124.681,1,47
14,956,174.181,1,48
14,957,176.293,1,49
14,958,226.698,1,50
14,959,229.397,1,51
14,960,280.036,1,52
14,961,332.607,1,53
14,962,383.74,1,54
14,963,433.802,1,55
14,964,485.074,1,56
14,965,488.585,1,57
14,966,538.326,1,58
14,967,588.386,1,59
14,968,637.338,1,60
14,969,688.209,1,61
14,970,690.385,1,62
14,971,739.531,1,63
14,972,788.045,1,64
14,973,982.399,1,68
14,974,1031.46,1,69
14,975,1083.68,1,70
14,976,1278.32,1,74
14,977,1426.64,1,77
14,978,1428.89,1,78
14,979,1479.82,1,79
14,980,2743.9,1,105
14,981,3374.62,1,118
14,982,3473,1,120
14,983,3621.28,1,123
14,984,3723.72,1,125
14,985,4308.2,1,137
14,986,4895.87,1,149
14,987,5783.25,1,168
14,988,7800.74,1,211
14,989,11660.4,1,292
14,990,11807.7,1,295
14,991,20145.6,1,468
14,992,79139.1,1,1730
14,993,114378,1,2490
15,872,2.99148,1,1
15,875,6.21112,1,2
15,878,8.60928,1,3
15,881,10.8464,1,4
15,884,13.3112,1,5
15,887,16.2704,1,6
15,890,18.7356,1,7
15,893,21.2017,1,8
15,896,23.3938,1,9
15,899,25.4354,1,10
15,901,27.4491,1,11
15,903,29.4995,1,12
15,905,32.1061,1,13
15,907,36.054,1,14
15,909,38.5205,1,15
15,911,40.7422,1,16
15,913,43.0456,1,17
15,915,45.2219,1,18
15,917,47.4397,1,19
15,919,51.2301,1,20
15,921,54.9116,1,21
15,922,57.8242,1,22
15,923,59.9922,1,23
15,924,62.1053,1,24
15,925,65.1536,1,25
15,927,68.562,1,26
15,929,72.2573,1,27
15,930,75.0297,1,28
15,931,77.5198,1,29
15,932,79.884,1,30
15,933,82.7614,1,31
15,934,85.1568,1,32
15,936,87.2834,1,33
15,937,89.179,1,34
15,939,91.0233,1,35
15,940,92.8282,1,36
15,942,94.6196,1,37
15,943,98.3441,1,38
15,944,101.755,1,39
15,945,104.269,1,40
15,946,106.535,1,41
15,947,108.721,1,42
15,949,110.963,1,43
15,950,113.089,1,44
15,951,115.364,1,45
15,952,117.683,1,46
15,953,119.706,1,47
15,955,121.518,1,48
15,956,123.245,1,49
15,957,124.941,1,50
15,958,126.677,1,51
15,959,128.453,1,52
15,960,130.18,1,53
15,961,132.869,1,54
15,962,134.712,1,55
15,963,136.464,1,56
15,964,138.198,1,57
15,965,139.924,1,58
15,966,190.053,1,59
15,967,192.167,1,60
15,968,194.143,1,61
15,969,242.687,1,62
15,970,294.215,1,63
15,971,343.843,1,64
15,972,394.738,1,65
15,973,443.252,1,66
15,974,495.35,1,67
15,975,546.387,1,68
15,976,596.643,1,69
15,977,647.497,1,70
15,978,650.676,1,71
15,979,701.075,1,72
15,980,1044.93,1,79
15,981,1146.39,1,81
15,982,1639.77,1,91
15,983,1642.11,1,92
15,984,4249.52,1,145
15,985,6670.63,1,195
15,986,6720.25,1,196
15,987,7862.67,1,219
15,988,20522.8,1,479
15,989,20762.8,1,484
15,990,20766.4,1,485
15,991,21320,1,497
15,992,88503,1,1917
15,993,126182,1,2557
16,888,1.8751,1,1
16,891,9.93606,1,2
16,894,12.1258,1,3
16,897,14.4647,1,4
16,900,16.6008,1,5
16,903,18.5797,1,6
16,906,20.9443,1,7
16,909,23.164,1,8
16,912,25.4619,1,9
16,914,27.8593,1,10
16,916,29.8713,1,11
16,918,31.7914,1,12
16,920,33.7052,1,13
16,922,35.7153,1,14
16,924,39.5062,1,15
16,926,42.4744,1,16
16,928,44.4644,1,17
16,930,46.206,1,18
16,932,47.9228,1,19
16,934,49.6156,1,20
16,936,51.3024,1,21
16,937,52.975,1,22
16,939,54.8382,1,23
16,940,56.5542,1,24
16,941,58.2162,1,25
16,942,59.8643,1,26
16,943,61.5073,1,27
16,944,63.1455,1,28
16,945,64.783,1,29
16,946,66.4109,1,30
16,947,68.0456,1,31
16,948,69.8813,1,32
16,949,72.3031,1,33
16,950,75.1071,1,34
16,951,77.4523,1,35
16,952,79.3835,1,36
16,953,81.2874,1,37
16,954,83.183,1,38
16,955,85.2634,1,39
16,956,87.1831,1,40
16,957,89.2082,1,41
16,958,91.2203,1,42
16,959,93.2596,1,43
16,960,96.18,1,44
16,961,98.2758,1,45
16,962,100.021,1,46
16,963,102.924,1,47
16,964,105.793,1,48
16,965,108.47,1,49
16,966,111.678,1,50
16,967,162.483,1,51
16,968,165.485,1,52
16,969,215.811,1,53
16,970,266.464,1,54
16,971,316.577,1,55
16,972,320.038,1,56
16,973,372.239,1,57
16,974,421.832,1,58
16,975,469.635,1,59
16,976,893.723,1,68
16,977,944.072,1,69
16,978,994.405,1,70
16,979,1044.46,1,71
16,980,1092.78,1,72
16,981,1142.01,1,73
16,982,1379.66,1,78
16,983,1521.42,1,81
16,984,2567.99,1,103
16,985,2959.25,1,111
16,986,3429.87,1,121
16,987,3668.46,1,126
16,988,4146.31,1,136
16,989,8268.22,1,226
16,990,8938.62,1,240
16,991,73764.6,1,1670
16,992,79377.5,1,1798
16,993,116740,1,2627
17,884,2.31684,1,1
17,887,5.17015,1,2
17,890,7.67568,1,3
17,893,10.1315,1,4
17,896,12.4834,1,5
17,899,14.8824,1,6
17,901,17.1984,1,7
17,903,19.9546,1,8
17,905,22.7866,1,9
17,907,24.8161,1,10
17,909,26.7508,1,11
17,911,28.6429,1,12
17,913,30.5077,1,13
17,915,32.3733,1,14
17,917,34.2654,1,15
17,919,36.3489,1,16
17,922,38.8035,1,17
17,924,41.24,1,18
17,926,44.4367,1,19
17,928,46.9912,1,20
17,930,48.8825,1,21
17,932,50.6861,1,22
17,934,52.7314,1,23
17,935,55.0009,1,24
17,936,56.7986,1,25
17,937,58.562,1,26
17,938,60.2567,1,27
17,939,61.9403,1,28
17,940,63.6125,1,29
17,941,65.2811,1,30
17,942,66.9387,1,31
17,943,69.3385,1,32
17,944,72.3856,1,33
17,945,74.9144,1,34
17,946,78.2742,1,35
17,947,81.1342,1,36
17,948,83.5588,1,37
17,949,87.2222,1,38
17,950,90.5611,1,39
17,951,93.2588,1,40
17,952,96.4299,1,41
17,953,99.7585,1,42
17,954,102.73,1,43
17,955,105.138,1,44
17,956,107.084,1,45
17,957,108.84,1,46
17,958,110.526,1,47
17,959,112.194,1,48
17,960,159.784,1,49
17,961,162.396,1,50
17,962,209.022,1,51
17,963,258.514,1,52
17,964,307.196,1,53
17,965,355.587,1,54
17,966,401.307,1,55
17,967,448.585,1,56
17,968,498.658,1,57
17,969,501.953,1,58
17,970,550.629,1,59
17,971,598.92,1,60
17,972,646.215,1,61
17,973,693.606,1,62
17,974,1024.77,1,69
17,975,1215.58,1,74
17,976,1365.05,1,77
17,977,1719.37,1,84
17,978,1785.44,1,85
17,979,2180.54,1,93
17,980,2372.02,1,97
17,981,2421.63,1,98
17,982,2470.69,1,99
17,983,2521.32,1,100
17,984,2571.55,1,101
17,985,3235.42,1,115
17,986,3518.4,1,121
17,987,9577.44,1,251
17,988,14611.9,1,362
17,989,15563,1,382
17,990,16832.1,1,409
17,991,17685.5,1,427
18,877,2.65909,1,1
18,881,12.397,1,2
18,885,16.6923,1,3
18,889,20.4208,1,4
18,893,23.3736,1,5
18,896,25.7078,1,6
18,899,28.1245,1,7
18,902,30.2006,1,8
18,905,32.1266,1,9
18,907,34.0664,1,10
18,909,38.0511,1,11
18,911,41.9462,1,12
18,913,45.1098,1,13
18,915,47.8609,1,14
18,917,51.4311,1,15
18,919,54.2978,1,16
18,922,56.6115,1,17
18,924,58.5746,1,18
18,926,60.6585,1,19
18,928,62.598,1,20
18,930,64.4644,1,21
18,932,66.6079,1,22
18,934,68.787,1,23
18,936,70.6266,1,24
18,938,72.4271,1,25
18,940,74.1924,1,26
18,941,75.9155,1,27
18,942,77.63,1,28
18,944,79.3405,1,29
18,945,81.0908,1,30
18,946,82.9387,1,31
18,947,84.6689,1,32
18,948,86.3754,1,33
18,949,88.0634,1,34
18,951,89.7329,1,35
18,952,91.3707,1,36
18,953,93.0105,1,37
18,954,94.6433,1,38
18,955,96.272,1,39
18,956,98.5407,1,40
18,957,100.988,1,41
18,958,102.742,1,42
18,959,104.442,1,43
18,960,106.239,1,44
18,962,108.082,1,45
18,963,109.811,1,46
18,964,111.5,1,47
18,965,159.303,1,48
18,966,161.615,1,49
18,967,163.617,1,50
18,968,211.556,1,51
18,969,260.1,1,52
18,970,273.798,1,53
18,971,321.972,1,54
18,972,373.751,1,55
18,973,377.077,1,56
18,974,426.124,1,57
18,975,619.595,1,61
18,976,696.389,1,62
18,977,794.237,1,64
18,978,843.018,1,65
18,979,1184.38,1,72
18,980,1233.98,1,73
18,981,1288.01,1,74
18,982,1485.07,1,78
18,983,1586.35,1,81
18,984,1636.11,1,82
18,985,1783.37,1,86
18,986,1831.77,1,87
18,987,1946.96,1,89
18,988,2284.13,1,97
18,989,2668.51,1,106
18,990,19349.9,1,466
18,991,71996.2,1,1611
18,992,72296.7,1,1617
19,878,2.50948,1,1
19,882,5.15515,1,2
19,886,7.52567,1,3
19,889,9.61789,1,4
19,892,11.6833,1,5
19,895,14.4221,1,6
19,898,16.9663,1,7
19,901,19.4189,1,8
19,904,21.9924,1,9
19,907,24.9377,1,10
19,909,27.3769,1,11
19,912,29.839,1,12
19,914,32.1874,1,13
19,916,35.0502,1,14
19,918,37.5644,1,15
19,920,40.323,1,16
19,922,43.8154,1,17
19,924,46.8621,1,18
19,926,49.5623,1,19
19,928,52.0773,1,20
19,929,55.2346,1,21
19,931,58.8936,1,22
19,933,61.7216,1,23
19,935,64.8789,1,24
19,936,68.1522,1,25
19,937,71.5969,1,26
19,938,76.1109,1,27
19,940,79.04,1,28
19,941,82.8439,1,29
19,943,86.2858,1,30
19,944,89.4336,1,31
19,945,91.9111,1,32
19,946,93.8672,1,33
19,947,95.7387,1,34
19,948,97.5645,1,35
19,949,99.676,1,36
19,950,101.936,1,37
19,951,103.783,1,38
19,952,105.578,1,39
19,953,107.341,1,40
19,954,109.061,1,41
19,955,110.776,1,42
19,956,112.475,1,43
19,957,114.173,1,44
19,958,116.432,1,45
19,959,118.71,1,46
19,960,120.56,1,47
19,961,122.388,1,48
19,962,170.196,1,49
19,963,221.744,1,50
19,964,270.456,1,51
19,965,321.972,1,52
19,966,324.062,1,53
19,967,325.992,1,54
19,968,327.906,1,55
19,969,329.816,1,56
19,970,380.181,1,57
19,971,428.788,1,58
19,972,478.638,1,59
19,973,481.948,1,60
19,974,532.753,1,61
19,975,534.958,1,62
19,976,823.701,1,68
19,977,872.338,1,69
19,978,923.816,1,70
19,979,970.675,1,71
19,980,1064.6,1,73
19,981,1111.97,1,74
19,982,1981.74,1,92
19,983,2031.12,1,93
19,984,2325.78,1,99
19,985,2807.02,1,109
19,986,3105.85,1,115
19,987,6131.99,1,182
19,988,6279.72,1,186
19,989,6426.94,1,190
19,990,34555.8,1,798
19,991,39799.3,1,907
20,872,2.31328,1,1
20,876,4.97119,1,2
20,879,7.06578,1,3
20,882,9.70513,1,4
20,885,12.3176,1,5
20,888,15.1125,1,6
20,891,17.6816,1,7
20,894,20.2744,1,8
20,897,22.5813,1,9
20,901,25.1291,1,10
20,904,27.382,1,11
20,906,29.6894,1,12
20,908,32.5198,1,13
20,910,35.3944,1,14
20,912,39.6286,1,15
20,914,43.8059,1,16
20,916,48.0764,1,17
20,918,52.5494,1,18
20,920,56.915,1,19
20,922,62.7472,1,20
20,924,66.3186,1,21
20,926,70.6502,1,22
20,928,74.2828,1,23
20,930,77.1239,1,24
20,932,79.4052,1,25
20,933,81.8981,1,26
20,934,84.2706,1,27
20,935,86.4311,1,28
20,937,88.7653,1,29
20,938,91.1496,1,30
20,939,93.3859,1,31
20,940,95.563,1,32
20,942,97.8743,1,33
20,943,100.372,1,34
20,944,102.657,1,35
20,946,104.741,1,36
20,947,106.665,1,37
20,948,108.568,1,38
20,949,110.418,1,39
20,950,112.258,1,40
20,951,114.205,1,41
20,952,116.33,1,42
20,953,118.318,1,43
20,954,120.151,1,44
20,955,121.946,1,45
20,956,123.726,1,46
20,957,125.475,1,47
20,958,127.203,1,48
20,959,128.925,1,49
20,960,130.794,1,50
20,961,132.988,1,51
20,962,134.818,1,52
20,963,136.599,1,53
20,964,138.366,1,54
20,965,140.113,1,55
20,966,189.789,1,56
20,967,193.365,1,57
20,968,246.061,1,58
20,969,297.321,1,59
20,970,349.28,1,60
20,971,401.763,1,61
20,972,452.261,1,62
20,973,503.034,1,63
20,974,555.194,1,64
20,975,605.422,1,65
20,976,657.04,1,66
20,977,707.585,1,67
20,978,856.38,1,70
20,979,1301.24,1,79
20,980,1548.65,1,84
20,981,2048.03,1,94
20,982,2600.93,1,106
20,983,2847.1,1,111
20,984,2896.56,1,112
20,985,3447.35,1,124
20,986,4351.88,1,143
20,987,6551.09,1,188
20,988,7911.17,1,215
20,989,8111.96,1,219
20,990,8163.92,1,221
20,991,13978.9,1,341
20,992,23691,1,544
