16,1048,77.5392,1,1
16,1052,80.7434,1,2
16,1055,83.6694,1,3
16,1058,86.4007,1,4
16,1061,88.5419,1,5
16,1064,91.6822,1,6
16,1067,94.3231,1,7
16,1070,113.991,1,8
16,1073,118.308,1,9
16,1076,120.647,1,10
16,1079,123.972,1,11
16,1082,126.235,1,12
16,1085,129.159,1,13
16,1087,131.587,1,14
16,1089,133.457,1,15
16,1092,135.28,1,16
16,1094,137.08,1,17
16,1096,138.858,1,18
16,1098,140.622,1,19
16,1100,142.503,1,20
16,1102,144.373,1,21
16,1104,146.149,1,22
16,1106,147.91,1,23
16,1108,149.658,1,24
16,1110,151.399,1,25
16,1112,153.133,1,26
16,1114,154.942,1,27
16,1116,157.088,1,28
16,1118,160.166,1,29
16,1119,162.939,1,30
16,1120,164.788,1,31
16,1121,166.585,1,32
16,1122,168.362,1,33
16,1123,170.12,1,34
16,1124,171.866,1,35
16,1126,173.602,1,36
16,1128,175.393,1,37
16,1129,177.307,1,38
16,1130,178.968,1,39
16,1131,180.562,1,40
16,1132,182.15,1,41
16,1134,183.737,1,42
16,1135,185.306,1,43
16,1136,186.89,1,44
16,1137,188.458,1,45
16,1138,190.028,1,46
16,1139,192.464,1,47
16,1140,194.395,1,48
16,1142,196.456,1,49
16,1143,198.212,1,50
16,1144,199.828,1,51
16,1145,201.434,1,52
16,1146,203.032,1,53
16,1147,204.624,1,54
16,1148,206.379,1,55
16,1149,277.8,1,57
16,1150,281.012,1,58
16,1151,283.299,1,59
16,1152,285.114,1,60
16,1153,286.806,1,61
16,1154,288.466,1,62
16,1155,290.098,1,63
16,1156,291.72,1,64
16,1157,359.99,1,66
16,1158,363.81,1,67
16,1159,366.827,1,68
16,1160,370.053,1,69
16,1161,372.768,1,70
16,1162,374.736,1,71
16,1163,376.626,1,72
16,1164,447.577,1,74
16,1165,514.092,1,76
16,1166,516.423,1,77
16,1167,585.357,1,79
16,1168,587.452,1,80
16,1169,657.405,1,82
16,1170,724.091,1,84
16,1171,797.556,1,86
16,1172,903.373,1,88
16,1173,969.966,1,90
16,1174,1791.44,2,182
16,1175,1855.35,2,184
16,1176,1858.65,2,185
16,1177,64775.4,90,7461
16,1178,64794.4,90,7462
16,1179,108540,146,12223
16,1180,108558,146,12224
16,1181,108627,146,12226
16,1182,108693,146,12228
17,1057,2.03221,1,1
17,1061,4.6017,1,2
17,1065,6.66865,1,3
17,1068,9.45248,1,4
17,1071,11.4547,1,5
17,1074,13.3262,1,6
17,1077,15.2065,1,7
17,1080,17.3097,1,8
17,1083,19.2145,1,9
17,1086,21.3146,1,10
17,1089,24.6574,1,11
17,1092,27.2624,1,12
17,1095,29.1103,1,13
17,1097,30.8373,1,14
17,1099,32.5557,1,15
17,1101,34.3207,1,16
17,1103,37.3615,1,17
17,1105,39.7352,1,18
17,1107,41.5092,1,19
17,1109,43.2592,1,20
17,1111,44.9937,1,21
17,1113,46.7236,1,22
17,1115,48.4506,1,23
17,1117,50.1682,1,24
17,1119,51.8882,1,25
17,1120,53.6741,1,26
17,1121,57.129,1,27
17,1122,59.7435,1,28
17,1123,62.7219,1,29
17,1124,64.7522,1,30
17,1125,66.3209,1,31
17,1126,67.8712,1,32
17,1127,69.5402,1,33
17,1128,71.7335,1,34
17,1130,75.8243,1,35
17,1131,78.3618,1,36
17,1132,80.9242,1,37
17,1133,84.2185,1,38
17,1134,86.9009,1,39
17,1135,89.5031,1,40
17,1136,91.4201,1,41
17,1137,93.0915,1,42
17,1138,94.7348,1,43
17,1139,96.349,1,44
17,1140,97.9545,1,45
17,1142,99.5355,1,46
17,1144,101.236,1,47
17,1145,102.938,1,48
17,1146,104.548,1,49
17,1147,106.138,1,50
17,1148,107.716,1,51
17,1150,109.29,1,52
17,1151,110.852,1,53
17,1152,112.404,1,54
17,1153,113.964,1,55
17,1154,115.514,1,56
17,1155,117.494,1,57
17,1156,119.581,1,58
17,1157,121.192,1,59
17,1158,122.758,1,60
17,1159,124.334,1,61
17,1160,125.887,1,62
17,1161,192.616,1,64
17,1162,196.209,1,65
17,1163,262.644,1,67
17,1164,265.302,1,68
17,1165,334.049,1,70
17,1166,402.196,1,72
17,1167,469.684,1,74
17,1168,538.59,1,76
17,1169,548.109,1,77
17,1170,551.023,1,78
17,1171,614.112,1,80
17,1172,683.746,1,82
17,1173,3706.58,5,428
17,1174,3727.67,5,429
17,1175,26193.9,33,2827
17,1176,26276.9,33,2829
17,1177,58766.5,77,6525
17,1178,58850.6,77,6527
17,1179,58915.7,77,6529
18,1065,2.1613,1,1
18,1068,4.99093,1,2
18,1071,7.16486,1,3
18,1074,9.28392,1,4
18,1076,11.3765,1,5
18,1078,13.4419,1,6
18,1081,15.6032,1,7
18,1083,17.7456,1,8
18,1085,20.3344,1,9
18,1087,23.3519,1,10
18,1089,26.088,1,11
18,1091,28.5063,1,12
18,1093,30.9384,1,13
18,1095,33.3985,1,14
18,1097,36.0912,1,15
18,1099,38.9085,1,16
18,1101,42.2873,1,17
18,1103,44.477,1,18
18,1105,46.5953,1,19
18,1107,48.7163,1,20
18,1109,50.8744,1,21
18,1111,54.2287,1,22
18,1113,57.4977,1,23
18,1115,59.9507,1,24
18,1116,61.9569,1,25
18,1118,63.8047,1,26
18,1119,65.6214,1,27
18,1120,67.8033,1,28
18,1121,71.9174,1,29
18,1122,75.0885,1,30
18,1123,77.4938,1,31
18,1124,79.9697,1,32
18,1125,82.3406,1,33
18,1126,85.3175,1,34
18,1127,87.5731,1,35
18,1128,89.5477,1,36
18,1129,91.351,1,37
18,1131,93.1124,1,38
18,1133,94.8426,1,39
18,1134,96.5491,1,40
18,1135,98.4337,1,41
18,1136,100.239,1,42
18,1137,101.94,1,43
18,1138,103.614,1,44
18,1139,105.267,1,45
18,1140,106.876,1,46
18,1141,108.473,1,47
18,1142,110.062,1,48
18,1143,111.653,1,49
18,1144,113.318,1,50
18,1145,115.646,1,51
18,1146,117.662,1,52
18,1147,119.308,1,53
18,1148,120.922,1,54
18,1149,122.526,1,55
18,1150,124.122,1,56
18,1151,125.717,1,57
18,1152,127.299,1,58
18,1153,128.982,1,59
18,1154,130.629,1,60
18,1155,198.822,1,62
18,1156,269.824,1,64
18,1157,340.442,1,66
18,1158,343.98,1,67
18,1159,346.554,1,68
18,1160,419.113,1,70
18,1161,488.294,1,72
18,1162,557.313,1,74
18,1163,560.207,1,75
18,1164,628.476,1,77
18,1165,632.352,1,78
18,1166,650.063,1,79
18,1167,653.392,1,80
18,1168,656.108,1,81
18,1169,657.975,1,82
18,1170,723.312,1,84
18,1171,791.289,1,86
18,1172,858.196,1,88
18,1173,1744.89,2,171
18,1174,1790.73,2,172
18,1175,28259.7,39,3213
18,1176,28261.7,39,3214
18,1177,38160.9,54,4423
18,1178,48552.6,67,5552
18,1179,63910.2,90,7469
18,1180,115118,152,12598
19,1057,2.63659,1,1
19,1061,5.60872,1,2
19,1064,8.59507,1,3
19,1067,13.3681,1,4
19,1070,16.8313,1,5
19,1073,20.4891,1,6
19,1076,23.5568,1,7
19,1079,26.1918,1,8
19,1082,28.8244,1,9
19,1085,31.9624,1,10
19,1087,35.332,1,11
19,1089,38.3354,1,12
19,1091,41.7922,1,13
19,1093,46.6126,1,14
19,1095,50.8973,1,15
19,1097,53.228,1,16
19,1100,55.4157,1,17
19,1102,57.3524,1,18
19,1104,59.1881,1,19
19,1106,61.0422,1,20
19,1108,63.5754,1,21
19,1110,66.2503,1,22
19,1112,68.8387,1,23
19,1114,71.3821,1,24
19,1116,73.8802,1,25
19,1118,76.0798,1,26
19,1120,78.3847,1,27
19,1122,81.9624,1,28
19,1124,86.4824,1,29
19,1126,90.1225,1,30
19,1127,92.6292,1,31
19,1129,96.4165,1,32
19,1130,100.423,1,33
19,1131,105.174,1,34
19,1132,116.037,1,35
19,1133,118.988,1,36
19,1134,121.54,1,37
19,1135,123.915,1,38
19,1136,126.231,1,39
19,1137,129.547,1,40
19,1139,131.915,1,41
19,1141,133.983,1,42
19,1142,135.976,1,43
19,1143,137.922,1,44
19,1144,139.76,1,45
19,1145,141.566,1,46
19,1146,143.569,1,47
19,1147,145.814,1,48
19,1148,148.306,1,49
19,1149,150.187,1,50
19,1150,151.963,1,51
19,1151,153.726,1,52
19,1152,155.425,1,53
19,1153,157.132,1,54
19,1154,158.856,1,55
19,1155,160.603,1,56
19,1156,162.87,1,57
19,1157,165.121,1,58
19,1158,166.978,1,59
19,1159,168.778,1,60
19,1160,170.502,1,61
19,1161,238.937,1,63
19,1162,241.266,1,64
19,1163,307.839,1,66
19,1164,383.287,1,68
19,1165,385.955,1,69
19,1166,454.734,1,71
19,1167,522.656,1,73
19,1168,590.204,1,75
19,1169,661.018,1,77
19,1170,1629.18,2,167
19,1171,1698.67,2,169
19,1172,3448.89,5,410
19,1173,8634.34,12,1010
19,1174,29332.3,42,3498
19,1175,29400.9,42,3500
19,1176,38760.5,55,4574
19,1177,38763.7,55,4575
19,1178,38834.6,55,4577
19,1179,38837.9,55,4578
20,1061,2.02353,1,1
20,1064,4.12641,1,2
20,1067,6.2956,1,3
20,1070,9.29576,1,4
20,1073,11.5735,1,5
20,1075,13.7475,1,6
20,1078,15.7441,1,7
20,1080,18.1995,1,8
20,1082,20.5333,1,9
20,1084,23.1419,1,10
20,1086,26.2056,1,11
20,1088,28.269,1,12
20,1090,30.167,1,13
20,1092,31.9932,1,14
20,1094,33.8205,1,15
20,1096,35.7746,1,16
20,1098,37.9063,1,17
20,1100,40.396,1,18
20,1102,42.8198,1,19
20,1104,45.0324,1,20
20,1106,47.1902,1,21
20,1108,49.3246,1,22
20,1110,51.4196,1,23
20,1112,53.453,1,24
20,1114,55.7177,1,25
20,1115,58.2335,1,26
20,1117,61.163,1,27
20,1119,63.4116,1,28
20,1120,65.6459,1,29
20,1121,67.8802,1,30
20,1122,70.1651,1,31
20,1123,72.5218,1,32
20,1124,74.9677,1,33
20,1125,77.1349,1,34
20,1126,79.1147,1,35
20,1128,80.9992,1,36
20,1129,83.0354,1,37
20,1130,84.9535,1,38
20,1131,86.8898,1,39
20,1132,88.7764,1,40
20,1134,90.8784,1,41
20,1135,92.9118,1,42
20,1136,94.7305,1,43
20,1138,96.4737,1,44
20,1139,98.1969,1,45
20,1141,99.9018,1,46
20,1142,101.58,1,47
20,1143,103.611,1,48
20,1144,105.364,1,49
20,1145,107.427,1,50
20,1146,109.542,1,51
20,1147,111.237,1,52
20,1148,112.91,1,53
20,1149,114.582,1,54
20,1150,116.213,1,55
20,1151,118.16,1,56
20,1152,120.101,1,57
20,1153,122.047,1,58
20,1155,124.258,1,59
20,1156,126.951,1,60
20,1157,130.08,1,61
20,1158,132.371,1,62
20,1159,134.783,1,63
20,1160,138.834,1,64
20,1161,142.268,1,65
20,1162,145.882,1,66
20,1163,148.574,1,67
20,1164,151.634,1,68
20,1165,223.755,1,70
20,1166,292.004,1,72
20,1167,295.246,1,73
20,1168,297.362,1,74
20,1169,367.259,1,76
20,1170,440.238,1,78
20,1171,442.309,1,79
20,1172,509.599,1,81
20,1173,4966.01,7,577
20,1174,16915.5,23,1894
20,1175,16986.2,23,1896
20,1176,31958.4,43,3607
20,1177,108792,140,11862
20,1178,147538,188,15919
20,1179,147540,188,15920
20,1180,147542,188,15921
20,1181,147613,188,15923
20,1182,147615,188,15924
1,1060,102.57,1,1
1,1064,104.557,1,2
1,1067,106.231,1,3
1,1070,107.939,1,4
1,1073,109.659,1,5
1,1076,111.323,1,6
1,1078,112.938,1,7
1,1080,114.524,1,8
1,1082,116.146,1,9
1,1084,118.239,1,10
1,1086,119.897,1,11
1,1088,121.827,1,12
1,1090,124.449,1,13
1,1092,127.433,1,14
1,1095,129.607,1,15
1,1097,131.485,1,16
1,1099,133.88,1,17
1,1101,136.242,1,18
1,1103,138.577,1,19
1,1105,142.595,1,20
1,1107,145.118,1,21
1,1109,147.673,1,22
1,1111,150.494,1,23
1,1112,153.136,1,24
1,1113,155.425,1,25
1,1114,157.326,1,26
1,1116,159.08,1,27
1,1118,160.774,1,28
1,1119,162.447,1,29
1,1120,164.093,1,30
1,1121,165.747,1,31
1,1122,167.852,1,32
1,1123,170.552,1,33
1,1125,173.606,1,34
1,1127,175.886,1,35
1,1128,178.026,1,36
1,1130,180.232,1,37
1,1132,182.121,1,38
1,1133,184.337,1,39
1,1134,186.204,1,40
1,1135,187.919,1,41
1,1137,189.591,1,42
1,1138,191.241,1,43
1,1139,192.873,1,44
1,1140,194.503,1,45
1,1141,196.111,1,46
1,1142,197.832,1,47
1,1143,199.565,1,48
1,1144,202.025,1,49
1,1145,203.814,1,50
1,1146,205.72,1,51
1,1147,207.589,1,52
1,1148,275.394,1,54
1,1149,344.9,1,56
1,1150,348.284,1,57
1,1151,420.248,1,59
1,1152,489.98,1,61
1,1153,555.245,1,63
1,1154,557.438,1,64
1,1155,622.383,1,66
1,1156,689.799,1,68
1,1157,754.188,1,70
1,1158,820.906,1,72
1,1159,884.729,1,74
1,1160,950.636,1,76
1,1161,1015.73,1,78
1,1162,1087.76,1,80
1,1163,1563.51,2,156
1,1164,1566.84,2,157
1,1165,1632.47,2,159
1,1166,1697.8,2,161
1,1167,1764.88,2,163
1,1168,2442.86,3,253
1,1169,2510.91,3,255
1,1170,3589.54,5,407
1,1171,3656.41,5,409
1,1172,3725.38,5,411
1,1173,3792.97,5,413
1,1174,21271.5,28,2329
1,1175,21337.2,28,2331
1,1176,23343.3,31,2602
1,1177,23410.8,31,2604
1,1178,23413.7,31,2605
1,1179,147129,201,16902
1,1180,147194,201,16904
2,1048,1.83207,1,1
2,1052,4.05535,1,2
2,1055,7.43053,1,3
2,1058,10.4315,1,4
2,1061,15.7986,1,5
2,1064,18.2141,1,6
2,1067,20.8819,1,7
2,1070,24.3507,1,8
2,1073,28.3547,1,9
2,1075,32.0255,1,10
2,1077,34.9207,1,11
2,1079,37.5218,1,12
2,1081,39.7056,1,13
2,1083,41.6707,1,14
2,1085,43.6062,1,15
2,1087,45.5369,1,16
2,1089,49.1537,1,17
2,1091,52.2585,1,18
2,1093,58.348,1,19
2,1095,60.7509,1,20
2,1098,63.1206,1,21
2,1100,65.5658,1,22
2,1102,67.8865,1,23
2,1104,69.8363,1,24
2,1106,71.7516,1,25
2,1108,73.6492,1,26
2,1110,75.5097,1,27
2,1112,77.3446,1,28
2,1114,79.1154,1,29
2,1116,81.6237,1,30
2,1117,83.5308,1,31
2,1118,85.2733,1,32
2,1119,87.0055,1,33
2,1120,88.7424,1,34
2,1121,90.4758,1,35
2,1122,92.1729,1,36
2,1123,93.8601,1,37
2,1124,95.5496,1,38
2,1125,97.7299,1,39
2,1126,99.9314,1,40
2,1127,101.791,1,41
2,1128,103.375,1,42
2,1129,104.935,1,43
2,1130,106.493,1,44
2,1132,108.05,1,45
2,1133,109.605,1,46
2,1134,111.161,1,47
2,1136,113.145,1,48
2,1137,115.993,1,49
2,1138,118.123,1,50
2,1139,120.197,1,51
2,1141,122.167,1,52
2,1142,124.091,1,53
2,1143,125.999,1,54
2,1144,127.876,1,55
2,1145,130.066,1,56
2,1146,132.369,1,57
2,1147,134.278,1,58
2,1148,136.148,1,59
2,1149,137.983,1,60
2,1150,139.749,1,61
2,1151,141.713,1,62
2,1152,143.436,1,63
2,1153,145.269,1,64
2,1154,147.211,1,65
2,1155,149.196,1,66
2,1156,150.84,1,67
2,1157,216.989,1,69
2,1158,220.215,1,70
2,1159,222.458,1,71
2,1160,289.979,1,73
2,1161,359.696,1,75
2,1162,424.26,1,77
2,1163,427.407,1,78
2,1164,432.592,1,79
2,1165,499.129,1,81
2,1166,502.256,1,82
2,1167,571.361,1,84
2,1168,637.162,1,86
2,1169,639.144,1,87
2,1170,4051.21,6,491
2,1171,4120.92,6,493
2,1172,4184.65,6,495
2,1173,8195.84,13,1047
2,1174,20524.9,30,2450
2,1175,20592.1,30,2452
2,1176,20658.4,30,2454
2,1177,45318.5,65,5357
2,1178,52123.3,74,6115
3,1055,2.19407,1,1
3,1059,4.82158,1,2
3,1063,10.4958,1,3
3,1066,14.1758,1,4
3,1069,16.3276,1,5
3,1072,19.1288,1,6
3,1075,22.3109,1,7
3,1078,25.9905,1,8
3,1081,28.3251,1,9
3,1084,30.7742,1,10
3,1087,32.8758,1,11
3,1090,34.8654,1,12
3,1093,37.2861,1,13
3,1095,44.4036,1,14
3,1097,46.9131,1,15
3,1099,49.0882,1,16
3,1101,51.1756,1,17
3,1104,53.2134,1,18
3,1106,55.0901,1,19
3,1108,57.1302,1,20
3,1110,59.843,1,21
3,1112,61.5696,1,22
3,1114,63.2201,1,23
3,1116,64.8441,1,24
3,1118,66.4398,1,25
3,1120,68.1337,1,26
3,1122,69.8339,1,27
3,1124,71.8329,1,28
3,1125,73.8206,1,29
3,1126,76.6411,1,30
3,1128,78.9678,1,31
3,1129,81.3569,1,32
3,1130,83.9852,1,33
3,1131,86.3095,1,34
3,1132,88.6007,1,35
3,1133,91.1378,1,36
3,1135,93.4917,1,37
3,1136,95.4375,1,38
3,1137,97.3975,1,39
3,1138,100.194,1,40
3,1139,102.664,1,41
3,1140,104.561,1,42
3,1141,106.444,1,43
3,1142,109.047,1,44
3,1143,111.88,1,45
3,1144,113.922,1,46
3,1145,115.7,1,47
3,1146,117.393,1,48
3,1147,119.113,1,49
3,1148,120.791,1,50
3,1149,122.433,1,51
3,1150,124.498,1,52
3,1151,126.713,1,53
3,1152,128.412,1,54
3,1153,130.065,1,55
3,1154,131.893,1,56
3,1156,200.241,1,58
3,1157,203.264,1,59
3,1158,206.115,1,60
3,1159,277.635,1,62
3,1160,345.623,1,64
3,1161,348.708,1,65
3,1162,417.612,1,67
3,1163,488.701,1,69
3,1164,553.394,1,71
3,1165,620.539,1,73
3,1166,623.669,1,74
3,1167,1179.26,2,152
3,1168,1246.84,2,154
3,1169,1317.01,2,156
3,1170,1386.22,2,158
3,1171,1453.23,2,160
3,1172,1518.14,2,162
3,1173,2420.63,3,258
3,1174,2423.28,3,259
3,1175,2427.1,3,260
3,1176,2430.29,3,261
3,1177,2499.57,3,263
3,1178,2501.62,3,264
3,1179,139742,188,15747
4,1049,2.7337,1,1
4,1053,6.90787,1,2
4,1057,9.56578,1,3
4,1061,12.275,1,4
4,1065,15.0675,1,5
4,1068,18.7332,1,6
4,1071,21.7401,1,7
4,1074,25.1769,1,8
4,1077,28.5343,1,9
4,1080,31.8337,1,10
4,1083,34.4569,1,11
4,1085,38.1621,1,12
4,1087,41.3485,1,13
4,1089,44.3712,1,14
4,1091,47.3035,1,15
4,1093,50.0344,1,16
4,1095,54.4399,1,17
4,1097,67.0587,1,18
4,1100,71.7828,1,19
4,1102,74.0527,1,20
4,1104,76.3521,1,21
4,1106,78.77,1,22
4,1108,81.6336,1,23
4,1110,86.1362,1,24
4,1112,90.6661,1,25
4,1114,94.4032,1,26
4,1116,97.1879,1,27
4,1118,99.6448,1,28
4,1120,103.332,1,29
4,1121,106.638,1,30
4,1122,109.962,1,31
4,1123,112.766,1,32
4,1124,115.481,1,33
4,1125,117.911,1,34
4,1126,122.323,1,35
4,1127,129.967,1,36
4,1128,133.203,1,37
4,1129,136.267,1,38
4,1130,138.64,1,39
4,1131,140.976,1,40
4,1132,143.282,1,41
4,1134,145.732,1,42
4,1135,148.095,1,43
4,1136,150.54,1,44
4,1137,153.787,1,45
4,1138,156.306,1,46
4,1139,158.613,1,47
4,1140,160.911,1,48
4,1141,163.351,1,49
4,1142,165.723,1,50
4,1143,168.104,1,51
4,1144,171.06,1,52
4,1145,173.175,1,53
4,1146,175.414,1,54
4,1147,178.282,1,55
4,1148,181.282,1,56
4,1149,183.504,1,57
4,1150,187.281,1,58
4,1151,190.477,1,59
4,1152,193.287,1,60
4,1154,196.326,1,61
4,1155,199.077,1,62
4,1156,202.199,1,63
4,1157,205.169,1,64
4,1158,207.64,1,65
4,1159,210.163,1,66
4,1160,212.539,1,67
4,1161,279.024,1,69
4,1162,347.847,1,71
4,1163,416.527,1,73
4,1164,485.431,1,75
4,1165,1059.89,2,153
4,1166,1125.18,2,155
4,1167,1197.12,2,157
4,1168,1816.98,3,230
4,1169,1883.18,3,232
4,1170,1951.43,3,234
4,1171,2018.56,3,236
4,1172,5010.48,7,560
4,1173,5078.44,7,562
4,1174,5143.13,7,564
4,1175,5210.58,7,566
4,1176,17177.2,22,1844
4,1177,41032.4,54,4551
4,1178,98890.3,133,11193
4,1179,98960.8,133,11195
5,1041,2.37565,1,1
5,1045,4.94277,1,2
5,1049,7.25447,1,3
5,1052,10.6375,1,4
5,1055,13.1952,1,5
5,1058,15.5369,1,6
5,1061,17.9011,1,7
5,1064,20.3841,1,8
5,1067,23.0716,1,9
5,1070,26.4006,1,10
5,1072,29.9487,1,11
5,1074,32.8016,1,12
5,1077,35.1951,1,13
5,1079,37.354,1,14
5,1081,39.6562,1,15
5,1084,42.3196,1,16
5,1086,45.1832,1,17
5,1088,47.9252,1,18
5,1091,50.3013,1,19
5,1093,52.352,1,20
5,1095,54.3645,1,21
5,1097,57.3962,1,22
5,1099,61.7473,1,23
5,1101,64.0598,1,24
5,1103,66.2475,1,25
5,1105,69.6361,1,26
5,1107,73.4957,1,27
5,1109,76.9644,1,28
5,1111,79.6219,1,29
5,1113,81.9115,1,30
5,1115,84.1608,1,31
5,1117,86.2254,1,32
5,1119,88.1171,1,33
5,1120,90.2693,1,34
5,1121,92.8645,1,35
5,1122,95.2701,1,36
5,1123,97.4681,1,37
5,1124,99.5339,1,38
5,1125,101.526,1,39
5,1126,103.451,1,40
5,1128,105.488,1,41
5,1129,107.368,1,42
5,1130,109.669,1,43
5,1131,111.762,1,44
5,1132,113.71,1,45
5,1134,115.916,1,46
5,1135,117.844,1,47
5,1136,119.679,1,48
5,1137,121.634,1,49
5,1138,123.655,1,50
5,1139,125.577,1,51
5,1140,127.728,1,52
5,1141,130.037,1,53
5,1142,132.031,1,54
5,1143,133.8,1,55
5,1144,135.469,1,56
5,1145,137.141,1,57
5,1147,138.815,1,58
5,1149,140.457,1,59
5,1150,142.386,1,60
5,1151,144.578,1,61
5,1152,146.503,1,62
5,1153,148.292,1,63
5,1154,150.001,1,64
5,1155,151.683,1,65
5,1156,153.418,1,66
5,1157,222.163,1,68
5,1158,285.415,1,70
5,1159,287.765,1,71
5,1160,354.468,1,73
5,1161,422.619,1,75
5,1162,486.402,1,77
5,1163,552.532,1,79
5,1164,620.287,1,81
5,1165,688.776,1,83
5,1166,759.256,1,85
5,1167,825.666,1,87
5,1168,1715.01,2,164
5,1169,1717.43,2,165
5,1170,1719.56,2,166
5,1171,1721.59,2,167
5,1172,5020.21,7,574
5,1173,5088.83,7,576
5,1174,5091.37,7,577
5,1175,5160.01,7,579
5,1176,5229.36,7,581
5,1177,5231.98,7,582
5,1178,84746.6,115,9704
5,1179,84812.9,115,9706
5,1180,84877.6,115,9708
5,1181,84945.6,115,9710
6,1051,80.4051,1,1
6,1055,85.8437,1,2
6,1058,88.2359,1,3
6,1062,90.3285,1,4
6,1065,92.0051,1,5
6,1068,94.2576,1,6
6,1071,95.9041,1,7
6,1075,97.5609,1,8
6,1078,99.5738,1,9
6,1081,101.301,1,10
6,1084,102.897,1,11
6,1087,104.56,1,12
6,1089,106.223,1,13
6,1092,107.84,1,14
6,1094,109.596,1,15
6,1096,111.706,1,16
6,1098,113.611,1,17
6,1100,115.229,1,18
6,1102,116.807,1,19
6,1104,118.385,1,20
6,1106,120.071,1,21
6,1108,121.72,1,22
6,1110,123.31,1,23
6,1112,124.886,1,24
6,1114,126.803,1,25
6,1116,128.808,1,26
6,1118,130.454,1,27
6,1120,132.075,1,28
6,1122,133.682,1,29
6,1124,135.417,1,30
6,1125,137.054,1,31
6,1126,138.639,1,32
6,1127,140.211,1,33
6,1128,141.783,1,34
6,1130,143.74,1,35
6,1131,145.905,1,36
6,1132,147.509,1,37
6,1133,149.101,1,38
6,1134,150.753,1,39
6,1135,152.375,1,40
6,1136,153.953,1,41
6,1138,155.529,1,42
6,1140,157.098,1,43
6,1141,158.709,1,44
6,1142,160.725,1,45
6,1143,162.379,1,46
6,1144,164.388,1,47
6,1145,166.101,1,48
6,1147,168.134,1,49
6,1148,169.789,1,50
6,1149,171.409,1,51
6,1150,173.021,1,52
6,1151,174.628,1,53
6,1152,176.432,1,54
6,1153,178.352,1,55
6,1154,245.271,1,57
6,1155,313.468,1,59
6,1156,316.519,1,60
6,1157,381.395,1,62
6,1158,449.24,1,64
6,1159,515.72,1,66
6,1160,583.955,1,68
6,1161,651.515,1,70
6,1162,991.497,2,137
6,1163,1057.03,2,139
6,1164,1124.58,2,141
6,1165,1192.15,2,143
6,1166,1258.91,2,145
6,1167,1326.23,2,147
6,1168,1329.43,2,148
6,1169,1395.62,2,150
6,1170,1397.75,2,151
6,1171,1463.09,2,153
6,1172,1530.8,2,155
6,1173,1533.19,2,156
6,1174,1599.25,2,158
6,1175,1601.27,2,159
6,1176,32665.6,42,3508
6,1177,32733.8,42,3510
6,1178,61917,80,6733
6,1179,61982.7,80,6735
7,1054,2.90779,1,1
7,1058,5.82426,1,2
7,1062,9.01035,1,3
7,1065,12.6011,1,4
7,1068,14.9519,1,5
7,1072,17.2209,1,6
7,1075,20.27,1,7
7,1078,22.4886,1,8
7,1081,25.6534,1,9
7,1083,29.4355,1,10
7,1085,31.6612,1,11
7,1088,34.0455,1,12
7,1090,36.3876,1,13
7,1092,38.9239,1,14
7,1094,41.3071,1,15
7,1096,44.9602,1,16
7,1098,47.7795,1,17
7,1100,50.1947,1,18
7,1102,52.504,1,19
7,1104,54.625,1,20
7,1106,56.6186,1,21
7,1108,58.8975,1,22
7,1110,63.0883,1,23
7,1112,65.2835,1,24
7,1114,67.1002,1,25
7,1116,68.8817,1,26
7,1118,70.6179,1,27
7,1120,72.2917,1,28
7,1121,73.9998,1,29
7,1122,78.0989,1,30
7,1124,80.7051,1,31
7,1125,82.6623,1,32
7,1126,84.4739,1,33
7,1127,86.227,1,34
7,1128,87.9671,1,35
7,1129,89.6618,1,36
7,1130,92.3501,1,37
7,1131,96.3976,1,38
7,1132,99.0065,1,39
7,1134,101.012,1,40
7,1135,103.035,1,41
7,1136,105.004,1,42
7,1137,107.742,1,43
7,1138,112.79,1,44
7,1139,115.313,1,45
7,1140,117.902,1,46
7,1141,119.974,1,47
7,1142,121.869,1,48
7,1143,123.707,1,49
7,1144,128.747,1,50
7,1145,131.803,1,51
7,1146,134.498,1,52
7,1147,137.207,1,53
7,1148,140.352,1,54
7,1149,146.503,1,55
7,1150,148.898,1,56
7,1151,215.455,1,58
7,1152,296.634,1,60
7,1153,366.991,1,62
7,1154,369.228,1,63
7,1155,371.276,1,64
7,1156,373.161,1,65
7,1157,443.393,1,67
7,1158,446.247,1,68
7,1159,448.288,1,69
7,1160,514.317,1,71
7,1161,516.484,1,72
7,1162,518.463,1,73
7,1163,520.414,1,74
7,1164,522.353,1,75
7,1165,593.895,1,77
7,1166,596.172,1,78
7,1167,663.284,1,80
7,1168,731.632,1,82
7,1169,735.681,1,83
7,1170,802.807,1,85
7,1171,804.904,1,86
7,1172,807.332,1,87
7,1173,875.678,1,89
7,1174,879.341,1,90
7,1175,946.111,1,92
7,1176,2433.03,3,264
7,1177,2500.52,3,266
7,1178,2503.06,3,267
7,1179,58681.1,76,6493
7,1180,58749.3,76,6495
7,1181,96695.6,123,10497
8,1063,2.24262,1,1
8,1067,4.40116,1,2
8,1070,6.35126,1,3
8,1073,8.25637,1,4
8,1076,10.1263,1,5
8,1079,12.1084,1,6
8,1082,14.068,1,7
8,1085,16.4429,1,8
8,1088,18.4557,1,9
8,1090,21.4002,1,10
8,1092,24.443,1,11
8,1094,27.2284,1,12
8,1096,29.6846,1,13
8,1098,31.8511,1,14
8,1100,34.1142,1,15
8,1102,36.5309,1,16
8,1104,39.0897,1,17
8,1106,41.3264,1,18
8,1108,44.9223,1,19
8,1110,47.9335,1,20
8,1112,50.3917,1,21
8,1114,52.459,1,22
8,1115,54.8299,1,23
8,1117,56.694,1,24
8,1118,58.5671,1,25
8,1119,60.4355,1,26
8,1120,62.232,1,27
8,1122,63.9879,1,28
8,1123,65.7024,1,29
8,1124,67.4065,1,30
8,1125,69.3002,1,31
8,1126,71.6273,1,32
8,1127,73.4455,1,33
8,1128,75.2579,1,34
8,1129,76.9814,1,35
8,1130,78.639,1,36
8,1131,80.2512,1,37
8,1132,81.8602,1,38
8,1133,83.4617,1,39
8,1134,85.0763,1,40
8,1135,87.2514,1,41
8,1136,89.4068,1,42
8,1137,91.5108,1,43
8,1138,93.4337,1,44
8,1139,95.4734,1,45
8,1140,97.495,1,46
8,1141,99.4032,1,47
8,1143,101.298,1,48
8,1144,103.526,1,49
8,1146,105.791,1,50
8,1147,107.626,1,51
8,1148,109.261,1,52
8,1149,110.9,1,53
8,1150,112.52,1,54
8,1151,114.133,1,55
8,1152,115.743,1,56
8,1153,117.348,1,57
8,1154,119.088,1,58
8,1155,121.571,1,59
8,1156,124.97,1,60
8,1157,127.546,1,61
8,1158,195.13,1,63
8,1159,266.003,1,65
8,1160,269.298,1,66
8,1161,339.802,1,68
8,1162,412.743,1,70
8,1163,482.675,1,72
8,1164,553.228,1,74
8,1165,624.883,1,76
8,1166,694.097,1,78
8,1167,763.267,1,80
8,1168,2575.59,4,312
8,1169,2644.25,4,314
8,1170,2715.3,4,316
8,1171,2784.21,4,318
8,1172,2851.59,4,320
8,1173,2920.48,4,322
8,1174,6560.8,9,738
8,1175,6563.02,9,739
8,1176,8149.28,11,899
8,1177,8218.86,11,901
8,1178,79204.6,103,8673
8,1179,79278.1,103,8675
9,1044,2.05551,1,1
9,1048,4.71381,1,2
9,1051,7.61409,1,3
9,1054,10.8298,1,4
9,1057,13.7155,1,5
9,1060,16.1393,1,6
9,1063,17.896,1,7
9,1066,19.629,1,8
9,1069,21.525,1,9
9,1072,23.2449,1,10
9,1075,24.8879,1,11
9,1077,26.8064,1,12
9,1079,28.8758,1,13
9,1081,30.5298,1,14
9,1083,32.1463,1,15
9,1085,33.7558,1,16
9,1087,35.368,1,17
9,1089,37.2308,1,18
9,1091,38.905,1,19
9,1094,40.5507,1,20
9,1096,42.234,1,21
9,1098,44.52,1,22
9,1100,47.4914,1,23
9,1102,50.1406,1,24
9,1104,52.0875,1,25
9,1106,53.8213,1,26
9,1108,55.4615,1,27
9,1110,57.0729,1,28
9,1112,58.6899,1,29
9,1114,60.7418,1,30
9,1116,62.459,1,31
9,1118,64.5098,1,32
9,1120,66.2724,1,33
9,1122,68.2683,1,34
9,1123,69.9926,1,35
9,1125,71.6596,1,36
9,1126,73.3626,1,37
9,1127,75.0032,1,38
9,1129,76.8669,1,39
9,1131,78.7653,1,40
9,1132,80.4059,1,41
9,1133,82.0236,1,42
9,1134,83.8308,1,43
9,1135,85.5472,1,44
9,1137,87.1965,1,45
9,1138,88.8273,1,46
9,1139,90.4561,1,47
9,1141,92.0872,1,48
9,1142,94.1415,1,49
9,1143,96.6478,1,50
9,1144,98.4973,1,51
9,1145,100.199,1,52
9,1146,101.833,1,53
9,1147,103.459,1,54
9,1148,105.064,1,55
9,1149,106.669,1,56
9,1150,108.277,1,57
9,1151,110.134,1,58
9,1152,112.06,1,59
9,1153,113.815,1,60
9,1154,115.961,1,61
9,1155,117.713,1,62
9,1156,182.81,1,64
9,1157,253.414,1,66
9,1158,255.888,1,67
9,1159,324.525,1,69
9,1160,392.018,1,71
9,1161,460.5,1,73
9,1162,463.72,1,74
9,1163,530.169,1,76
9,1164,599.418,1,78
9,1165,667.436,1,80
9,1166,739.201,1,82
9,1167,806.827,1,84
9,1168,877.681,1,86
9,1169,1661.8,2,176
9,1170,1663.8,2,177
9,1171,1731.36,2,179
9,1172,1799.6,2,181
9,1173,1869.02,2,183
9,1174,1937.97,2,185
9,1175,6715.98,10,850
9,1176,16123.9,23,1972
9,1177,37512.4,53,4463
9,1178,37582.9,53,4465
9,1179,68538.2,96,8047
9,1180,148015,196,16553
10,1054,2.08077,1,1
10,1058,4.72131,1,2
10,1061,7.0413,1,3
10,1064,9.01746,1,4
10,1067,10.7907,1,5
10,1070,12.5138,1,6
10,1073,14.9984,1,7
10,1076,17.4116,1,8
10,1079,19.52,1,9
10,1082,21.2988,1,10
10,1085,23.0286,1,11
10,1088,24.7146,1,12
10,1090,26.3552,1,13
10,1092,28.4194,1,14
10,1095,30.3573,1,15
10,1097,33.0527,1,16
10,1099,35.3711,1,17
10,1101,38.1297,1,18
10,1103,39.9728,1,19
10,1105,41.6458,1,20
10,1107,43.2856,1,21
10,1109,44.9227,1,22
10,1111,46.5574,1,23
10,1113,49.2942,1,24
10,1114,51.5688,1,25
10,1115,53.3962,1,26
10,1116,55.0451,1,27
10,1118,56.6877,1,28
10,1120,58.3156,1,29
10,1121,59.9452,1,30
10,1123,61.5716,1,31
10,1125,63.2146,1,32
10,1127,66.0107,1,33
10,1128,68.2631,1,34
10,1130,70.0873,1,35
10,1131,71.7512,1,36
10,1132,73.3855,1,37
10,1133,75.0273,1,38
10,1135,76.6604,1,39
10,1136,78.2912,1,40
10,1137,79.9271,1,41
10,1138,83.7475,1,42
10,1139,86.9431,1,43
10,1140,89.1064,1,44
10,1141,91.0735,1,45
10,1142,93.1416,1,46
10,1143,95.0708,1,47
10,1144,97.6833,1,48
10,1145,102.172,1,49
10,1146,104.922,1,50
10,1147,107.253,1,51
10,1148,109.394,1,52
10,1149,111.471,1,53
10,1150,115.444,1,54
10,1151,118.103,1,55
10,1152,120.115,1,56
10,1153,121.974,1,57
10,1154,193.551,1,59
10,1155,196.691,1,60
10,1156,265.555,1,62
10,1157,335.298,1,64
10,1158,404.108,1,66
10,1159,471.147,1,68
10,1160,474.579,1,69
10,1161,543.987,1,71
10,1162,611.714,1,73
10,1163,683.629,1,75
10,1164,752.899,1,77
10,1165,824.537,1,79
10,1166,893.137,1,81
10,1167,896.652,1,82
10,1168,1621.23,2,164
10,1169,1623.65,2,165
10,1170,1693.35,2,167
10,1171,2104.82,3,247
10,1172,2173.86,3,249
10,1173,2242.94,3,251
10,1174,2870.75,4,338
10,1175,12718.3,17,1432
10,1176,14978.3,20,1684
10,1177,18233.3,24,2029
10,1178,18306.3,24,2031
10,1179,18382.1,24,2033
10,1180,18451.9,24,2035
11,1047,75.6949,1,1
11,1051,80.381,1,2
11,1055,83.382,1,3
11,1058,86.2389,1,4
11,1061,88.005,1,5
11,1064,90.3116,1,6
11,1067,94.2765,1,7
11,1070,97.8005,1,8
11,1073,101.112,1,9
11,1075,104.091,1,10
11,1077,108.241,1,11
11,1079,110.717,1,12
11,1081,112.862,1,13
11,1083,114.767,1,14
11,1085,117.81,1,15
11,1087,120.012,1,16
11,1089,122.535,1,17
11,1091,125.147,1,18
11,1093,128.629,1,19
11,1095,132.095,1,20
11,1097,134.324,1,21
11,1099,137.252,1,22
11,1101,140.068,1,23
11,1103,142.682,1,24
11,1105,144.879,1,25
11,1107,146.615,1,26
11,1109,148.311,1,27
11,1111,149.926,1,28
11,1113,151.666,1,29
11,1115,153.415,1,30
11,1117,155.072,1,31
11,1119,156.737,1,32
11,1120,159.042,1,33
11,1121,161.606,1,34
11,1122,163.453,1,35
11,1123,165.305,1,36
11,1124,167.5,1,37
11,1125,169.418,1,38
11,1126,171.031,1,39
11,1127,172.826,1,40
11,1128,175.09,1,41
11,1129,177.322,1,42
11,1130,178.987,1,43
11,1131,181.004,1,44
11,1132,182.781,1,45
11,1133,185.046,1,46
11,1134,187.029,1,47
11,1135,188.783,1,48
11,1136,190.701,1,49
11,1137,192.854,1,50
11,1138,194.575,1,51
11,1140,196.307,1,52
11,1141,198.032,1,53
11,1143,199.913,1,54
11,1144,201.635,1,55
11,1145,203.275,1,56
11,1146,204.902,1,57
11,1147,206.518,1,58
11,1148,208.484,1,59
11,1149,210.757,1,60
11,1150,213.869,1,61
11,1151,215.906,1,62
11,1152,217.792,1,63
11,1153,219.671,1,64
11,1154,221.541,1,65
11,1155,293.068,1,67
11,1156,295.796,1,68
11,1157,298.571,1,69
11,1158,300.84,1,70
11,1159,304.026,1,71
11,1160,373.07,1,73
11,1161,443.567,1,75
11,1162,510.601,1,77
11,1163,579.454,1,79
11,1164,582.597,1,80
11,1165,584.81,1,81
11,1166,652.255,1,83
11,1167,717.85,1,85
11,1168,1537.22,2,169
11,1169,1601.91,2,171
11,1170,1669.53,2,173
11,1171,1742.63,2,175
11,1172,3825.87,5,438
11,1173,3891.26,5,440
11,1174,3958.17,5,442
11,1175,8744.7,11,978
11,1176,8810.43,11,980
11,1177,8880.02,11,982
11,1178,8947.03,11,984
11,1179,9017.12,11,986
11,1180,67313.6,79,6715
11,1181,67316.7,79,6716
12,1049,2.48974,1,1
12,1053,5.22344,1,2
12,1056,7.57699,1,3
12,1059,9.51604,1,4
12,1062,11.4105,1,5
12,1065,13.839,1,6
12,1068,17.3622,1,7
12,1071,20.2641,1,8
12,1074,23.1987,1,9
12,1076,25.5807,1,10
12,1078,27.6283,1,11
12,1080,29.9306,1,12
12,1082,33.0993,1,13
12,1084,35.4761,1,14
12,1086,37.6986,1,15
12,1088,39.8567,1,16
12,1090,41.9537,1,17
12,1093,44.0266,1,18
12,1095,47.5076,1,19
12,1097,51.3517,1,20
12,1099,54.1324,1,21
12,1101,57.5028,1,22
12,1103,60.2338,1,23
12,1105,62.2427,1,24
12,1107,64.3464,1,25
12,1110,66.3525,1,26
12,1112,68.0512,1,27
12,1114,69.7163,1,28
12,1116,71.3663,1,29
12,1118,72.9809,1,30
12,1120,74.5919,1,31
12,1122,76.2728,1,32
12,1124,77.9758,1,33
12,1126,79.5943,1,34
12,1128,81.8373,1,35
12,1129,83.716,1,36
12,1130,85.3506,1,37
12,1131,86.9455,1,38
12,1132,88.4819,1,39
12,1133,90.0044,1,40
12,1134,91.7236,1,41
12,1135,93.3875,1,42
12,1136,94.9259,1,43
12,1137,96.5081,1,44
12,1138,98.8545,1,45
12,1139,100.681,1,46
12,1140,102.233,1,47
12,1141,103.778,1,48
12,1142,105.31,1,49
12,1143,107,1,50
12,1144,108.635,1,51
12,1145,110.179,1,52
12,1146,111.718,1,53
12,1147,113.291,1,54
12,1148,115.487,1,55
12,1149,117.113,1,56
12,1150,118.704,1,57
12,1151,120.271,1,58
12,1152,121.834,1,59
12,1153,123.672,1,60
12,1154,125.327,1,61
12,1155,126.919,1,62
12,1156,128.494,1,63
12,1157,130.199,1,64
12,1158,132.474,1,65
12,1159,134.497,1,66
12,1160,136.19,1,67
12,1161,137.764,1,68
12,1162,204.173,1,70
12,1163,270.383,1,72
12,1164,336.695,1,74
12,1165,339.791,1,75
12,1166,407.851,1,77
12,1167,473.884,1,79
12,1168,545.303,1,81
12,1169,615.334,1,83
12,1170,1838.46,3,234
12,1171,3275.01,5,414
12,1172,3341.77,5,416
12,1173,3411.65,5,418
12,1174,9018.02,12,1033
12,1175,9087.12,12,1035
12,1176,9156.95,12,1037
12,1177,25591.1,34,2906
12,1178,60959.5,81,6897
13,1042,2.50987,1,1
13,1046,5.10462,1,2
13,1049,7.44829,1,3
13,1052,9.99527,1,4
13,1055,12.5229,1,5
13,1058,15.0979,1,6
13,1061,18.1364,1,7
13,1064,21.5171,1,8
13,1067,24.88,1,9
13,1070,27.0725,1,10
13,1073,29.0159,1,11
13,1075,31.2617,1,12
13,1077,33.635,1,13
13,1079,36.6774,1,14
13,1081,39.0503,1,15
13,1083,41.5313,1,16
13,1085,43.5564,1,17
13,1087,45.5267,1,18
13,1089,47.4112,1,19
13,1091,49.3712,1,20
13,1093,51.4054,1,21
13,1095,53.7088,1,22
13,1097,56.0387,1,23
13,1099,58.2631,1,24
13,1101,60.3885,1,25
13,1103,62.4266,1,26
13,1105,64.4147,1,27
13,1107,66.2661,1,28
13,1109,68.1167,1,29
13,1111,71.3588,1,30
13,1113,73.3934,1,31
13,1115,75.2156,1,32
13,1117,77.022,1,33
13,1119,78.7831,1,34
13,1121,80.5338,1,35
13,1122,82.2818,1,36
13,1123,84.031,1,37
13,1124,86.0652,1,38
13,1125,88.7483,1,39
13,1127,90.5536,1,40
13,1128,92.2573,1,41
13,1129,93.9493,1,42
13,1131,95.6021,1,43
13,1132,97.251,1,44
13,1133,98.9118,1,45
13,1135,100.78,1,46
13,1136,103.068,1,47
13,1137,105.087,1,48
13,1138,106.987,1,49
13,1139,108.874,1,50
13,1140,110.714,1,51
13,1141,112.551,1,52
13,1142,114.385,1,53
13,1143,116.222,1,54
13,1144,118.142,1,55
13,1145,120.303,1,56
13,1146,122.227,1,57
13,1147,124.088,1,58
13,1148,125.951,1,59
13,1149,127.816,1,60
13,1150,129.676,1,61
13,1151,197.619,1,63
13,1152,200.881,1,64
13,1153,268.831,1,66
13,1154,338.448,1,68
13,1155,341.914,1,69
13,1156,408.76,1,71
13,1157,410.803,1,72
13,1158,479.528,1,74
13,1159,482.809,1,75
13,1160,546.561,1,77
13,1161,614.749,1,79
13,1162,684.496,1,81
13,1163,687.789,1,82
13,1164,690.646,1,83
13,1165,760.433,1,85
13,1166,1252.39,2,165
13,1167,1322.73,2,167
13,1168,1389.47,2,169
13,1169,2081.12,3,255
13,1170,2151.17,3,257
13,1171,2214.99,3,259
13,1172,2281.04,3,261
13,1173,2349.1,3,263
13,1174,2351.28,3,264
13,1175,20875.4,28,2335
13,1176,20945.4,28,2337
13,1177,21014.9,28,2339
13,1178,30625.9,39,3302
13,1179,72644.4,94,7999
13,1180,72712.9,94,8001
13,1181,72784.2,94,8003
14,1039,2.45816,1,1
14,1043,4.68381,1,2
14,1047,6.61772,1,3
14,1051,8.54138,1,4
14,1054,10.6881,1,5
14,1057,12.851,1,6
14,1060,15.3979,1,7
14,1063,17.9232,1,8
14,1066,19.8153,1,9
14,1069,21.8467,1,10
14,1072,24.0739,1,11
14,1075,26.5921,1,12
14,1078,28.7206,1,13
14,1081,30.7311,1,14
14,1084,33.2556,1,15
14,1087,35.2728,1,16
14,1090,37.2206,1,17
14,1092,39.2512,1,18
14,1094,41.3324,1,19
14,1096,43.5695,1,20
14,1098,45.5851,1,21
14,1100,47.4353,1,22
14,1102,49.5366,1,23
14,1104,51.7982,1,24
14,1106,53.6922,1,25
14,1108,55.5681,1,26
14,1110,57.7199,1,27
14,1112,59.914,1,28
14,1114,62.0283,1,29
14,1116,63.9658,1,30
14,1118,66.1003,1,31
14,1119,68.2209,1,32
14,1120,70.1994,1,33
14,1122,72.2281,1,34
14,1123,74.3456,1,35
14,1124,76.0553,1,36
14,1125,77.7839,1,37
14,1126,79.4399,1,38
14,1127,81.1867,1,39
14,1128,83.6141,1,40
14,1130,85.7355,1,41
14,1132,87.4038,1,42
14,1133,90.16,1,43
14,1134,93.9726,1,44
14,1135,97.281,1,45
14,1136,99.7952,1,46
14,1137,102.744,1,47
14,1138,105.008,1,48
14,1139,108.331,1,49
14,1140,111.089,1,50
14,1141,113.488,1,51
14,1142,116.602,1,52
14,1143,118.84,1,53
14,1144,120.84,1,54
14,1145,122.591,1,55
14,1146,124.244,1,56
14,1148,125.994,1,57
14,1149,127.656,1,58
14,1150,129.282,1,59
14,1151,131.109,1,60
14,1152,133.435,1,61
14,1153,135.538,1,62
14,1154,137.54,1,63
14,1155,139.471,1,64
14,1156,141.541,1,65
14,1157,143.278,1,66
14,1158,144.911,1,67
14,1159,146.554,1,68
14,1160,148.557,1,69
14,1161,151.03,1,70
14,1162,153.392,1,71
14,1163,155.341,1,72
14,1164,157.285,1,73
14,1165,159.207,1,74
14,1166,161.141,1,75
14,1167,230.591,1,77
14,1168,306.35,1,79
14,1169,379.297,1,81
14,1170,448.842,1,83
14,1171,517.564,1,85
14,1172,587.189,1,87
14,1173,590.416,1,88
14,1174,660.907,1,90
14,1175,2746.2,3,267
14,1176,2815.66,3,269
14,1177,2883.45,3,271
14,1178,20213.3,26,2215
14,1179,20217.5,26,2216
14,1180,20290.1,26,2218
15,1062,2.23946,1,1
15,1066,4.71578,1,2
15,1069,6.79063,1,3
15,1072,8.88087,1,4
15,1075,10.9305,1,5
15,1078,12.9694,1,6
15,1081,14.9601,1,7
15,1084,17.0188,1,8
15,1087,19.1027,1,9
15,1089,21.5183,1,10
15,1091,23.8876,1,11
15,1093,26.9158,1,12
15,1095,29.4205,1,13
15,1098,31.551,1,14
15,1100,33.6709,1,15
15,1102,36.0386,1,16
15,1104,38.2615,1,17
15,1106,40.4228,1,18
15,1108,43.4822,1,19
15,1110,45.8981,1,20
15,1112,47.9643,1,21
15,1114,49.8583,1,22
15,1116,51.7686,1,23
15,1118,53.577,1,24
15,1120,55.3064,1,25
15,1122,57.0244,1,26
15,1123,59.059,1,27
15,1124,61.105,1,28
15,1125,62.8305,1,29
15,1126,64.5311,1,30
15,1128,66.2286,1,31
15,1129,68.2134,1,32
15,1131,69.9002,1,33
15,1132,71.5728,1,34
15,1134,73.2403,1,35
15,1135,75.0198,1,36
15,1136,77.116,1,37
15,1137,78.7985,1,38
15,1138,80.4663,1,39
15,1139,82.4669,1,40
15,1140,84.8007,1,41
15,1141,86.7398,1,42
15,1142,88.6623,1,43
15,1143,90.5765,1,44
15,1144,92.7078,1,45
15,1145,94.8469,1,46
15,1146,96.6107,1,47
15,1147,98.7203,1,48
15,1148,101.755,1,49
15,1149,104.214,1,50
15,1150,107.422,1,51
15,1151,109.795,1,52
15,1152,112.513,1,53
15,1153,114.818,1,54
15,1154,118.105,1,55
15,1155,121.481,1,56
15,1156,123.883,1,57
15,1157,126.601,1,58
15,1158,199.411,1,60
15,1159,201.691,1,61
15,1160,272.259,1,63
15,1161,275.192,1,64
15,1162,278.173,1,65
15,1163,348.481,1,67
15,1164,418.144,1,69
15,1165,487.969,1,71
15,1166,556.608,1,73
15,1167,559.724,1,74
15,1168,627.66,1,76
15,1169,630.204,1,77
15,1170,632.427,1,78
15,1171,635.082,1,79
15,1172,637.287,1,80
15,1173,639.208,1,81
15,1174,641.149,1,82
15,1175,710.604,1,84
15,1176,779.777,1,86
15,1177,852.987,1,88
15,1178,925.177,1,90
15,1179,994.06,1,92
15,1180,1063.59,1,94
15,1181,1131.65,1,96
15,1182,1200.33,1,98
