1,1873,3.44584,1,1
1,1880,12.3701,1,2
1,1887,16.0299,1,3
1,1894,19.9645,1,4
1,1900,24.0009,1,5
1,1906,28.2998,1,6
1,1913,31.6458,1,7
1,1918,34.5859,1,8
1,1923,39.3645,1,9
1,1928,44.1963,1,10
1,1933,48.376,1,11
1,1938,51.8913,1,12
1,1943,56.6205,1,13
1,1947,61.4319,1,14
1,1951,65.289,1,15
1,1956,69.2978,1,16
1,1961,72.8218,1,17
1,1965,76.1275,1,18
1,1969,79.3002,1,19
1,1973,82.6805,1,20
1,1977,87.4215,1,21
1,1981,91.1986,1,22
1,1985,94.3934,1,23
1,1989,97.5305,1,24
1,1992,100.993,1,25
1,1995,104.012,1,26
1,1998,106.948,1,27
1,2001,109.967,1,28
1,2004,112.874,1,29
1,2007,115.965,1,30
1,2010,118.871,1,31
1,2014,121.677,1,32
1,2017,124.507,1,33
1,2020,127.398,1,34
1,2022,130.55,1,35
1,2024,133.75,1,36
1,2026,136.646,1,37
1,2028,139.493,1,38
1,2030,142.32,1,39
1,2034,145.205,1,40
1,2036,148.148,1,41
1,2038,151.001,1,42
1,2040,153.837,1,43
1,2042,156.692,1,44
1,2044,159.547,1,45
1,2046,162.612,1,46
1,2048,165.744,1,47
1,2050,168.752,1,48
1,2051,171.777,1,49
1,2053,174.748,1,50
1,2055,177.732,1,51
1,2056,180.655,1,52
1,2057,183.524,1,53
1,2059,186.374,1,54
1,2060,189.157,1,55
1,2061,192.049,1,56
1,2062,195.118,1,57
1,2063,197.968,1,58
1,2065,200.783,1,59
1,2066,203.566,1,60
1,2067,206.316,1,61
1,2069,209.124,1,62
1,2070,211.858,1,63
1,2071,214.529,1,64
1,2073,217.2,1,65
1,2074,219.875,1,66
1,2075,222.545,1,67
1,2076,225.959,1,68
1,2077,229.197,1,69
1,2078,232.334,1,70
1,2079,235.541,1,71
1,2080,238.947,1,72
1,2081,243.615,1,73
1,2082,247.901,1,74
1,2084,251.416,1,75
1,2086,254.883,1,76
1,2088,259.69,1,77
1,2089,264.251,1,78
1,2090,268.792,1,79
1,2092,272.82,1,80
1,2095,276.177,1,81
1,2096,279.333,1,82
1,2098,282.372,1,83
1,2099,285.422,1,84
1,2100,288.88,1,85
1,2102,291.903,1,86
1,2104,294.838,1,87
1,2106,297.71,1,88
1,2107,300.566,1,89
1,2108,303.645,1,90
1,2109,362.384,1,91
1,2110,421.399,1,92
1,2111,480.658,1,93
1,2112,483.803,1,94
1,2113,486.762,1,95
1,2114,489.776,1,96
1,2115,729.504,1,101
1,2116,801.225,1,102
1,2117,805.052,1,103
1,2118,928.229,1,105
1,2119,932.375,1,106
1,2120,995.361,1,108
1,2121,999.305,1,109
1,2123,1060.64,1,110
1,2124,1176.71,1,112
1,2125,1237.02,1,113
1,2126,1417.36,1,117
1,2127,1421.9,1,118
1,2128,3159.78,1,153
1,2129,3346.07,1,156
1,2131,4994.17,1,188
1,2132,5054.15,1,189
1,2133,5190.38,1,191
1,2134,13318.8,1,358
1,2135,27295.8,1,635
1,2136,27298.8,1,636
1,2137,27360.1,1,637
1,2138,27666.5,1,642
1,2139,34408.7,1,777
1,2140,34471,1,778
1,2141,34533.4,1,779
2,1876,3.7052,1,1
2,1885,7.66068,1,2
2,1895,11.0319,1,3
2,1903,14.987,1,4
2,1910,18.5892,1,5
2,1919,22.1045,1,6
2,1925,29.6507,1,7
2,1931,33.6298,1,8
2,1937,37.3287,1,9
2,1943,40.5168,1,10
2,1949,43.5758,1,11
2,1954,46.3904,1,12
2,1959,49.1778,1,13
2,1965,51.8874,1,14
2,1970,54.5496,1,15
2,1975,57.5881,1,16
2,1979,61.5266,1,17
2,1983,65.6112,1,18
2,1987,69.2169,1,19
2,1991,72.5771,1,20
2,1995,75.9669,1,21
2,1999,79.1162,1,22
2,2003,81.8416,1,23
2,2006,85.0862,1,24
2,2009,88.9137,1,25
2,2012,93.7689,1,26
2,2015,98.0544,1,27
2,2018,101.536,1,28
2,2021,104.99,1,29
2,2026,109.644,1,30
2,2029,114.541,1,31
2,2032,118.652,1,32
2,2035,122.81,1,33
2,2038,127.319,1,34
2,2042,131.014,1,35
2,2045,134.518,1,36
2,2048,137.474,1,37
2,2050,140.18,1,38
2,2052,142.948,1,39
2,2054,145.771,1,40
2,2056,148.48,1,41
2,2058,151.422,1,42
2,2060,154.595,1,43
2,2063,157.365,1,44
2,2066,160.536,1,45
2,2068,163.841,1,46
2,2070,167.211,1,47
2,2072,170.221,1,48
2,2073,173.046,1,49
2,2075,175.79,1,50
2,2077,178.42,1,51
2,2078,181.083,1,52
2,2079,183.986,1,53
2,2080,187.97,1,54
2,2081,191.739,1,55
2,2082,195.224,1,56
2,2083,198.23,1,57
2,2085,200.843,1,58
2,2086,203.472,1,59
2,2087,206.122,1,60
2,2088,208.779,1,61
2,2089,211.52,1,62
2,2091,214.465,1,63
2,2092,218.129,1,64
2,2094,221.074,1,65
2,2095,223.911,1,66
2,2096,226.743,1,67
2,2097,229.667,1,68
2,2099,292.259,1,69
2,2100,296.486,1,70
2,2102,301.043,1,71
2,2103,305.088,1,72
2,2104,309.18,1,73
2,2105,313.394,1,74
2,2106,377.285,1,75
2,2107,440.813,1,76
2,2108,505.175,1,77
2,2109,632.146,1,80
2,2110,635.916,1,81
2,2111,638.702,1,82
2,2113,701.769,1,83
2,2114,768.804,1,85
2,2115,837.264,1,86
2,2116,901.552,1,87
2,2117,966.482,1,88
2,2118,971.481,1,89
2,2119,1037.24,1,91
2,2121,1164.26,1,93
2,2122,1291.21,1,96
2,2124,1295.65,1,97
2,2125,1359.61,1,98
2,2126,1364.21,1,99
2,2127,1368.23,1,100
2,2128,1372.03,1,101
2,2129,1435.8,1,102
2,2130,1499.67,1,103
2,2131,1504.45,1,104
2,2132,1569.29,1,105
2,2133,1700.22,1,108
2,2134,1763.24,1,109
2,2135,1826.53,1,110
2,2136,1953.65,1,113
2,2137,1956.52,1,114
2,2138,1959.28,1,115
2,2139,2143.67,1,118
2,2140,2147.78,1,119
3,1882,5.17173,1,1
3,1890,10.3813,1,2
3,1898,15.5468,1,3
3,1906,21.0663,1,4
3,1912,26.5498,1,5
3,1918,33.3089,1,6
3,1924,39.7964,1,7
3,1930,46.5368,1,8
3,1936,53.0492,1,9
3,1942,58.997,1,10
3,1947,65.1268,1,11
3,1952,70.7055,1,12
3,1957,75.576,1,13
3,1962,81.2704,1,14
3,1966,86.3853,1,15
3,1970,92.3793,1,16
3,1974,99.3105,1,17
3,1978,107.034,1,18
3,1984,114.243,1,19
3,1988,119.811,1,20
3,1992,124.864,1,21
3,1998,129.573,1,22
3,2003,134.061,1,23
3,2007,138.604,1,24
3,2011,145.025,1,25
3,2015,151.319,1,26
3,2019,156.683,1,27
3,2024,161.287,1,28
3,2028,165.743,1,29
3,2032,170.637,1,30
3,2036,175.376,1,31
3,2041,179.754,1,32
3,2046,184.104,1,33
3,2049,188.967,1,34
3,2052,193.34,1,35
3,2055,197.647,1,36
3,2058,202.143,1,37
3,2061,207.289,1,38
3,2064,211.697,1,39
3,2068,216.083,1,40
3,2071,220.544,1,41
3,2074,224.793,1,42
3,2077,228.979,1,43
3,2080,233.596,1,44
3,2082,239.049,1,45
3,2084,243.647,1,46
3,2086,248.502,1,47
3,2088,255.307,1,48
3,2089,262.059,1,49
3,2090,268.994,1,50
3,2091,276.059,1,51
3,2092,283.154,1,52
3,2093,290.267,1,53
3,2094,297.506,1,54
3,2095,302.534,1,55
3,2096,307.461,1,56
3,2097,312.657,1,57
3,2098,319.879,1,58
3,2099,326.486,1,59
3,2100,389.363,1,60
3,2101,394.53,1,61
3,2102,456.304,1,62
3,2103,522.55,1,63
3,2104,770.055,1,67
3,2106,776.932,1,68
3,2107,783.859,1,69
3,2108,790.657,1,70
3,2109,797.895,1,71
3,2110,926.79,1,74
3,2111,934.123,1,75
3,2112,1061.52,1,77
3,2114,1124.54,1,78
3,2115,1201.45,1,79
3,2117,1263.52,1,80
3,2119,1573.56,1,85
3,2120,1580.44,1,86
3,2121,1585.97,1,87
3,2122,3854.89,1,131
3,2124,3979.8,1,133
3,2125,3987.91,1,134
3,2127,4849.57,1,148
3,2128,4971.58,1,150
3,2129,5273.83,1,155
3,2130,5280.76,1,156
3,2131,5286.91,1,157
3,2132,5293.81,1,158
3,2133,5358.3,1,159
3,2134,5845.88,1,167
3,2135,12481.7,1,297
3,2136,26082,1,549
3,2137,26567,1,557
3,2138,26695.5,1,559
3,2139,46884.9,1,931
3,2140,46893.1,1,932
4,1872,5.97861,1,1
4,1879,26.358,1,2
4,1886,34.0388,1,3
4,1893,40.6526,1,4
4,1900,49.9385,1,5
4,1906,58.7278,1,6
4,1912,67.6272,1,7
4,1918,77.9781,1,8
4,1924,84.5169,1,9
4,1929,90.342,1,10
4,1934,95.7608,1,11
4,1939,101.437,1,12
4,1944,107.081,1,13
4,1949,112.377,1,14
4,1954,117.889,1,15
4,1959,124.019,1,16
4,1965,129.377,1,17
4,1969,134.958,1,18
4,1975,140.133,1,19
4,1979,145.083,1,20
4,1985,150.321,1,21
4,1989,155.351,1,22
4,1993,160.348,1,23
4,1997,166.201,1,24
4,2003,172.141,1,25
4,2007,178.728,1,26
4,2011,185.042,1,27
4,2015,190.568,1,28
4,2019,196.383,1,29
4,2023,202.453,1,30
4,2026,208.285,1,31
4,2029,214.437,1,32
4,2032,220.286,1,33
4,2035,226.64,1,34
4,2038,234.433,1,35
4,2041,242.475,1,36
4,2044,249.085,1,37
4,2047,254.838,1,38
4,2050,261.801,1,39
4,2053,270.056,1,40
4,2055,278.542,1,41
4,2057,285.592,1,42
4,2059,292.395,1,43
4,2061,298.086,1,44
4,2063,303.616,1,45
4,2065,309.112,1,46
4,2067,314.373,1,47
4,2069,320.033,1,48
4,2071,325.736,1,49
4,2073,331.15,1,50
4,2074,336.638,1,51
4,2075,341.954,1,52
4,2078,347.037,1,53
4,2079,352.149,1,54
4,2080,358.152,1,55
4,2081,364.025,1,56
4,2084,370.306,1,57
4,2085,376.133,1,58
4,2086,382.187,1,59
4,2089,388.393,1,60
4,2090,395.527,1,61
4,2091,402.065,1,62
4,2092,409.104,1,63
4,2093,416.535,1,64
4,2095,481.509,1,65
4,2096,489.85,1,66
4,2098,556.396,1,67
4,2099,621.26,1,68
4,2100,717.703,1,69
4,2101,783.322,1,70
4,2102,789.282,1,71
4,2103,796.972,1,72
4,2104,830.272,1,73
4,2105,837.533,1,74
4,2106,902.451,1,75
4,2107,965,1,76
4,2108,1029.73,1,77
4,2109,1095.14,1,78
4,2110,1160.72,1,79
4,2112,1225.91,1,80
4,2113,1269.95,1,81
4,2114,1335.55,1,82
4,2115,1398.84,1,83
4,2116,1405.05,1,84
4,2117,1411.02,1,85
4,2118,1474.93,1,86
4,2119,1482.05,1,87
4,2120,1547.82,1,88
4,2121,1734.54,1,91
4,2122,2300.17,1,101
4,2123,2389.29,1,102
4,2124,2453.35,1,103
4,2125,2517.51,1,104
4,2126,4181.28,1,134
4,2127,4245.85,1,135
4,2128,4525.01,1,140
4,2129,4590.23,1,141
4,2130,4775.22,1,144
4,2131,4906.05,1,147
4,2132,5646.45,1,159
4,2133,5653.16,1,160
4,2134,5718.63,1,161
4,2136,5808.99,1,162
4,2137,5816.03,1,163
4,2139,5823.27,1,164
4,2140,83947.8,1,1676
5,1857,4.89263,1,1
5,1867,10.1532,1,2
5,1876,15.2408,1,3
5,1884,20.225,1,4
5,1892,26.3154,1,5
5,1899,33.6433,1,6
5,1906,40.6301,1,7
5,1913,52.6781,1,8
5,1919,60.9834,1,9
5,1925,95.0368,1,10
5,1931,101.3,1,11
5,1936,107.461,1,12
5,1942,112.669,1,13
5,1947,117.713,1,14
5,1952,123.054,1,15
5,1958,128.048,1,16
5,1962,132.955,1,17
5,1967,138.482,1,18
5,1972,143.442,1,19
5,1978,148.324,1,20
5,1982,154.021,1,21
5,1986,159.012,1,22
5,1990,163.968,1,23
5,1995,169.221,1,24
5,1999,174.26,1,25
5,2003,179.212,1,26
5,2008,184.535,1,27
5,2012,189.497,1,28
5,2015,194.309,1,29
5,2019,199.27,1,30
5,2022,203.947,1,31
5,2025,210.194,1,32
5,2028,216.551,1,33
5,2031,223.552,1,34
5,2034,231.411,1,35
5,2037,238.875,1,36
5,2040,246.342,1,37
5,2043,252.908,1,38
5,2046,259.551,1,39
5,2049,266.804,1,40
5,2052,273.562,1,41
5,2055,279.824,1,42
5,2057,286.999,1,43
5,2059,294.076,1,44
5,2061,301.135,1,45
5,2063,308.16,1,46
5,2066,315.225,1,47
5,2069,322.348,1,48
5,2072,329.361,1,49
5,2074,336.312,1,50
5,2076,341.902,1,51
5,2077,348.847,1,52
5,2079,356.079,1,53
5,2080,363.075,1,54
5,2083,370.265,1,55
5,2084,377.346,1,56
5,2086,384.338,1,57
5,2087,389.419,1,58
5,2088,396.428,1,59
5,2089,403.581,1,60
5,2090,410.546,1,61
5,2091,417.469,1,62
5,2092,424.427,1,63
5,2093,431.717,1,64
5,2094,438.476,1,65
5,2095,502.763,1,66
5,2096,566.896,1,67
5,2097,569.758,1,68
5,2098,572.476,1,69
5,2099,631.915,1,70
5,2100,689.772,1,71
5,2101,693.159,1,72
5,2103,696.246,1,73
5,2104,757.983,1,74
5,2105,879.315,1,77
5,2106,941.878,1,78
5,2107,950.371,1,79
5,2108,953.364,1,80
5,2110,1013.81,1,81
5,2111,1017.84,1,82
5,2112,1077.32,1,83
5,2113,1137.81,1,84
5,2114,1197.02,1,85
5,2116,1316.33,1,87
5,2117,1320.82,1,88
5,2118,1380.05,1,89
5,2119,1439.67,1,90
5,2120,1443.75,1,91
5,2121,1736.64,1,96
5,2122,1796.27,1,97
5,2123,1800.29,1,98
5,2124,1803.95,1,99
5,2125,1922.23,1,101
5,2126,3392.1,1,130
5,2127,3972.84,1,140
5,2128,4619.3,1,152
5,2129,4677.54,1,153
5,2130,8175.29,1,229
5,2131,8178.64,1,230
5,2132,9833.6,1,263
5,2133,16960.3,1,412
5,2134,17027.3,1,414
5,2135,17099.9,1,415
5,2136,17104,1,416
5,2138,17162.4,1,417
5,2139,38114,1,842
5,2140,46107.3,1,1008
5,2141,133325,1,2735
6,1875,6.00348,1,1
6,1882,14.4576,1,2
6,1889,24.5765,1,3
6,1896,33.1881,1,4
6,1904,41.722,1,5
6,1910,48.4723,1,6
6,1916,55.3376,1,7
6,1923,63.9165,1,8
6,1929,71.7347,1,9
6,1934,76.6628,1,10
6,1939,79.4944,1,11
6,1944,82.1586,1,12
6,1949,84.9614,1,13
6,1956,87.9051,1,14
6,1961,90.7067,1,15
6,1966,93.3978,1,16
6,1970,95.9602,1,17
6,1974,98.6066,1,18
6,1979,102.405,1,19
6,1983,105.315,1,20
6,1986,107.842,1,21
6,1989,110.285,1,22
6,1992,112.718,1,23
6,1995,115.177,1,24
6,1998,117.643,1,25
6,2001,120.076,1,26
6,2004,122.501,1,27
6,2007,124.926,1,28
6,2010,127.359,1,29
6,2012,129.787,1,30
6,2016,132.686,1,31
6,2018,135.437,1,32
6,2021,137.974,1,33
6,2023,140.487,1,34
6,2025,142.984,1,35
6,2027,145.652,1,36
6,2030,148.474,1,37
6,2033,151.2,1,38
6,2035,154.042,1,39
6,2037,156.743,1,40
6,2039,159.429,1,41
6,2041,162.29,1,42
6,2043,165.68,1,43
6,2045,168.262,1,44
6,2048,171.156,1,45
6,2050,173.611,1,46
6,2054,176.489,1,47
6,2056,179.662,1,48
6,2058,183.795,1,49
6,2060,187.178,1,50
6,2062,190.077,1,51
6,2063,192.55,1,52
6,2065,196.707,1,53
6,2067,200.693,1,54
6,2068,204.208,1,55
6,2071,207.368,1,56
6,2074,210.599,1,57
6,2075,213.917,1,58
6,2078,216.98,1,59
6,2079,219.911,1,60
6,2081,222.66,1,61
6,2082,226.183,1,62
6,2085,230.31,1,63
6,2087,233.471,1,64
6,2088,236.403,1,65
6,2089,239.276,1,66
6,2090,242.306,1,67
6,2091,245.164,1,68
6,2092,247.959,1,69
6,2093,250.725,1,70
6,2094,253.476,1,71
6,2095,256.515,1,72
6,2097,314.67,1,73
6,2098,317.761,1,74
6,2099,320.937,1,75
6,2100,323.711,1,76
6,2101,326.45,1,77
6,2102,385.64,1,78
6,2103,445.159,1,79
6,2105,448.326,1,80
6,2106,451.582,1,81
6,2107,454.501,1,82
6,2108,457.363,1,83
6,2109,460.352,1,84
6,2110,463.342,1,85
6,2111,465.833,1,86
6,2112,468.733,1,87
6,2113,527.739,1,88
6,2114,531.234,1,89
6,2116,534.386,1,90
6,2117,708.852,1,93
6,2118,766.884,1,94
6,2120,770.987,1,95
6,2121,830.393,1,96
6,2122,1003.04,1,99
6,2123,2875.32,1,134
6,2124,2934.99,1,135
6,2125,3052.35,1,137
6,2126,3056.46,1,138
6,2127,3985.02,1,155
6,2128,3988.91,1,156
6,2129,4045.96,1,157
6,2130,4105.78,1,158
6,2131,4399.52,1,164
6,2132,4464.03,1,166
6,2133,4484.24,1,167
6,2134,7061.63,1,218
6,2135,7120.52,1,219
6,2136,7181.66,1,220
6,2137,7882.37,1,234
6,2138,7886.3,1,235
6,2139,8296.52,1,243
6,2140,8413.41,1,245
6,2141,8417.46,1,246
7,1847,3.57532,1,1
7,1857,7.15657,1,2
7,1866,10.9802,1,3
7,1874,15.2294,1,4
7,1881,19.6534,1,5
7,1888,23.5631,1,6
7,1895,27.9737,1,7
7,1902,46.7769,1,8
7,1908,51.0517,1,9
7,1914,54.9669,1,10
7,1920,58.8296,1,11
7,1925,62.0275,1,12
7,1930,65.6329,1,13
7,1935,68.7846,1,14
7,1940,71.5546,1,15
7,1945,74.8347,1,16
7,1949,77.7413,1,17
7,1953,81.7173,1,18
7,1957,85.132,1,19
7,1961,88.1953,1,20
7,1965,92.0773,1,21
7,1970,95.5469,1,22
7,1974,99.665,1,23
7,1978,103.173,1,24
7,1982,108.092,1,25
7,1986,112.525,1,26
7,1989,116.698,1,27
7,1992,121.927,1,28
7,1996,126.252,1,29
7,2000,130.029,1,30
7,2005,133.186,1,31
7,2008,137.156,1,32
7,2011,141.18,1,33
7,2013,145.731,1,34
7,2015,149.802,1,35
7,2017,153.359,1,36
7,2020,156.97,1,37
7,2022,160.36,1,38
7,2026,163.497,1,39
7,2029,166.433,1,40
7,2031,169.567,1,41
7,2033,173.502,1,42
7,2035,177.201,1,43
7,2037,180.65,1,44
7,2039,184.075,1,45
7,2041,187.595,1,46
7,2042,190.857,1,47
7,2043,193.717,1,48
7,2046,196.309,1,49
7,2048,199.335,1,50
7,2050,202.223,1,51
7,2053,204.931,1,52
7,2055,207.627,1,53
7,2057,210.301,1,54
7,2059,213.049,1,55
7,2060,215.944,1,56
7,2063,218.748,1,57
7,2065,221.295,1,58
7,2068,223.822,1,59
7,2071,226.333,1,60
7,2072,229.013,1,61
7,2075,231.97,1,62
7,2076,234.972,1,63
7,2078,237.815,1,64
7,2079,240.485,1,65
7,2080,243.149,1,66
7,2082,245.887,1,67
7,2083,248.437,1,68
7,2084,250.947,1,69
7,2086,253.441,1,70
7,2087,256.183,1,71
7,2088,259.172,1,72
7,2090,262.341,1,73
7,2092,265.155,1,74
7,2093,267.942,1,75
7,2095,270.713,1,76
7,2096,273.471,1,77
7,2097,276.271,1,78
7,2098,279.263,1,79
7,2100,282.087,1,80
7,2101,284.75,1,81
7,2102,287.413,1,82
7,2103,290.073,1,83
7,2104,348.751,1,84
7,2105,351.696,1,85
7,2106,411.476,1,86
7,2107,475.565,1,87
7,2108,479.878,1,88
7,2109,541.031,1,89
7,2110,719.443,1,93
7,2111,778.137,1,94
7,2112,1013.26,1,98
7,2113,1072.68,1,99
7,2114,1135.51,1,101
7,2115,1310.16,1,104
7,2116,1313.59,1,105
7,2117,1487.49,1,108
7,2118,1839.71,1,115
7,2119,2369.72,1,127
7,2120,3659.77,1,153
7,2121,3720.55,1,154
7,2122,3906.25,1,157
7,2123,3910.32,1,158
7,2124,4151.5,1,163
7,2125,4270.23,1,165
7,2126,4918.64,1,176
7,2127,5038.41,1,178
7,2128,5156.69,1,180
7,2129,6096.12,1,198
7,2130,6509.75,1,205
7,2131,6514.09,1,206
7,2132,6693.47,1,209
7,2133,6752.24,1,210
7,2134,6756.32,1,211
7,2135,6814.55,1,212
7,2136,6991.37,1,215
7,2137,6995.43,1,216
7,2138,7059.35,1,218
7,2139,8820.32,1,255
7,2140,8882.81,1,256
8,1870,5.78479,1,1
8,1879,11.2348,1,2
8,1888,16.401,1,3
8,1896,21.9963,1,4
8,1903,28.1415,1,5
8,1909,33.3042,1,6
8,1915,39.43,1,7
8,1921,44.3408,1,8
8,1926,49.3831,1,9
8,1931,54.2153,1,10
8,1938,58.7597,1,11
8,1943,63.2477,1,12
8,1948,69.1146,1,13
8,1952,76.9794,1,14
8,1956,83.864,1,15
8,1960,91.045,1,16
8,1964,98.7183,1,17
8,1968,105.833,1,18
8,1972,111.544,1,19
8,1976,116.71,1,20
8,1980,121.552,1,21
8,1984,126.266,1,22
8,1988,131.273,1,23
8,1992,135.887,1,24
8,1996,140.407,1,25
8,2000,144.943,1,26
8,2003,149.512,1,27
8,2006,153.966,1,28
8,2009,158.515,1,29
8,2012,163.516,1,30
8,2015,168.084,1,31
8,2018,173.068,1,32
8,2021,178.274,1,33
8,2023,183.245,1,34
8,2027,188.18,1,35
8,2029,193.418,1,36
8,2032,198.377,1,37
8,2035,203.282,1,38
8,2037,209.011,1,39
8,2039,214.264,1,40
8,2043,219.383,1,41
8,2045,224.851,1,42
8,2047,229.884,1,43
8,2051,234.852,1,44
8,2055,240.02,1,45
8,2057,244.989,1,46
8,2059,250.23,1,47
8,2062,255.632,1,48
8,2064,260.654,1,49
8,2066,265.615,1,50
8,2068,272.285,1,51
8,2070,280.127,1,52
8,2071,286.766,1,53
8,2074,294.306,1,54
8,2075,301.522,1,55
8,2076,307.534,1,56
8,2079,312.803,1,57
8,2082,318.474,1,58
8,2083,323.929,1,59
8,2084,329.239,1,60
8,2086,334.658,1,61
8,2087,339.738,1,62
8,2090,344.763,1,63
8,2091,350.347,1,64
8,2092,355.64,1,65
8,2093,360.744,1,66
8,2094,366.159,1,67
8,2095,371.127,1,68
8,2096,376.038,1,69
8,2097,381.157,1,70
8,2098,442.657,1,71
8,2100,449.815,1,72
8,2101,456.964,1,73
8,2102,520.179,1,74
8,2103,585.456,1,75
8,2104,946.396,1,82
8,2106,950.938,1,83
8,2107,1011.06,1,84
8,2108,1134.06,1,86
8,2109,1139.82,1,87
8,2110,1145.42,1,88
8,2111,1207.93,1,89
8,2112,1288.88,1,90
8,2114,1588.98,1,95
8,2116,1773.42,1,98
8,2117,1779.82,1,99
8,2118,1845.34,1,100
8,2119,1917.48,1,101
8,2120,2041.66,1,103
8,2121,2224.93,1,106
8,2122,2347.99,1,108
8,2123,2411.89,1,109
8,2124,2439.87,1,110
8,2125,2737.48,1,115
8,2127,3100.1,1,122
8,2128,3760.54,1,134
8,2129,3943.42,1,138
8,2130,4068.31,1,140
8,2131,4913.86,1,154
8,2132,5040.36,1,157
8,2133,9577.3,1,240
8,2134,9640.31,1,241
8,2135,9884.78,1,245
8,2136,20542.5,1,452
8,2137,20726.8,1,455
8,2138,20918.4,1,461
8,2139,20922.8,1,462
8,2140,57318.9,1,1165
9,1847,5.33989,1,1
9,1857,11.1286,1,2
9,1865,16.673,1,3
9,1873,23.1411,1,4
9,1881,30.1706,1,5
9,1888,37.7799,1,6
9,1896,43.7542,1,7
9,1903,51.5175,1,8
9,1910,59.798,1,9
9,1916,68.4171,1,10
9,1921,75.456,1,11
9,1926,81.0833,1,12
9,1931,88.1625,1,13
9,1937,119.631,1,14
9,1942,124.754,1,15
9,1947,130.045,1,16
9,1951,135.305,1,17
9,1957,140.396,1,18
9,1961,145.856,1,19
9,1965,151.458,1,20
9,1969,156.787,1,21
9,1973,162.04,1,22
9,1978,167.188,1,23
9,1982,172.264,1,24
9,1987,177.407,1,25
9,1991,182.576,1,26
9,1994,187.774,1,27
9,1998,193.255,1,28
9,2001,204.161,1,29
9,2004,209.646,1,30
9,2009,215.851,1,31
9,2013,221.079,1,32
9,2016,226.901,1,33
9,2019,232.231,1,34
9,2022,237.465,1,35
9,2025,244.571,1,36
9,2028,251.72,1,37
9,2030,259.294,1,38
9,2032,267.498,1,39
9,2034,274.815,1,40
9,2036,281.161,1,41
9,2038,286.504,1,42
9,2042,291.54,1,43
9,2045,296.345,1,44
9,2047,301.763,1,45
9,2049,307.156,1,46
9,2051,311.813,1,47
9,2053,316.57,1,48
9,2055,321.185,1,49
9,2058,326.238,1,50
9,2060,331.229,1,51
9,2062,336.691,1,52
9,2064,341.917,1,53
9,2066,347.187,1,54
9,2067,352.693,1,55
9,2068,357.783,1,56
9,2069,362.998,1,57
9,2072,368.288,1,58
9,2075,373.551,1,59
9,2077,379.065,1,60
9,2078,384.24,1,61
9,2079,389.392,1,62
9,2081,394.672,1,63
9,2082,400.182,1,64
9,2083,405.393,1,65
9,2084,410.793,1,66
9,2087,415.608,1,67
9,2088,418.468,1,68
9,2089,421.296,1,69
9,2090,424.111,1,70
9,2091,427.088,1,71
9,2092,430.025,1,72
9,2095,432.883,1,73
9,2097,435.719,1,74
9,2100,438.538,1,75
9,2101,441.522,1,76
9,2102,445.781,1,77
9,2103,449.544,1,78
9,2105,453.107,1,79
9,2106,456.471,1,80
9,2108,460.679,1,81
9,2109,465.143,1,82
9,2110,469.108,1,83
9,2111,528.475,1,84
9,2113,532.196,1,85
9,2114,536.128,1,86
9,2115,539.995,1,87
9,2116,778.845,1,91
9,2117,840.939,1,93
9,2118,844.994,1,94
9,2119,850.287,1,95
9,2120,924.536,1,96
9,2121,927.909,1,97
9,2122,1507.66,1,107
9,2123,1744.16,1,112
9,2124,1748.15,1,113
9,2125,1806.87,1,114
9,2126,2393,1,125
9,2128,2631.03,1,129
9,2129,3158.03,1,139
9,2130,4516.38,1,167
9,2131,4521.3,1,168
9,2132,4583.95,1,169
9,2133,11208.8,1,302
9,2134,11212.8,1,303
9,2135,11216.5,1,304
9,2136,11220,1,305
9,2137,11574.9,1,313
9,2138,16819,1,426
9,2139,16822,1,427
9,2140,19403.3,1,480
9,2141,19406.3,1,481
10,1892,3.81573,1,1
10,1900,7.00183,1,2
10,1908,10.1567,1,3
10,1915,13.2572,1,4
10,1922,16.3513,1,5
10,1928,20.8795,1,6
10,1934,37.5316,1,7
10,1939,40.4493,1,8
10,1944,43.2382,1,9
10,1949,46.0059,1,10
10,1954,48.8817,1,11
10,1958,53.14,1,12
10,1962,56.8566,1,13
10,1966,60.1331,1,14
10,1969,63.1826,1,15
10,1973,66.2242,1,16
10,1976,69.8193,1,17
10,1979,72.9987,1,18
10,1982,75.7722,1,19
10,1985,78.4301,1,20
10,1988,81.3754,1,21
10,1992,83.9299,1,22
10,1995,86.8863,1,23
10,1998,89.7009,1,24
10,2001,92.3564,1,25
10,2003,95.248,1,26
10,2005,98.6599,1,27
10,2009,102.097,1,28
10,2011,105.307,1,29
10,2013,108.366,1,30
10,2016,111.454,1,31
10,2018,114.544,1,32
10,2022,117.589,1,33
10,2024,120.652,1,34
10,2026,123.684,1,35
10,2028,127.049,1,36
10,2030,131.2,1,37
10,2034,135.485,1,38
10,2037,139.419,1,39
10,2040,143.956,1,40
10,2042,148.839,1,41
10,2044,153.364,1,42
10,2046,157.132,1,43
10,2048,161.695,1,44
10,2050,165.433,1,45
10,2052,169.406,1,46
10,2054,173.598,1,47
10,2056,177,1,48
10,2057,179.853,1,49
10,2060,182.518,1,50
10,2062,185.123,1,51
10,2065,187.788,1,52
10,2066,190.901,1,53
10,2067,195.039,1,54
10,2068,198.883,1,55
10,2069,202.51,1,56
10,2070,206.136,1,57
10,2071,209.782,1,58
10,2074,213.266,1,59
10,2076,216.575,1,60
10,2077,219.821,1,61
10,2079,223.206,1,62
10,2081,226.09,1,63
10,2082,228.907,1,64
10,2083,232.144,1,65
10,2084,235.589,1,66
10,2085,239.065,1,67
10,2087,242.353,1,68
10,2088,245.599,1,69
10,2089,248.726,1,70
10,2091,306.847,1,71
10,2092,310.971,1,72
10,2094,370.045,1,73
10,2095,435.732,1,74
10,2096,496.985,1,75
10,2097,556.94,1,76
10,2098,569.448,1,77
10,2099,628.827,1,78
10,2101,805.522,1,81
10,2102,864.297,1,82
10,2103,927.998,1,84
10,2104,1103.27,1,87
10,2105,1281.87,1,90
10,2107,1403.62,1,92
10,2108,1407.77,1,93
10,2109,1468.97,1,94
10,2110,1648.05,1,97
10,2112,1710.75,1,99
10,2113,1783.74,1,101
10,2114,1788.08,1,102
10,2115,1792.53,1,103
10,2117,1912.03,1,105
10,2118,2089.32,1,108
10,2119,2151.33,1,109
10,2120,2217.43,1,110
10,2121,2337.67,1,113
10,2123,3796.4,1,141
10,2124,3978.51,1,145
10,2125,4272.88,1,151
10,2126,4277.05,1,152
10,2127,4570.92,1,157
10,2128,5155.39,1,167
10,2129,5447.25,1,173
10,2130,5624.13,1,177
10,2131,5685.88,1,178
10,2132,5751.04,1,180
10,2133,5871.78,1,183
10,2134,6221.11,1,189
10,2135,12151.1,1,302
10,2136,12387.9,1,307
10,2137,13092.6,1,322
10,2139,13151.4,1,323
10,2140,13272.9,1,326
11,1857,4.61827,1,1
11,1863,17.4396,1,2
11,1869,22.4037,1,3
11,1875,26.767,1,4
11,1882,32.5052,1,5
11,1888,37.7511,1,6
11,1895,42.0224,1,7
11,1901,46.0635,1,8
11,1907,50.3561,1,9
11,1912,54.4454,1,10
11,1918,58.5821,1,11
11,1923,62.6714,1,12
11,1928,67.204,1,13
11,1933,71.5215,1,14
11,1938,75.6503,1,15
11,1943,79.7585,1,16
11,1948,84.2315,1,17
11,1953,88.3307,1,18
11,1958,92.3473,1,19
11,1962,96.4248,1,20
11,1967,100.509,1,21
11,1971,104.429,1,22
11,1975,108.437,1,23
11,1980,112.443,1,24
11,1984,116.404,1,25
11,1988,120.285,1,26
11,1992,124.104,1,27
11,1995,127.988,1,28
11,1998,132.108,1,29
11,2002,136.05,1,30
11,2006,140.076,1,31
11,2009,146.859,1,32
11,2013,152.424,1,33
11,2016,158.745,1,34
11,2019,164.546,1,35
11,2022,170.651,1,36
11,2025,177.519,1,37
11,2028,183.653,1,38
11,2031,189.336,1,39
11,2034,193.955,1,40
11,2038,198.235,1,41
11,2041,202.427,1,42
11,2043,206.593,1,43
11,2045,210.759,1,44
11,2047,214.848,1,45
11,2049,218.907,1,46
11,2051,223.16,1,47
11,2054,227.27,1,48
11,2056,231.311,1,49
11,2058,235.328,1,50
11,2060,239.519,1,51
11,2062,243.582,1,52
11,2065,247.599,1,53
11,2068,251.675,1,54
11,2071,255.74,1,55
11,2073,259.827,1,56
11,2075,263.77,1,57
11,2076,267.864,1,58
11,2077,271.803,1,59
11,2078,275.663,1,60
11,2080,279.773,1,61
11,2081,283.805,1,62
11,2082,287.959,1,63
11,2084,291.918,1,64
11,2085,296.834,1,65
11,2086,301.791,1,66
11,2088,306.071,1,67
11,2090,310.614,1,68
11,2091,315.215,1,69
11,2092,319.594,1,70
11,2093,324.303,1,71
11,2094,328.881,1,72
11,2095,333.379,1,73
11,2096,337.86,1,74
11,2098,342.36,1,75
11,2099,406.595,1,76
11,2100,411.253,1,77
11,2101,415.059,1,78
11,2102,418.581,1,79
11,2103,422.089,1,80
11,2104,425.729,1,81
11,2106,429.282,1,82
11,2108,432.796,1,83
11,2109,436.282,1,84
11,2111,498.781,1,85
11,2112,561.47,1,86
11,2113,627.85,1,87
11,2114,638.815,1,88
11,2115,700.421,1,89
11,2116,704.812,1,90
11,2117,709.139,1,91
11,2118,772.724,1,92
11,2119,2327.5,1,120
11,2120,2333.42,1,121
11,2121,2773.67,1,129
11,2122,3325.69,1,139
11,2123,5017.6,1,174
11,2125,5211.33,1,177
11,2126,5215.99,1,178
11,2127,5220.56,1,179
11,2128,5414.6,1,182
11,2129,5479.43,1,183
11,2130,5605.43,1,185
11,2131,5670.63,1,186
11,2132,5735.29,1,187
11,2133,5865.15,1,190
11,2134,5994.12,1,193
11,2135,6130.07,1,197
11,2136,7625.87,1,224
11,2138,7877.39,1,228
11,2139,8520.03,1,240
11,2140,40930.5,1,854
12,1898,6.80958,1,1
12,1907,12.9698,1,2
12,1914,18.4084,1,3
12,1920,24.4872,1,4
12,1926,30.1615,1,5
12,1933,35.7643,1,6
12,1939,43.5797,1,7
12,1944,49.4371,1,8
12,1949,56.1437,1,9
12,1954,87.5325,1,10
12,1959,92.7421,1,11
12,1964,98.0875,1,12
12,1969,103.615,1,13
12,1974,109.852,1,14
12,1978,118.815,1,15
12,1982,126.737,1,16
12,1986,134.651,1,17
12,1990,141.95,1,18
12,1995,149.525,1,19
12,2000,156.402,1,20
12,2004,162.505,1,21
12,2008,168.225,1,22
12,2011,173.737,1,23
12,2014,179.631,1,24
12,2018,185.153,1,25
12,2021,190.549,1,26
12,2024,196.086,1,27
12,2027,201.295,1,28
12,2030,206.002,1,29
12,2033,212.484,1,30
12,2036,218.152,1,31
12,2039,223.913,1,32
12,2042,229.429,1,33
12,2044,234.786,1,34
12,2048,240.11,1,35
12,2050,245.493,1,36
12,2052,250.745,1,37
12,2054,256.128,1,38
12,2055,261.426,1,39
12,2056,266.616,1,40
12,2058,271.769,1,41
12,2059,276.959,1,42
12,2060,282.062,1,43
12,2061,287.148,1,44
12,2062,292.02,1,45
12,2065,296.801,1,46
12,2066,302.042,1,47
12,2067,309.063,1,48
12,2068,316.401,1,49
12,2070,324.659,1,50
12,2072,332.387,1,51
12,2073,339.979,1,52
12,2074,346.052,1,53
12,2075,352.721,1,54
12,2076,361.312,1,55
12,2077,370.055,1,56
12,2078,375.965,1,57
12,2079,381.436,1,58
12,2080,386.491,1,59
12,2081,391.273,1,60
12,2082,396.066,1,61
12,2083,400.875,1,62
12,2084,405.535,1,63
12,2085,410.427,1,64
12,2087,473.08,1,65
12,2088,548.789,1,66
12,2090,613.602,1,67
12,2091,619.009,1,68
12,2092,681.951,1,69
12,2093,687.246,1,70
12,2094,692.995,1,71
12,2095,759.551,1,72
12,2096,823.074,1,73
12,2098,828.788,1,74
12,2099,834.005,1,75
12,2100,839.42,1,76
12,2101,902.946,1,77
12,2102,909,1,78
12,2103,975.029,1,79
12,2104,1040.69,1,80
12,2106,1105.12,1,81
12,2107,1171.18,1,82
12,2108,1238.72,1,83
12,2109,1245.44,1,84
12,2110,1252.47,1,85
12,2111,1318.67,1,86
12,2112,1399.35,1,87
12,2113,1711.71,1,92
12,2114,3152.41,1,119
12,2115,3218.39,1,120
12,2116,3225.78,1,121
12,2117,3233.26,1,122
12,2118,3426.5,1,125
12,2119,3556.34,1,128
12,2121,3621.9,1,129
12,2123,3750.08,1,131
12,2124,5426.62,1,162
12,2125,5614.91,1,165
12,2126,5747.49,1,168
12,2128,5812.64,1,169
12,2129,6065.24,1,173
12,2130,7058.69,1,189
12,2131,7209.92,1,192
12,2132,9373.1,1,235
12,2133,9379.81,1,236
12,2134,9388.28,1,237
12,2135,9395.45,1,238
12,2136,9403.54,1,239
12,2137,9412.88,1,240
12,2138,9478.26,1,241
12,2139,9725.2,1,245
12,2140,10038.5,1,250
12,2141,10044,1,251
13,1869,5.30081,1,1
13,1879,11.6706,1,2
13,1889,17.2103,1,3
13,1898,23.1083,1,4
13,1905,29.3937,1,5
13,1912,35.2468,1,6
13,1919,42.5182,1,7
13,1926,50.3593,1,8
13,1932,57.6224,1,9
13,1938,65.4947,1,10
13,1944,72.9304,1,11
13,1949,78.9856,1,12
13,1954,85.1091,1,13
13,1959,91.1749,1,14
13,1963,96.9431,1,15
13,1968,103.998,1,16
13,1972,109.603,1,17
13,1976,115.102,1,18
13,1980,120.635,1,19
13,1985,125.984,1,20
13,1990,131.629,1,21
13,1994,137.354,1,22
13,1998,142.867,1,23
13,2002,150.387,1,24
13,2006,157.575,1,25
13,2010,165.44,1,26
13,2015,172.935,1,27
13,2019,180.436,1,28
13,2023,187.625,1,29
13,2026,194.854,1,30
13,2029,202.131,1,31
13,2032,208.933,1,32
13,2035,214.797,1,33
13,2039,220.339,1,34
13,2042,226.283,1,35
13,2045,232.278,1,36
13,2048,237.713,1,37
13,2050,244.529,1,38
13,2052,252.917,1,39
13,2054,260.428,1,40
13,2056,268.548,1,41
13,2058,275.828,1,42
13,2060,281.698,1,43
13,2062,287.084,1,44
13,2064,292.849,1,45
13,2067,298.237,1,46
13,2069,303.731,1,47
13,2070,310.856,1,48
13,2071,317.954,1,49
13,2072,324.558,1,50
13,2075,331.455,1,51
13,2078,338.116,1,52
13,2079,345.277,1,53
13,2080,352.764,1,54
13,2081,360.053,1,55
13,2083,367.204,1,56
13,2084,373.991,1,57
13,2085,380.086,1,58
13,2086,385.73,1,59
13,2087,392.404,1,60
13,2088,398.585,1,61
13,2089,404.719,1,62
13,2090,410.794,1,63
13,2091,417.08,1,64
13,2092,424.468,1,65
13,2094,431.83,1,66
13,2095,439.099,1,67
13,2096,448.281,1,68
13,2097,456.068,1,69
13,2098,463.057,1,70
13,2100,471.305,1,71
13,2102,479.046,1,72
13,2105,485.032,1,73
13,2106,490.897,1,74
13,2107,496.363,1,75
13,2109,558.951,1,76
13,2111,621.64,1,77
13,2112,692.662,1,78
13,2114,751.632,1,79
13,2115,872.299,1,82
13,2117,995.129,1,85
13,2118,1053.64,1,86
13,2119,1112.26,1,87
13,2120,1171.65,1,88
13,2121,1233.53,1,89
13,2122,1408.43,1,93
13,2123,1411.36,1,94
13,2124,1473.81,1,96
13,2125,1533.62,1,97
13,2126,1594.99,1,98
13,2128,1949.79,1,105
13,2129,2360.03,1,113
13,2130,2363.21,1,114
13,2132,2656.62,1,119
13,2133,2778.89,1,122
13,2134,3252.2,1,131
13,2135,5790.5,1,178
13,2136,9134.23,1,240
13,2137,9751.12,1,253
13,2138,9755.27,1,254
13,2139,45945.1,1,986
13,2140,45949.3,1,987
13,2141,77648.2,1,1643
14,1892,4.25589,1,1
14,1899,13.4577,1,2
14,1906,16.9043,1,3
14,1913,20.8499,1,4
14,1919,25.1978,1,5
14,1925,29.2788,1,6
14,1932,33.0606,1,7
14,1937,36.7709,1,8
14,1942,40.3952,1,9
14,1947,44.5725,1,10
14,1952,48.5391,1,11
14,1957,52.2545,1,12
14,1962,56.7548,1,13
14,1967,60.5298,1,14
14,1972,64.9843,1,15
14,1977,69.6823,1,16
14,1981,74.7482,1,17
14,1986,78.9173,1,18
14,1990,83.4732,1,19
14,1994,87.3615,1,20
14,1998,90.9902,1,21
14,2001,94.3732,1,22
14,2004,97.4756,1,23
14,2007,100.532,1,24
14,2010,103.855,1,25
14,2013,106.738,1,26
14,2016,109.498,1,27
14,2019,112.257,1,28
14,2021,115.027,1,29
14,2023,117.917,1,30
14,2025,120.757,1,31
14,2027,123.699,1,32
14,2029,126.554,1,33
14,2031,129.324,1,34
14,2035,132.522,1,35
14,2037,135.732,1,36
14,2039,139.246,1,37
14,2042,142.647,1,38
14,2044,146.029,1,39
14,2045,149.656,1,40
14,2046,153.291,1,41
14,2048,156.782,1,42
14,2050,160.284,1,43
14,2053,163.983,1,44
14,2054,167.293,1,45
14,2057,172.952,1,46
14,2059,176.957,1,47
14,2061,180.531,1,48
14,2063,184.093,1,49
14,2065,187.424,1,50
14,2066,190.48,1,51
14,2069,193.24,1,52
14,2071,196.528,1,53
14,2072,200.543,1,54
14,2075,204.053,1,55
14,2077,207.013,1,56
14,2078,209.895,1,57
14,2079,212.605,1,58
14,2080,215.667,1,59
14,2081,218.593,1,60
14,2083,221.39,1,61
14,2085,224.035,1,62
14,2086,227.766,1,63
14,2087,232.037,1,64
14,2088,236.017,1,65
14,2089,239.738,1,66
14,2090,243.199,1,67
14,2091,246.538,1,68
14,2094,249.791,1,69
14,2095,252.839,1,70
14,2096,255.584,1,71
14,2097,260.879,1,72
14,2099,323.271,1,73
14,2100,327.95,1,74
14,2102,389.547,1,75
14,2103,449.331,1,76
14,2104,510.806,1,77
14,2105,572.285,1,78
14,2106,633.85,1,79
14,2107,697.588,1,80
14,2108,701.757,1,81
14,2109,883.386,1,84
14,2110,887.942,1,85
14,2112,950.593,1,86
14,2113,955.037,1,87
14,2114,959.248,1,88
14,2116,1018.93,1,89
14,2117,1079.35,1,90
14,2118,1139.79,1,91
14,2119,1204.54,1,93
14,2120,1449.22,1,98
14,2121,1752.8,1,104
14,2122,1817.61,1,106
14,2123,1822.31,1,107
14,2124,1883.98,1,108
14,2125,1902.66,1,109
14,2127,1965.09,1,110
14,2128,2264.38,1,115
14,2129,2325.6,1,116
14,2130,2330.56,1,117
14,2131,2393.73,1,118
14,2132,3721.69,1,144
14,2133,3784.99,1,146
14,2134,6075.46,1,189
14,2135,6079.95,1,190
14,2136,6262.22,1,194
14,2137,6266.46,1,195
14,2138,6329.9,1,197
14,2140,83707.3,1,1707
14,2141,84094.6,1,1715
15,1887,6.65878,1,1
15,1895,13.9883,1,2
15,1902,20.7169,1,3
15,1909,27.3844,1,4
15,1916,35.0044,1,5
15,1922,41.9584,1,6
15,1928,48.1869,1,7
15,1934,54.5252,1,8
15,1940,60.5642,1,9
15,1946,66.5337,1,10
15,1951,72.2099,1,11
15,1956,77.855,1,12
15,1961,83.4823,1,13
15,1966,89.3207,1,14
15,1971,94.9559,1,15
15,1977,102.107,1,16
15,1982,110.953,1,17
15,1987,119.727,1,18
15,1991,129.106,1,19
15,1995,137.326,1,20
15,1999,145.751,1,21
15,2003,152.565,1,22
15,2007,159.365,1,23
15,2011,165.907,1,24
15,2015,171.704,1,25
15,2018,177.73,1,26
15,2021,183.857,1,27
15,2024,189.629,1,28
15,2027,195.901,1,29
15,2030,201.588,1,30
15,2034,207.553,1,31
15,2037,213.629,1,32
15,2040,219.328,1,33
15,2043,225.387,1,34
15,2046,231.134,1,35
15,2049,236.702,1,36
15,2051,243.055,1,37
15,2053,248.767,1,38
15,2055,254.52,1,39
15,2059,260.216,1,40
15,2061,265.822,1,41
15,2063,271.718,1,42
15,2065,277.301,1,43
15,2068,282.685,1,44
15,2070,288.437,1,45
15,2072,293.926,1,46
15,2074,299.3,1,47
15,2077,307.967,1,48
15,2079,318.001,1,49
15,2081,325.994,1,50
15,2082,334.774,1,51
15,2083,343.724,1,52
15,2085,353.616,1,53
15,2086,360.256,1,54
15,2087,366.823,1,55
15,2088,372.777,1,56
15,2089,378.755,1,57
15,2090,387.513,1,58
15,2091,395.619,1,59
15,2093,401.778,1,60
15,2094,407.666,1,61
15,2095,414.082,1,62
15,2097,478.742,1,63
15,2099,542.849,1,64
15,2100,635.885,1,65
15,2101,641.701,1,66
15,2102,647.409,1,67
15,2104,712.786,1,68
15,2105,721.323,1,69
15,2106,790.613,1,70
15,2107,854.338,1,71
15,2108,862.494,1,72
15,2109,1063.07,1,76
15,2110,1511.83,1,83
15,2111,1648.26,1,86
15,2112,1655.97,1,87
15,2113,1722.25,1,88
15,2114,1787.64,1,89
15,2115,1887.38,1,90
15,2116,1895.28,1,91
15,2117,1902.75,1,92
15,2118,1910.54,1,93
15,2119,2101.33,1,96
15,2120,2109.07,1,97
15,2121,2116.77,1,98
15,2122,2124.3,1,99
15,2123,2196.09,1,101
15,2124,2262.53,1,102
15,2125,2527.09,1,107
15,2126,2534.76,1,108
15,2127,2734.2,1,112
15,2128,2739.18,1,113
15,2129,2744.04,1,114
15,2130,2868.2,1,116
15,2131,8634.17,1,221
15,2132,8822.41,1,225
15,2133,8829.91,1,226
15,2134,8837.15,1,227
15,2135,12795.2,1,305
15,2136,12802.2,1,306
15,2137,12867.7,1,307
15,2138,12930.7,1,308
15,2139,13187.6,1,313
15,2140,13322.8,1,316
15,2141,14135.8,1,331
16,1877,7.77279,1,1
16,1887,16.8325,1,2
16,1894,25.542,1,3
16,1902,32.7712,1,4
16,1909,39.5678,1,5
16,1916,46.0197,1,6
16,1923,52.0129,1,7
16,1930,57.8459,1,8
16,1936,63.2635,1,9
16,1942,68.4289,1,10
16,1948,73.6694,1,11
16,1954,78.4996,1,12
16,1959,83.2004,1,13
16,1964,88.1451,1,14
16,1968,93.5332,1,15
16,1972,98.4894,1,16
16,1976,103.513,1,17
16,1981,108.442,1,18
16,1985,113.217,1,19
16,1988,118.066,1,20
16,1993,123.362,1,21
16,1997,128.065,1,22
16,2000,132.709,1,23
16,2003,138.141,1,24
16,2006,143.556,1,25
16,2009,148.806,1,26
16,2012,154.314,1,27
16,2015,159.764,1,28
16,2018,165.303,1,29
16,2021,170.712,1,30
16,2024,176.059,1,31
16,2027,182.023,1,32
16,2031,190.537,1,33
16,2035,197,1,34
16,2038,203.114,1,35
16,2042,214.541,1,36
16,2044,221.806,1,37
16,2046,228.157,1,38
16,2048,236.164,1,39
16,2050,243.377,1,40
16,2053,250.196,1,41
16,2055,255.705,1,42
16,2057,260.701,1,43
16,2059,265.482,1,44
16,2061,270.105,1,45
16,2063,274.872,1,46
16,2066,280.022,1,47
16,2068,284.692,1,48
16,2071,289.287,1,49
16,2073,294.333,1,50
16,2075,299.046,1,51
16,2078,303.692,1,52
16,2079,308.929,1,53
16,2080,313.725,1,54
16,2083,318.325,1,55
16,2086,322.987,1,56
16,2087,327.675,1,57
16,2089,332.254,1,58
16,2092,337.012,1,59
16,2093,342.614,1,60
16,2094,348.213,1,61
16,2097,354.536,1,62
16,2098,360.028,1,63
16,2100,365.264,1,64
16,2101,370.594,1,65
16,2102,375.88,1,66
16,2103,381.032,1,67
16,2104,387.32,1,68
16,2105,395.632,1,69
16,2106,402.173,1,70
16,2109,407.8,1,71
16,2110,413.049,1,72
16,2111,418.942,1,73
16,2113,481.595,1,74
16,2114,541.713,1,75
16,2115,544.791,1,76
16,2116,604.199,1,77
16,2117,609.065,1,78
16,2119,670.338,1,79
16,2120,730.974,1,80
16,2121,734.016,1,81
16,2123,736.897,1,82
16,2124,739.755,1,83
16,2126,799.878,1,84
16,2128,860.179,1,85
16,2129,863.233,1,86
16,2130,866.204,1,87
16,2131,926.786,1,88
16,2132,985.531,1,89
16,2133,1571.68,1,99
16,2134,1632.41,1,100
16,2135,1637.04,1,101
16,2136,1833.01,1,105
16,2137,1837.29,1,106
16,2138,2015.66,1,109
16,2139,12922.8,1,335
16,2140,28534.5,1,659
17,1900,6.67062,1,1
17,1909,13.0953,1,2
17,1917,19.1276,1,3
17,1924,25.1828,1,4
17,1930,31.808,1,5
17,1936,37.7381,1,6
17,1942,43.7206,1,7
17,1948,49.297,1,8
17,1953,54.7758,1,9
17,1958,60.3368,1,10
17,1963,65.6001,1,11
17,1968,70.7849,1,12
17,1973,76.8022,1,13
17,1978,82.4208,1,14
17,1983,87.9821,1,15
17,1987,93.4373,1,16
17,1991,99.8,1,17
17,1995,107.764,1,18
17,1998,115.213,1,19
17,2001,124.089,1,20
17,2004,131.906,1,21
17,2007,141.431,1,22
17,2012,149.805,1,23
17,2016,157.623,1,24
17,2019,163.992,1,25
17,2022,170.999,1,26
17,2025,178.4,1,27
17,2029,186.001,1,28
17,2033,193.486,1,29
17,2035,202.572,1,30
17,2038,210.354,1,31
17,2040,217.889,1,32
17,2042,225.453,1,33
17,2045,233.072,1,34
17,2047,240.633,1,35
17,2049,248.105,1,36
17,2051,255.418,1,37
17,2055,263.634,1,38
17,2057,271.296,1,39
17,2059,278.925,1,40
17,2061,286.455,1,41
17,2063,293.468,1,42
17,2065,297.753,1,43
17,2066,301.573,1,44
17,2067,305.001,1,45
17,2068,308.072,1,46
17,2071,310.881,1,47
17,2073,314.031,1,48
17,2076,317.072,1,49
17,2078,319.98,1,50
17,2079,323.358,1,51
17,2080,328.336,1,52
17,2081,333.068,1,53
17,2084,337.345,1,54
17,2087,341.708,1,55
17,2088,346.555,1,56
17,2089,350.115,1,57
17,2091,353.345,1,58
17,2093,357.233,1,59
17,2094,360.669,1,60
17,2096,363.824,1,61
17,2097,368.173,1,62
17,2098,372.072,1,63
17,2100,376.177,1,64
17,2101,380.173,1,65
17,2102,383.927,1,66
17,2103,387.639,1,67
17,2105,448.204,1,68
17,2106,507.581,1,69
17,2107,568.517,1,70
17,2108,571.594,1,71
17,2109,574.795,1,72
17,2110,578.412,1,73
17,2111,638.381,1,74
17,2113,700.912,1,75
17,2115,717.389,1,76
17,2116,775.925,1,77
17,2117,1072.43,1,82
17,2118,1130.74,1,83
17,2119,1135.76,1,84
17,2120,1211.96,1,85
17,2121,1270.04,1,86
17,2123,1330.66,1,87
17,2124,1333.93,1,88
17,2125,1394.28,1,89
17,2126,1398.5,1,90
17,2127,1402.49,1,91
17,2129,1405.93,1,92
17,2130,1409.04,1,93
17,2131,1411.94,1,94
17,2132,1414.72,1,95
17,2133,1647.79,1,99
17,2134,1825.94,1,102
17,2135,2124.19,1,108
17,2136,2185.02,1,109
17,2137,2189.13,1,110
17,2138,2308.2,1,112
17,2139,17870.2,1,423
17,2140,17930.3,1,424
17,2141,73286.6,1,1530
18,1894,3.89942,1,1
18,1902,7.72542,1,2
18,1909,11.5348,1,3
18,1916,15.1824,1,4
18,1923,19.3747,1,5
18,1929,23.0416,1,6
18,1935,26.1993,1,7
18,1941,29.0731,1,8
18,1947,32.3623,1,9
18,1952,36.4342,1,10
18,1957,40.3822,1,11
18,1962,44.1782,1,12
18,1966,48.1684,1,13
18,1970,52.4006,1,14
18,1974,56.302,1,15
18,1980,60.1434,1,16
18,1984,64.927,1,17
18,1988,68.6646,1,18
18,1991,73.0074,1,19
18,1994,77.129,1,20
18,1997,81.5152,1,21
18,2000,85.8528,1,22
18,2004,89.815,1,23
18,2007,94.5375,1,24
18,2010,98.7997,1,25
18,2013,102.674,1,26
18,2017,106.329,1,27
18,2020,109.44,1,28
18,2023,112.461,1,29
18,2027,115.594,1,30
18,2030,118.784,1,31
18,2034,121.86,1,32
18,2037,125.239,1,33
18,2039,128.434,1,34
18,2041,131.469,1,35
18,2043,134.469,1,36
18,2046,137.495,1,37
18,2049,140.538,1,38
18,2051,143.569,1,39
18,2053,146.557,1,40
18,2055,149.528,1,41
18,2057,152.488,1,42
18,2059,155.923,1,43
18,2061,159.904,1,44
18,2063,163.478,1,45
18,2064,166.965,1,46
18,2067,170.46,1,47
18,2068,174.034,1,48
18,2070,177.335,1,49
18,2073,180.548,1,50
18,2074,183.665,1,51
18,2075,187.148,1,52
18,2076,190.909,1,53
18,2077,194.283,1,54
18,2078,197.569,1,55
18,2079,200.764,1,56
18,2081,203.99,1,57
18,2082,207.114,1,58
18,2083,210.174,1,59
18,2085,213.219,1,60
18,2087,216.208,1,61
18,2088,219.485,1,62
18,2089,222.636,1,63
18,2090,225.79,1,64
18,2091,228.822,1,65
18,2092,231.706,1,66
18,2093,234.667,1,67
18,2094,237.4,1,68
18,2095,240.605,1,69
18,2096,243.646,1,70
18,2098,304.709,1,71
18,2100,309.023,1,72
18,2101,313.027,1,73
18,2103,316.583,1,74
18,2105,376.893,1,75
18,2107,381.639,1,76
18,2108,385.925,1,77
18,2109,389.824,1,78
18,2110,807.59,1,86
18,2111,927.496,1,88
18,2112,987.231,1,89
18,2114,1048.18,1,90
18,2115,1052.4,1,91
18,2116,1056.05,1,92
18,2117,1114.56,1,93
18,2118,1233.22,1,95
18,2119,1236.61,1,96
18,2120,1239.73,1,97
18,2121,1242.71,1,98
18,2123,1304.15,1,99
18,2124,1367.32,1,100
18,2125,1370.72,1,101
18,2126,1430.68,1,102
18,2127,1493.85,1,103
18,2128,1553.81,1,104
18,2129,1732.96,1,107
18,2130,1795.18,1,109
18,2131,1972.72,1,112
18,2132,8619.3,1,239
18,2133,8678.95,1,240
18,2134,9098.89,1,248
18,2135,9341.81,1,252
18,2136,9346.33,1,253
18,2137,9591.85,1,258
18,2138,13863.4,1,342
18,2139,13929.7,1,344
18,2140,36323.1,1,785
19,1907,3.8785,1,1
19,1915,7.5458,1,2
19,1922,11.459,1,3
19,1928,15.0813,1,4
19,1934,19.3076,1,5
19,1939,23.569,1,6
19,1944,27.2138,1,7
19,1949,30.484,1,8
19,1955,33.62,1,9
19,1960,36.5984,1,10
19,1966,39.4533,1,11
19,1970,42.416,1,12
19,1974,45.3865,1,13
19,1978,48.8703,1,14
19,1982,52.7965,1,15
19,1986,56.737,1,16
19,1990,60.4564,1,17
19,1994,63.6236,1,18
19,1998,66.7256,1,19
19,2002,69.7336,1,20
19,2006,72.6268,1,21
19,2010,75.5891,1,22
19,2013,78.5573,1,23
19,2016,82.1377,1,24
19,2019,86.5401,1,25
19,2022,90.4407,1,26
19,2027,94.117,1,27
19,2030,97.6604,1,28
19,2033,102.085,1,29
19,2037,106.244,1,30
19,2040,110.304,1,31
19,2044,114.707,1,32
19,2048,118.727,1,33
19,2051,122.658,1,34
19,2053,127.373,1,35
19,2056,131.622,1,36
19,2058,135.443,1,37
19,2060,139.332,1,38
19,2064,144.826,1,39
19,2066,150.121,1,40
19,2069,155.212,1,41
19,2072,160.216,1,42
19,2074,164.914,1,43
19,2075,169.142,1,44
19,2076,173.306,1,45
19,2078,177.262,1,46
19,2079,180.804,1,47
19,2081,183.941,1,48
19,2082,186.771,1,49
19,2083,189.68,1,50
19,2084,192.524,1,51
19,2085,195.766,1,52
19,2086,198.9,1,53
19,2087,201.949,1,54
19,2088,205.666,1,55
19,2090,209.367,1,56
19,2091,212.785,1,57
19,2092,217.154,1,58
19,2093,221.542,1,59
19,2094,225.72,1,60
19,2095,229.492,1,61
19,2096,232.972,1,62
19,2098,236.411,1,63
19,2099,239.608,1,64
19,2102,242.622,1,65
19,2103,245.576,1,66
19,2105,307.003,1,67
19,2106,311.45,1,68
19,2107,315.671,1,69
19,2108,319.572,1,70
19,2109,753.939,1,77
19,2110,817.051,1,78
19,2111,821.698,1,79
19,2113,883.371,1,80
19,2114,888.822,1,81
19,2115,952.948,1,82
19,2116,1017.72,1,83
19,2117,1022.85,1,84
19,2118,1086.74,1,85
19,2119,1404.74,1,90
19,2120,1470.57,1,91
19,2121,1855.57,1,98
19,2122,1860.78,1,99
19,2123,1865.43,1,100
19,2124,1930.56,1,101
19,2125,1991.43,1,102
19,2126,2178.39,1,105
19,2127,2489.15,1,112
19,2128,2493.63,1,113
19,2129,2621.72,1,115
19,2130,2808.79,1,118
19,2131,4052,1,139
19,2132,4183.26,1,142
19,2133,4372.93,1,146
19,2135,4752.22,1,154
19,2136,4816.54,1,155
19,2137,4834.41,1,156
19,2138,5085.59,1,160
19,2139,40792.4,1,862
19,2140,44604.5,1,933
19,2141,53212.3,1,1100
20,1870,3.83902,1,1
20,1877,7.51225,1,2
20,1884,11.78,1,3
20,1890,15.4611,1,4
20,1896,20.0063,1,5
20,1902,24.1146,1,6
20,1910,27.8612,1,7
20,1916,31.7914,1,8
20,1922,35.1398,1,9
20,1928,38.2153,1,10
20,1933,41.2542,1,11
20,1938,44.2358,1,12
20,1943,47.2139,1,13
20,1948,50.2334,1,14
20,1953,53.3685,1,15
20,1958,56.4666,1,16
20,1962,59.4652,1,17
20,1966,63.3093,1,18
20,1970,67.2988,1,19
20,1974,70.672,1,20
20,1978,75.1694,1,21
20,1982,80.1201,1,22
20,1986,84.3835,1,23
20,1990,88.3346,1,24
20,1993,92.0394,1,25
20,1996,95.7896,1,26
20,1999,100.071,1,27
20,2002,104.026,1,28
20,2005,107.946,1,29
20,2008,111.925,1,30
20,2011,115.823,1,31
20,2014,119.698,1,32
20,2017,123.527,1,33
20,2020,126.998,1,34
20,2023,131.168,1,35
20,2026,135.007,1,36
20,2029,138.803,1,37
20,2033,142.502,1,38
20,2036,146.358,1,39
20,2038,150.132,1,40
20,2042,153.902,1,41
20,2044,159.365,1,42
20,2046,163.687,1,43
20,2048,168.585,1,44
20,2050,174.009,1,45
20,2052,178.56,1,46
20,2054,182.952,1,47
20,2055,188.124,1,48
20,2056,192.661,1,49
20,2057,196.746,1,50
20,2060,200.755,1,51
20,2062,204.871,1,52
20,2065,208.626,1,53
20,2066,212.304,1,54
20,2067,215.884,1,55
20,2068,219.673,1,56
20,2069,223.268,1,57
20,2070,226.796,1,58
20,2072,289.861,1,59
20,2074,353.38,1,60
20,2075,417.054,1,61
20,2076,421.636,1,62
20,2077,425.699,1,63
20,2078,429.504,1,64
20,2080,433.233,1,65
20,2081,437.276,1,66
20,2083,441.171,1,67
20,2085,444.829,1,68
20,2087,448.173,1,69
20,2088,451.166,1,70
20,2090,454.442,1,71
20,2092,457.581,1,72
20,2094,461.231,1,73
20,2095,464.856,1,74
20,2096,468.572,1,75
20,2097,472.756,1,76
20,2098,477.343,1,77
20,2099,481.573,1,78
20,2101,544.072,1,79
20,2102,549.131,1,80
20,2103,553.765,1,81
20,2105,618.782,1,82
20,2106,681.699,1,83
20,2107,746.179,1,84
20,2108,752.049,1,85
20,2109,1018.03,1,90
20,2110,1022.4,1,91
20,2111,1152.07,1,94
20,2112,1217.32,1,95
20,2113,1281.95,1,96
20,2115,1286.18,1,97
20,2116,1347.61,1,98
20,2118,1352.02,1,99
20,2119,1356.19,1,100
20,2120,1607.01,1,105
20,2121,1735.8,1,107
20,2122,1801.04,1,108
20,2123,1866.74,1,109
20,2124,1990.7,1,111
20,2125,3362.94,1,136
20,2126,6184.48,1,191
20,2127,6315.18,1,194
20,2129,7204.97,1,211
20,2130,7209.08,1,212
20,2131,7212.86,1,213
20,2132,11024.4,1,287
20,2133,11088.9,1,288
20,2134,11155,1,289
20,2136,11159.6,1,290
20,2137,11921.5,1,304
20,2138,11987.3,1,305
20,2139,33304.7,1,711
20,2140,33925.1,1,721
20,2141,33929.6,1,722
