16,1056,5.70149,1,1
16,1060,8.37558,1,2
16,1064,11.0623,1,3
16,1067,13.3215,1,4
16,1070,15.7955,1,5
16,1073,19.0376,1,6
16,1077,21.3442,1,7
16,1080,23.4056,1,8
16,1083,25.396,1,9
16,1086,28.3878,1,10
16,1089,30.5756,1,11
16,1092,33.1932,1,12
16,1094,35.5282,1,13
16,1097,37.8455,1,14
16,1099,40.2523,1,15
16,1101,42.9907,1,16
16,1103,46.0158,1,17
16,1105,48.7767,1,18
16,1107,51.062,1,19
16,1109,54.2421,1,20
16,1111,56.4666,1,21
16,1114,58.1893,1,22
16,1116,60.1955,1,23
16,1118,61.9691,1,24
16,1120,63.789,1,25
16,1122,66.7098,1,26
16,1124,70.1663,1,27
16,1126,72.7618,1,28
16,1128,76.0636,1,29
16,1130,78.2853,1,30
16,1132,80.1892,1,31
16,1133,84.5517,1,32
16,1134,88.0212,1,33
16,1135,91.5957,1,34
16,1136,94.4688,1,35
16,1137,96.8551,1,36
16,1138,99.2793,1,37
16,1139,102.262,1,38
16,1141,104.495,1,39
16,1142,106.291,1,40
16,1143,108.082,1,41
16,1144,109.826,1,42
16,1145,111.539,1,43
16,1146,113.529,1,44
16,1147,115.757,1,45
16,1148,118.002,1,46
16,1149,119.933,1,47
16,1150,121.664,1,48
16,1151,123.369,1,49
16,1152,125.065,1,50
16,1153,126.851,1,51
16,1154,128.686,1,52
16,1155,130.437,1,53
16,1156,132.785,1,54
16,1157,137.867,1,57
16,1158,141.785,1,59
16,1159,143.941,1,60
16,1160,147.482,1,62
16,1161,150.886,1,63
16,1162,153.279,1,64
16,1163,163.589,1,71
16,1164,168.101,1,73
16,1165,188.081,1,86
16,1166,195.845,1,90
16,1167,202.645,1,94
16,1168,209.572,1,98
16,1169,217.22,1,102
16,1170,223.942,1,106
16,1171,232.762,1,112
16,1172,236.218,1,114
16,1173,238.121,1,115
16,1174,262.339,1,133
16,1175,267.01,1,135
16,1176,274.713,1,138
16,1177,332.125,1,177
16,1178,378.769,1,206
16,1179,383.211,1,208
16,1180,423.926,1,238
16,1181,561.495,1,337
16,1182,564.809,1,339
16,1183,581.575,1,351
16,1184,593.891,1,359
16,1185,648.03,1,399
16,1186,669.459,1,414
16,1187,941.834,1,598
16,1188,978.875,1,619
16,1189,1523.04,1,916
16,1190,3404.13,1,1974
16,1191,4056.85,1,2342
16,1192,42609.8,1,29374
16,1193,59849.7,1,41748
16,1194,60132.1,1,41953
16,1195,63670.9,1,44521
17,1066,2.11274,1,1
17,1069,4.7596,1,2
17,1072,6.928,1,3
17,1075,9.0368,1,4
17,1078,10.9723,1,5
17,1081,12.8592,1,6
17,1084,14.7837,1,7
17,1086,16.9312,1,8
17,1089,18.8501,1,9
17,1091,21.0718,1,10
17,1093,23.9306,1,11
17,1095,26.4362,1,12
17,1097,28.614,1,13
17,1099,30.7055,1,14
17,1101,32.9473,1,15
17,1103,35.2164,1,16
17,1105,37.6023,1,17
17,1107,40.6498,1,18
17,1109,42.8506,1,19
17,1111,44.7115,1,20
17,1113,46.3967,1,21
17,1115,48.061,1,22
17,1117,49.7241,1,23
17,1118,51.3849,1,24
17,1120,53.1163,1,25
17,1121,55.426,1,26
17,1123,57.1582,1,27
17,1124,58.8201,1,28
17,1126,60.4872,1,29
17,1127,62.1401,1,30
17,1128,63.7913,1,31
17,1129,65.4414,1,32
17,1130,67.0951,1,33
17,1131,68.7534,1,34
17,1133,71.1469,1,35
17,1134,73.2414,1,36
17,1136,74.9823,1,37
17,1137,76.679,1,38
17,1138,78.3642,1,39
17,1139,80.0388,1,40
17,1140,81.7335,1,41
17,1141,83.397,1,42
17,1142,85.2512,1,43
17,1143,87.6868,1,44
17,1144,89.7336,1,45
17,1145,91.621,1,46
17,1146,93.4985,1,47
17,1147,95.3826,1,48
17,1148,97.2637,1,49
17,1149,99.1313,1,50
17,1150,101.276,1,51
17,1151,104.684,1,52
17,1152,107.288,1,53
17,1153,109.479,1,54
17,1154,111.324,1,55
17,1155,113.001,1,56
17,1156,114.668,1,57
17,1157,121.134,1,60
17,1158,124.401,1,61
17,1159,127.086,1,62
17,1160,129.469,1,63
17,1161,131.698,1,64
17,1162,142.236,1,70
17,1163,145.811,1,72
17,1164,152.257,1,75
17,1165,161.014,1,80
17,1166,167.049,1,84
17,1167,170.49,1,86
17,1168,182.116,1,94
17,1169,185.351,1,96
17,1170,190.217,1,99
17,1171,198.942,1,105
17,1172,205.069,1,109
17,1173,247.033,1,139
17,1174,336.909,1,198
17,1175,338.824,1,199
17,1176,343.768,1,202
17,1177,373.159,1,219
17,1178,397.298,1,236
17,1179,407.363,1,243
17,1180,436.785,1,264
17,1181,535.78,1,310
17,1182,635.547,1,340
17,1183,1041.79,1,535
17,1184,1044.64,1,536
17,1185,1617.86,1,917
17,1186,1919.3,1,1130
17,1187,2209.06,1,1320
17,1188,2220.08,1,1324
17,1189,3890.92,1,2288
17,1190,11552.2,1,7076
17,1191,13206.3,1,8118
17,1192,55541.9,1,35539
17,1193,95881.6,1,62547
17,1194,149578,1,99622
18,1053,2.52487,1,1
18,1057,5.40069,1,2
18,1061,8.22005,1,3
18,1064,11.2565,1,4
18,1067,13.7376,1,5
18,1070,16.1949,1,6
18,1073,18.4257,1,7
18,1076,20.7011,1,8
18,1079,23.0945,1,9
18,1082,26.2269,1,10
18,1085,29.1896,1,11
18,1088,31.853,1,12
18,1091,34.3416,1,13
18,1093,36.9703,1,14
18,1095,39.3625,1,15
18,1097,42.0271,1,16
18,1099,44.9843,1,17
18,1101,47.592,1,18
18,1103,49.989,1,19
18,1105,52.3114,1,20
18,1107,54.4971,1,21
18,1109,56.7887,1,22
18,1111,59.3917,1,23
18,1113,62.0493,1,24
18,1115,64.7293,1,25
18,1116,67.4626,1,26
18,1117,69.9085,1,27
18,1119,72.2522,1,28
18,1121,74.6156,1,29
18,1122,77.6848,1,30
18,1123,81.0438,1,31
18,1124,84.1794,1,32
18,1125,87.2561,1,33
18,1126,90.0984,1,34
18,1128,92.8238,1,35
18,1130,95.9775,1,36
18,1131,98.6682,1,37
18,1132,101.406,1,38
18,1133,103.867,1,39
18,1134,106.064,1,40
18,1136,108.095,1,41
18,1137,110.496,1,42
18,1138,112.772,1,43
18,1139,114.953,1,44
18,1140,117.068,1,45
18,1141,119.138,1,46
18,1142,121.189,1,47
18,1143,123.23,1,48
18,1144,125.552,1,49
18,1146,128.899,1,50
18,1147,131.006,1,51
18,1148,133.017,1,52
18,1149,134.959,1,53
18,1150,136.872,1,54
18,1151,138.753,1,55
18,1152,140.684,1,56
18,1153,146.107,1,59
18,1154,149.347,1,61
18,1155,159.119,1,68
18,1156,163.853,1,71
18,1157,165.801,1,72
18,1158,169.001,1,74
18,1159,170.854,1,75
18,1160,174.884,1,77
18,1161,178.38,1,78
18,1162,180.657,1,79
18,1163,186.528,1,83
18,1164,197.888,1,88
18,1165,205.175,1,92
18,1166,209.163,1,94
18,1167,214.655,1,97
18,1168,221.445,1,101
18,1169,227.932,1,105
18,1170,231.46,1,107
18,1171,238.842,1,112
18,1172,279.203,1,142
18,1173,311.518,1,165
18,1174,314.466,1,166
18,1175,318.232,1,168
18,1176,326.017,1,173
18,1177,345.792,1,184
18,1178,362.793,1,194
18,1179,395.214,1,215
18,1180,472.503,1,268
18,1181,495.773,1,284
18,1182,504.966,1,290
18,1183,524.343,1,303
18,1184,564.187,1,333
18,1185,698.692,1,429
18,1186,711.69,1,438
18,1187,747.434,1,465
18,1188,1132.52,1,735
18,1189,1143.72,1,742
18,1190,2542.56,1,1738
18,1191,2545.38,1,1739
18,1192,2971.12,1,2045
19,1053,3.1853,1,1
19,1057,6.89327,1,2
19,1060,9.06878,1,3
19,1063,11.0603,1,4
19,1066,13.0156,1,5
19,1069,16.4626,1,6
19,1072,21.7662,1,7
19,1075,25.9739,1,8
19,1078,28.3274,1,9
19,1081,31.2704,1,10
19,1084,34.1035,1,11
19,1086,36.4524,1,12
19,1089,38.661,1,13
19,1091,40.9084,1,14
19,1093,43.2872,1,15
19,1095,45.3447,1,16
19,1097,47.4104,1,17
19,1099,49.7979,1,18
19,1101,51.9873,1,19
19,1104,53.903,1,20
19,1106,55.7158,1,21
19,1108,57.5024,1,22
19,1110,59.2832,1,23
19,1112,61.0284,1,24
19,1114,63.0725,1,25
19,1116,65.0084,1,26
19,1118,67.1464,1,27
19,1120,68.922,1,28
19,1121,70.6277,1,29
19,1122,72.324,1,30
19,1123,74.0152,1,31
19,1124,75.6945,1,32
19,1125,77.5143,1,33
19,1126,79.6551,1,34
19,1128,81.6083,1,35
19,1130,83.6409,1,36
19,1131,85.3688,1,37
19,1133,87.0603,1,38
19,1134,88.7373,1,39
19,1135,90.4111,1,40
19,1136,92.0718,1,41
19,1137,93.8324,1,42
19,1138,95.5244,1,43
19,1139,97.191,1,44
19,1140,99.1234,1,45
19,1141,101.084,1,46
19,1142,102.884,1,47
19,1143,104.693,1,48
19,1144,106.414,1,49
19,1145,108.274,1,50
19,1146,110.112,1,51
19,1147,111.836,1,52
19,1148,113.53,1,53
19,1149,115.465,1,54
19,1150,117.458,1,55
19,1151,119.167,1,56
19,1152,120.846,1,57
19,1153,122.518,1,58
19,1154,124.503,1,59
19,1155,126.526,1,60
19,1156,128.406,1,61
19,1157,133.59,1,64
19,1158,135.794,1,65
19,1159,137.667,1,66
19,1160,141.074,1,68
19,1161,144.393,1,70
19,1162,147.617,1,72
19,1163,153.977,1,76
19,1164,157.487,1,78
19,1165,165.194,1,83
19,1166,167.273,1,84
19,1167,169.472,1,85
19,1168,178,1,91
19,1169,180.736,1,92
19,1170,182.996,1,93
19,1171,202.002,1,106
19,1172,208.842,1,110
19,1173,226.2,1,120
19,1174,241.701,1,126
19,1175,259.774,1,138
19,1176,279.47,1,151
19,1177,287.037,1,155
19,1178,290.105,1,156
19,1179,296.707,1,160
19,1180,313.18,1,171
19,1181,316.45,1,172
19,1182,321.808,1,175
19,1183,372.116,1,206
19,1184,402.466,1,227
19,1185,425.002,1,243
19,1186,443.492,1,254
19,1187,470.541,1,270
19,1188,479.443,1,276
19,1189,486.847,1,281
19,1190,604.551,1,371
19,1191,2432.2,1,1681
19,1192,2630.07,1,1821
19,1193,60211,1,43099
19,1194,133606,1,96297
19,1195,133851,1,96472
20,1058,2.36421,1,1
20,1061,5.01974,1,2
20,1064,7.96898,1,3
20,1067,10.6075,1,4
20,1070,13.2039,1,5
20,1073,15.5207,1,6
20,1076,17.7791,1,7
20,1079,20.0829,1,8
20,1082,22.2265,1,9
20,1084,25.3395,1,10
20,1086,27.9145,1,11
20,1088,29.9246,1,12
20,1090,31.8822,1,13
20,1092,33.9101,1,14
20,1094,35.9735,1,15
20,1096,37.9678,1,16
20,1098,40.1583,1,17
20,1100,42.639,1,18
20,1102,44.6104,1,19
20,1104,46.544,1,20
20,1106,48.4191,1,21
20,1108,50.2634,1,22
20,1110,52.0907,1,23
20,1112,53.922,1,24
20,1114,55.7714,1,25
20,1116,58.1163,1,26
20,1118,60.023,1,27
20,1119,61.8515,1,28
20,1120,63.6642,1,29
20,1121,65.4829,1,30
20,1123,67.2976,1,31
20,1124,69.1111,1,32
20,1125,70.9187,1,33
20,1126,72.9067,1,34
20,1127,75.492,1,35
20,1128,77.3706,1,36
20,1129,79.0629,1,37
20,1131,80.7486,1,38
20,1132,82.4129,1,39
20,1134,84.0776,1,40
20,1135,85.7296,1,41
20,1137,87.491,1,42
20,1138,90.7261,1,43
20,1139,93.8537,1,44
20,1140,95.9037,1,45
20,1141,97.8862,1,46
20,1142,100.694,1,47
20,1143,102.845,1,48
20,1144,106.306,1,49
20,1145,110.732,1,50
20,1146,113.198,1,51
20,1147,115.422,1,52
20,1148,117.563,1,53
20,1149,119.701,1,54
20,1150,121.667,1,55
20,1151,123.791,1,56
20,1152,125.863,1,57
20,1153,127.821,1,58
20,1154,129.757,1,59
20,1155,131.687,1,60
20,1156,133.608,1,61
20,1157,135.605,1,62
20,1158,137.71,1,63
20,1159,139.573,1,64
20,1160,141.653,1,65
20,1161,143.37,1,66
20,1162,145.05,1,67
20,1163,149.286,1,70
20,1164,153.467,1,72
20,1165,158.255,1,75
20,1166,160.17,1,76
20,1167,172.367,1,85
20,1168,174.832,1,86
20,1169,177.959,1,88
20,1170,186.383,1,94
20,1171,188.261,1,95
20,1172,191.609,1,97
20,1173,193.988,1,98
20,1174,198.732,1,101
20,1175,216.367,1,114
20,1176,240.388,1,132
20,1177,305.512,1,180
20,1178,341.908,1,201
20,1179,361.341,1,215
20,1180,386.657,1,234
20,1181,392.89,1,238
20,1182,467.222,1,294
20,1183,475.864,1,300
20,1184,517.735,1,327
20,1185,597.616,1,387
20,1186,599.55,1,388
20,1187,769.28,1,511
20,1188,789.634,1,525
20,1189,970.486,1,657
20,1190,983.83,1,666
20,1191,1020.51,1,693
20,1192,6131.2,1,4405
20,1193,9835.78,1,7117
20,1194,43212.6,1,31053
20,1195,47500.9,1,34108
1,1067,6.8226,1,1
1,1071,10.274,1,2
1,1074,13.0535,1,3
1,1077,15.2925,1,4
1,1080,17.4499,1,5
1,1083,19.5662,1,6
1,1085,21.4717,1,7
1,1088,23.3689,1,8
1,1090,27.1226,1,9
1,1093,29.6617,1,10
1,1095,31.7003,1,11
1,1097,33.8197,1,12
1,1099,36.1093,1,13
1,1101,38.2607,1,14
1,1103,41.9466,1,15
1,1105,45.242,1,16
1,1107,47.8092,1,17
1,1109,49.8011,1,18
1,1111,51.6024,1,19
1,1113,53.3768,1,20
1,1115,55.1323,1,21
1,1118,56.9194,1,22
1,1120,59.5252,1,23
1,1122,62.2628,1,24
1,1124,64.0523,1,25
1,1126,65.7825,1,26
1,1128,67.474,1,27
1,1130,69.1636,1,28
1,1131,70.8476,1,29
1,1132,72.534,1,30
1,1133,74.9551,1,31
1,1134,77.4219,1,32
1,1135,79.4076,1,33
1,1136,82.2151,1,34
1,1137,84.7127,1,35
1,1138,86.5412,1,36
1,1139,88.2288,1,37
1,1140,90.0664,1,38
1,1141,92.8538,1,39
1,1142,96.2235,1,40
1,1143,98.2434,1,41
1,1144,100.959,1,42
1,1145,102.833,1,43
1,1146,104.532,1,44
1,1147,106.345,1,45
1,1148,108.635,1,46
1,1149,110.644,1,47
1,1150,112.881,1,48
1,1151,114.835,1,49
1,1152,116.608,1,50
1,1153,128.395,1,58
1,1154,133.947,1,61
1,1155,136.687,1,62
1,1156,142.362,1,64
1,1157,145.519,1,65
1,1158,151.629,1,69
1,1159,159.792,1,72
1,1160,169.664,1,77
1,1161,174.181,1,79
1,1162,179.576,1,82
1,1163,187.878,1,87
1,1164,196.082,1,92
1,1165,207.946,1,99
1,1166,211.247,1,100
1,1167,217.221,1,104
1,1168,220.376,1,105
1,1169,224.283,1,107
1,1170,237.158,1,116
1,1171,244.507,1,120
1,1172,250.206,1,123
1,1173,262.192,1,131
1,1174,267.894,1,134
1,1175,271.933,1,136
1,1176,283.321,1,144
1,1177,288.661,1,147
1,1178,290.974,1,148
1,1179,304.796,1,158
1,1180,310.536,1,161
1,1181,316.993,1,165
1,1182,369.967,1,199
1,1183,377.578,1,203
1,1184,408.797,1,223
1,1185,681.328,1,421
1,1186,1062.04,1,673
1,1187,1490.54,1,980
1,1188,1497.73,1,985
1,1189,1664.24,1,1104
1,1190,1687.26,1,1120
1,1191,3127.1,1,2132
1,1192,5663.91,1,3907
1,1193,10693.9,1,7262
2,1050,2.28604,1,1
2,1054,5.64149,1,2
2,1057,10.285,1,3
2,1060,13.1478,1,4
2,1063,15.3312,1,5
2,1066,17.2999,1,6
2,1069,19.3171,1,7
2,1071,21.478,1,8
2,1074,23.7155,1,9
2,1076,25.7584,1,10
2,1078,27.6986,1,11
2,1080,30.469,1,12
2,1082,33.1735,1,13
2,1085,35.501,1,14
2,1087,37.7543,1,15
2,1089,39.9393,1,16
2,1091,42.1408,1,17
2,1093,44.2488,1,18
2,1095,46.5538,1,19
2,1097,48.8087,1,20
2,1099,51.0264,1,21
2,1101,53.0752,1,22
2,1103,55.0324,1,23
2,1105,56.921,1,24
2,1107,58.7799,1,25
2,1109,60.6301,1,26
2,1111,62.581,1,27
2,1113,64.8619,1,28
2,1115,67.1448,1,29
2,1116,69.2007,1,30
2,1117,70.9661,1,31
2,1119,72.654,1,32
2,1120,74.331,1,33
2,1121,76.0047,1,34
2,1122,77.6714,1,35
2,1123,79.4743,1,36
2,1124,81.6087,1,37
2,1125,83.3942,1,38
2,1126,85.0802,1,39
2,1127,86.7536,1,40
2,1129,88.4349,1,41
2,1130,90.1059,1,42
2,1131,91.7749,1,43
2,1132,93.4384,1,44
2,1133,95.1174,1,45
2,1134,97.3083,1,46
2,1135,99.1628,1,47
2,1136,100.913,1,48
2,1137,102.636,1,49
2,1138,104.353,1,50
2,1139,106.047,1,51
2,1140,107.74,1,52
2,1141,109.426,1,53
2,1142,111.12,1,54
2,1143,113.162,1,55
2,1144,115.562,1,56
2,1145,117.579,1,57
2,1146,119.583,1,58
2,1147,121.552,1,59
2,1148,123.524,1,60
2,1149,125.697,1,61
2,1150,127.977,1,62
2,1151,130.715,1,63
2,1152,133.101,1,64
2,1153,135.122,1,65
2,1154,136.932,1,66
2,1155,138.713,1,67
2,1156,140.465,1,68
2,1157,145.308,1,71
2,1158,147.758,1,72
2,1159,150.301,1,73
2,1160,152.256,1,74
2,1161,158.122,1,78
2,1162,165.468,1,82
2,1163,168.58,1,83
2,1164,170.919,1,84
2,1165,179.605,1,90
2,1166,186.787,1,94
2,1167,191.178,1,96
2,1168,196.514,1,98
2,1169,222.74,1,112
2,1170,233.232,1,119
2,1171,238.032,1,121
2,1172,251.371,1,129
2,1173,258.348,1,133
2,1174,295.321,1,159
2,1175,324.045,1,179
2,1176,365.531,1,208
2,1177,373.779,1,213
2,1178,496.609,1,297
2,1179,515.068,1,309
2,1180,546.66,1,331
2,1181,571.01,1,348
2,1182,660.369,1,405
2,1183,703.962,1,436
2,1184,1030.34,1,663
2,1185,1188.91,1,772
2,1186,1520.13,1,994
2,1187,1522.19,1,995
2,1188,1550.88,1,1015
2,1189,3772.43,1,2566
2,1190,4159.31,1,2798
2,1191,13741.1,1,9386
2,1192,45895.8,1,31839
2,1193,55572.1,1,38518
2,1194,58553,1,40590
2,1195,60129,1,41702
3,1071,2.79726,1,1
3,1075,5.03356,1,2
3,1079,7.03143,1,3
3,1083,9.0822,1,4
3,1086,11.2305,1,5
3,1089,13.2086,1,6
3,1092,15.1832,1,7
3,1095,18.4818,1,8
3,1098,20.5539,1,9
3,1101,22.5095,1,10
3,1104,24.6017,1,11
3,1106,27.0251,1,12
3,1108,29.3704,1,13
3,1110,31.5649,1,14
3,1112,34.3159,1,15
3,1114,37.4511,1,16
3,1116,40.1516,1,17
3,1118,43.1273,1,18
3,1120,45.3305,1,19
3,1122,47.1957,1,20
3,1124,49.1565,1,21
3,1126,52.0567,1,22
3,1128,54.1648,1,23
3,1130,55.9838,1,24
3,1132,57.7057,1,25
3,1134,59.4095,1,26
3,1135,61.2246,1,27
3,1136,63.1921,1,28
3,1138,66.6506,1,29
3,1139,69.8552,1,30
3,1140,73.0634,1,31
3,1141,75.4051,1,32
3,1142,78.4436,1,33
3,1144,81.7508,1,34
3,1145,86.4943,1,35
3,1146,89.9622,1,36
3,1147,92.8514,1,37
3,1148,95.3724,1,38
3,1149,97.7666,1,39
3,1150,100.606,1,40
3,1151,103.163,1,41
3,1152,105.301,1,42
3,1153,108.47,1,43
3,1154,110.981,1,44
3,1155,113.124,1,45
3,1156,115.324,1,46
3,1157,117.533,1,47
3,1158,119.534,1,48
3,1159,121.39,1,49
3,1160,123.367,1,50
3,1161,125.466,1,51
3,1162,127.566,1,52
3,1163,129.427,1,53
3,1164,131.184,1,54
3,1165,137.345,1,58
3,1166,145.003,1,63
3,1167,152.742,1,68
3,1168,156.651,1,70
3,1169,169.528,1,79
3,1170,183.701,1,88
3,1171,194.645,1,95
3,1172,207.628,1,103
3,1173,213.015,1,106
3,1174,216.689,1,108
3,1175,233.24,1,119
3,1176,243.503,1,125
3,1177,291.335,1,153
3,1178,311.447,1,165
3,1179,333.637,1,180
3,1180,580.193,1,353
3,1181,594.079,1,362
3,1182,628.786,1,387
3,1183,780.821,1,490
3,1184,945.649,1,602
3,1185,1119.64,1,716
3,1186,1134.37,1,725
3,1187,2938.49,1,1951
3,1188,2941.39,1,1952
3,1189,3140.77,1,2068
3,1190,5947.14,1,3925
3,1191,12607.3,1,8415
3,1192,13933.6,1,9363
3,1193,13945.2,1,9371
3,1194,124800,1,84297
3,1195,127091,1,85856
4,1063,2.24775,1,1
4,1066,4.48524,1,2
4,1069,7.02196,1,3
4,1072,9.75842,1,4
4,1075,12.2829,1,5
4,1078,14.5192,1,6
4,1081,16.6979,1,7
4,1083,19.1876,1,8
4,1085,21.5273,1,9
4,1087,23.9847,1,10
4,1089,26.8538,1,11
4,1092,30.829,1,12
4,1094,34.4833,1,13
4,1096,36.7536,1,14
4,1098,38.8102,1,15
4,1100,41.3604,1,16
4,1102,44.6614,1,17
4,1104,49.2749,1,18
4,1106,51.9596,1,19
4,1108,54.2319,1,20
4,1110,56.2392,1,21
4,1112,58.7136,1,22
4,1114,60.7852,1,23
4,1116,62.7188,1,24
4,1118,64.6349,1,25
4,1120,66.5515,1,26
4,1123,68.4483,1,27
4,1125,70.3463,1,28
4,1126,72.2585,1,29
4,1127,74.8213,1,30
4,1128,77.354,1,31
4,1129,79.3349,1,32
4,1130,81.2838,1,33
4,1131,83.2008,1,34
4,1132,85.1237,1,35
4,1133,87.0576,1,36
4,1134,89.0515,1,37
4,1135,91.3553,1,38
4,1137,93.4479,1,39
4,1138,95.4908,1,40
4,1139,97.5826,1,41
4,1140,99.5529,1,42
4,1141,101.479,1,43
4,1142,103.393,1,44
4,1143,105.498,1,45
4,1144,108.07,1,46
4,1145,110.561,1,47
4,1146,113.145,1,48
4,1147,115.508,1,49
4,1148,117.656,1,50
4,1149,119.722,1,51
4,1150,122.013,1,52
4,1151,124.218,1,53
4,1152,126.464,1,54
4,1153,128.449,1,55
4,1154,130.419,1,56
4,1155,135.203,1,59
4,1156,137.923,1,60
4,1157,152.322,1,69
4,1158,162.647,1,75
4,1159,172.447,1,81
4,1160,179.142,1,85
4,1161,184.964,1,88
4,1162,193.669,1,93
4,1163,200.467,1,97
4,1164,202.651,1,98
4,1165,206.103,1,100
4,1166,208.718,1,101
4,1167,224.861,1,112
4,1168,238.371,1,121
4,1169,248.989,1,127
4,1170,258.006,1,132
4,1171,269.264,1,137
4,1172,281.855,1,144
4,1173,286.19,1,146
4,1174,293.978,1,151
4,1175,385.08,1,215
4,1176,389.547,1,217
4,1177,450.876,1,261
4,1178,458.324,1,265
4,1179,707.29,1,436
4,1180,748.29,1,464
4,1181,751.69,1,466
4,1182,757.729,1,470
4,1183,761.317,1,472
4,1184,763.486,1,473
4,1185,796.482,1,498
4,1186,802.617,1,502
4,1187,1170.97,1,755
4,1188,1311.77,1,854
4,1189,1419.07,1,928
4,1190,2081.26,1,1399
4,1191,4213.29,1,2829
4,1192,4316.84,1,2898
4,1193,4381.67,1,2937
4,1194,23964.7,1,16474
4,1195,30571.1,1,21092
5,1056,2.25999,1,1
5,1060,4.76276,1,2
5,1064,7.02867,1,3
5,1067,9.45682,1,4
5,1070,11.4898,1,5
5,1073,13.7147,1,6
5,1076,16.2175,1,7
5,1079,18.3993,1,8
5,1082,20.3525,1,9
5,1084,22.2126,1,10
5,1086,24.3846,1,11
5,1088,26.7985,1,12
5,1090,28.9693,1,13
5,1092,31.3742,1,14
5,1094,33.5836,1,15
5,1096,35.6115,1,16
5,1098,37.7116,1,17
5,1100,40.3597,1,18
5,1102,42.6232,1,19
5,1104,44.5354,1,20
5,1106,46.3308,1,21
5,1108,48.7534,1,22
5,1110,50.942,1,23
5,1112,52.9927,1,24
5,1114,55.1078,1,25
5,1116,57.1361,1,26
5,1118,59.0744,1,27
5,1120,60.9728,1,28
5,1123,62.8664,1,29
5,1125,65.1465,1,30
5,1127,67.2443,1,31
5,1128,69.1289,1,32
5,1130,71.0367,1,33
5,1131,72.9244,1,34
5,1132,74.7577,1,35
5,1133,76.559,1,36
5,1134,78.3461,1,37
5,1135,80.2796,1,38
5,1137,82.3694,1,39
5,1138,84.1762,1,40
5,1139,85.9278,1,41
5,1140,87.9363,1,42
5,1141,89.6989,1,43
5,1142,91.4406,1,44
5,1143,93.1483,1,45
5,1144,94.8501,1,46
5,1145,96.6502,1,47
5,1146,98.7677,1,48
5,1147,100.542,1,49
5,1148,102.332,1,50
5,1150,104.081,1,51
5,1151,105.758,1,52
5,1152,107.431,1,53
5,1153,109.094,1,54
5,1154,110.762,1,55
5,1155,112.688,1,56
5,1156,114.899,1,57
5,1157,122.571,1,61
5,1158,124.775,1,62
5,1159,127.876,1,64
5,1160,129.972,1,65
5,1161,132.398,1,66
5,1162,135.233,1,67
5,1163,152.006,1,74
5,1164,158.836,1,78
5,1165,185.564,1,97
5,1166,191.56,1,101
5,1167,200.313,1,107
5,1168,203.565,1,109
5,1169,206.74,1,111
5,1170,212.616,1,115
5,1171,237.867,1,133
5,1172,276.019,1,160
5,1173,294.796,1,173
5,1174,297.788,1,174
5,1175,304.188,1,178
5,1176,307.61,1,180
5,1177,357.855,1,212
5,1178,391.092,1,232
5,1179,418.875,1,252
5,1180,438.546,1,266
5,1181,464.447,1,285
5,1182,500.74,1,310
5,1183,595.016,1,375
5,1184,840.739,1,546
5,1185,842.881,1,547
5,1186,1196.1,1,798
5,1187,1270.92,1,854
5,1188,1287.11,1,865
5,1189,1365.01,1,921
5,1190,1380.25,1,927
5,1191,1688.6,1,1147
5,1192,1705.14,1,1159
5,1193,1726.35,1,1173
5,1194,52546.1,1,36644
5,1195,53330.4,1,37190
6,1059,6.84668,1,1
6,1062,10.0257,1,2
6,1065,12.8044,1,3
6,1068,15.6774,1,4
6,1071,17.9173,1,5
6,1074,20.3561,1,6
6,1077,22.3737,1,7
6,1079,24.396,1,8
6,1081,26.5581,1,9
6,1083,30.0814,1,10
6,1085,33.8256,1,11
6,1088,36.3256,1,12
6,1090,39.0124,1,13
6,1092,41.3718,1,14
6,1094,44.8607,1,15
6,1096,47.6315,1,16
6,1098,51.0351,1,17
6,1100,53.7218,1,18
6,1102,55.8176,1,19
6,1104,57.5782,1,20
6,1106,59.5232,1,21
6,1108,61.3525,1,22
6,1110,63.2217,1,23
6,1112,65.4513,1,24
6,1114,67.2763,1,25
6,1116,69.0712,1,26
6,1118,70.7995,1,27
6,1120,72.5107,1,28
6,1121,74.2047,1,29
6,1123,76.2412,1,30
6,1124,78.0579,1,31
6,1125,80.6297,1,32
6,1126,83.5628,1,33
6,1127,85.9499,1,34
6,1129,88.0188,1,35
6,1130,89.8461,1,36
6,1131,92.5826,1,37
6,1132,95.6495,1,38
6,1133,98.5308,1,39
6,1134,102,1,40
6,1135,106.366,1,41
6,1136,110.148,1,42
6,1137,113.125,1,43
6,1138,115.635,1,44
6,1139,117.561,1,45
6,1140,119.764,1,46
6,1141,121.84,1,47
6,1142,123.632,1,48
6,1144,125.916,1,49
6,1145,127.988,1,50
6,1146,129.959,1,51
6,1147,132.126,1,52
6,1148,133.937,1,53
6,1149,135.689,1,54
6,1150,137.427,1,55
6,1151,139.162,1,56
6,1152,141.175,1,57
6,1153,143.247,1,58
6,1154,145.485,1,59
6,1155,147.805,1,60
6,1156,150.029,1,61
6,1157,152.04,1,62
6,1158,154.307,1,63
6,1159,156.591,1,64
6,1160,161.894,1,67
6,1161,164.542,1,68
6,1162,170.263,1,71
6,1163,172.824,1,72
6,1164,174.896,1,73
6,1165,183.166,1,79
6,1166,185.479,1,80
6,1167,189.281,1,82
6,1168,194.528,1,85
6,1169,197.239,1,86
6,1170,207.22,1,93
6,1171,210.163,1,94
6,1172,215.003,1,97
6,1173,223.773,1,102
6,1174,236.871,1,111
6,1175,241.375,1,113
6,1176,281.485,1,142
6,1177,388.365,1,209
6,1178,418.952,1,230
6,1179,427.544,1,235
6,1180,470.625,1,266
6,1181,475.03,1,268
6,1182,495.848,1,283
6,1183,688.09,1,410
6,1184,812.643,1,493
6,1185,849.74,1,517
6,1186,1427.78,1,918
6,1187,1532.94,1,994
6,1188,2166.09,1,1438
6,1189,3389,1,2300
6,1190,9944.57,1,6902
6,1191,11189.9,1,7756
6,1192,11208.5,1,7769
6,1193,26545,1,18594
6,1194,26664.4,1,18679
6,1195,27816.8,1,19465
7,1050,2.2742,1,1
7,1054,7.01446,1,2
7,1058,9.60407,1,3
7,1061,11.705,1,4
7,1064,13.7561,1,5
7,1067,15.7643,1,6
7,1070,17.834,1,7
7,1073,21.4129,1,8
7,1076,25.1054,1,9
7,1079,28.1443,1,10
7,1082,30.4982,1,11
7,1084,32.6824,1,12
7,1086,34.8481,1,13
7,1089,39.0878,1,14
7,1091,43.226,1,15
7,1093,46.1342,1,16
7,1095,48.6129,1,17
7,1097,50.8898,1,18
7,1100,53.0926,1,19
7,1102,56.1599,1,20
7,1104,58.3642,1,21
7,1106,60.2756,1,22
7,1108,62.279,1,23
7,1110,64.4261,1,24
7,1112,66.694,1,25
7,1114,68.783,1,26
7,1115,71.422,1,27
7,1116,74.1877,1,28
7,1118,76.2175,1,29
7,1119,78.1941,1,30
7,1120,80.13,1,31
7,1121,82.1014,1,32
7,1123,84.0341,1,33
7,1125,85.9412,1,34
7,1127,88.5427,1,35
7,1128,90.8674,1,36
7,1129,92.9122,1,37
7,1130,94.8288,1,38
7,1132,96.7655,1,39
7,1133,98.8186,1,40
7,1134,100.761,1,41
7,1136,102.677,1,42
7,1137,105,1,43
7,1138,107.174,1,44
7,1139,109.13,1,45
7,1141,111.056,1,46
7,1142,113.134,1,47
7,1143,115.181,1,48
7,1144,117.107,1,49
7,1145,119.015,1,50
7,1146,121.235,1,51
7,1147,123.551,1,52
7,1148,125.584,1,53
7,1149,127.397,1,54
7,1151,129.376,1,55
7,1152,131.142,1,56
7,1153,132.877,1,57
7,1154,134.606,1,58
7,1155,136.323,1,59
7,1156,138.559,1,60
7,1157,143.596,1,63
7,1158,146.566,1,64
7,1159,157.126,1,71
7,1160,159.557,1,72
7,1161,162.974,1,74
7,1162,166.226,1,76
7,1163,168.11,1,77
7,1164,170.071,1,78
7,1165,182.018,1,85
7,1166,185.564,1,87
7,1167,187.83,1,88
7,1168,199.933,1,96
7,1169,204.867,1,99
7,1170,219.327,1,109
7,1171,223.516,1,111
7,1172,226.598,1,112
7,1173,234.655,1,117
7,1174,244.641,1,121
7,1175,265.709,1,130
7,1176,291.124,1,141
7,1177,306.457,1,151
7,1178,311.82,1,153
7,1179,333.561,1,166
7,1180,342.612,1,172
7,1181,355.62,1,180
7,1182,451.184,1,243
7,1183,542.707,1,300
7,1184,669.298,1,378
7,1185,776.297,1,456
7,1186,1149.11,1,708
7,1187,1401.29,1,885
7,1188,1409.92,1,890
7,1189,1485.56,1,938
7,1190,4311.18,1,2892
7,1191,6778.28,1,4628
7,1192,7566.68,1,5192
7,1193,37594.8,1,26514
8,1063,2.12222,1,1
8,1067,4.25747,1,2
8,1070,9.14339,1,3
8,1073,15.5381,1,4
8,1076,35.4209,1,5
8,1078,37.9895,1,6
8,1080,41.8586,1,7
8,1083,45.4509,1,8
8,1085,48.3508,1,9
8,1087,52.1258,1,10
8,1089,56.7871,1,11
8,1091,61.3494,1,12
8,1093,64.661,1,13
8,1095,67.4353,1,14
8,1097,73.0575,1,15
8,1099,76.3778,1,16
8,1101,78.7669,1,17
8,1103,81.0288,1,18
8,1105,83.3646,1,19
8,1107,86.1196,1,20
8,1109,88.5138,1,21
8,1111,90.94,1,22
8,1113,94.6385,1,23
8,1114,97.1109,1,24
8,1115,99.3969,1,25
8,1116,102.465,1,26
8,1117,104.788,1,27
8,1118,107.055,1,28
8,1119,110.591,1,29
8,1120,113.197,1,30
8,1121,115.99,1,31
8,1123,118.86,1,32
8,1125,121.447,1,33
8,1127,123.742,1,34
8,1128,128.789,1,35
8,1129,131.078,1,36
8,1130,132.973,1,37
8,1132,134.711,1,38
8,1134,136.426,1,39
8,1135,138.12,1,40
8,1136,139.814,1,41
8,1138,141.936,1,42
8,1139,145.556,1,43
8,1140,147.895,1,44
8,1142,150.023,1,45
8,1143,152.005,1,46
8,1144,153.941,1,47
8,1145,155.813,1,48
8,1146,157.777,1,49
8,1147,160.928,1,50
8,1148,163.092,1,51
8,1149,165.188,1,52
8,1150,167.209,1,53
8,1152,169.153,1,54
8,1153,170.969,1,55
8,1154,172.735,1,56
8,1155,174.66,1,57
8,1156,177.623,1,58
8,1157,179.848,1,59
8,1158,181.708,1,60
8,1159,183.523,1,61
8,1160,185.3,1,62
8,1161,187.055,1,63
8,1162,201.742,1,71
8,1163,206.135,1,74
8,1164,214.174,1,77
8,1165,217.627,1,78
8,1166,222.115,1,80
8,1167,224.401,1,81
8,1168,237.53,1,89
8,1169,239.292,1,90
8,1170,244.44,1,92
8,1171,256.485,1,99
8,1172,258.831,1,100
8,1173,267.507,1,106
8,1174,273.439,1,110
8,1175,280.889,1,115
8,1176,285.252,1,118
8,1177,286.954,1,119
8,1178,294.454,1,123
8,1179,355.22,1,167
8,1180,430.07,1,216
8,1181,459.887,1,234
8,1182,462.033,1,235
8,1183,510.181,1,269
8,1184,514.425,1,270
8,1185,591.976,1,322
8,1186,615.159,1,335
8,1187,643.601,1,353
8,1188,727.617,1,415
8,1189,1392.56,1,883
8,1190,1431.08,1,907
8,1191,5321.62,1,3222
8,1192,6157.8,1,3806
8,1193,6167.76,1,3812
9,1048,2.71199,1,1
9,1051,5.23923,1,2
9,1054,7.36303,1,3
9,1057,9.25313,1,4
9,1060,11.4725,1,5
9,1064,14.0309,1,6
9,1067,16.1034,1,7
9,1070,19.4746,1,8
9,1073,21.7863,1,9
9,1076,23.8509,1,10
9,1078,25.7307,1,11
9,1081,27.7764,1,12
9,1083,31.176,1,13
9,1085,33.4088,1,14
9,1087,35.4959,1,15
9,1090,37.4195,1,16
9,1093,39.3921,1,17
9,1095,41.3785,1,18
9,1097,43.5635,1,19
9,1099,45.9794,1,20
9,1101,48.3985,1,21
9,1103,51.4547,1,22
9,1105,53.8782,1,23
9,1107,56.4409,1,24
9,1109,58.6855,1,25
9,1111,60.9076,1,26
9,1112,64.1036,1,27
9,1113,67.4211,1,28
9,1114,71.3237,1,29
9,1116,74.5891,1,30
9,1118,77.2601,1,31
9,1120,80.974,1,32
9,1121,84.271,1,33
9,1122,86.9115,1,34
9,1123,89.3413,1,35
9,1125,91.5211,1,36
9,1126,93.6141,1,37
9,1127,96.5452,1,38
9,1128,98.9607,1,39
9,1129,100.964,1,40
9,1130,103.173,1,41
9,1131,105.191,1,42
9,1132,107.243,1,43
9,1133,109.175,1,44
9,1134,111.396,1,45
9,1135,113.791,1,46
9,1136,115.703,1,47
9,1137,117.562,1,48
9,1138,119.414,1,49
9,1139,121.23,1,50
9,1140,123.137,1,51
9,1141,124.941,1,52
9,1142,126.997,1,53
9,1143,129.537,1,54
9,1144,131.711,1,55
9,1145,133.626,1,56
9,1146,135.613,1,57
9,1147,137.612,1,58
9,1148,139.604,1,59
9,1149,141.752,1,60
9,1150,144.041,1,61
9,1151,146.632,1,62
9,1152,148.712,1,63
9,1153,151.773,1,64
9,1154,154.158,1,65
9,1155,156.156,1,66
9,1156,158.144,1,67
9,1157,160.153,1,68
9,1158,162.401,1,69
9,1159,164.448,1,70
9,1160,174.463,1,76
9,1161,179.003,1,78
9,1162,182.016,1,79
9,1163,184.375,1,80
9,1164,186.096,1,81
9,1165,189.187,1,83
9,1166,199.57,1,90
9,1167,204.171,1,92
9,1168,208.402,1,94
9,1169,221.896,1,103
9,1170,232.28,1,109
9,1171,243.569,1,116
9,1172,247.526,1,118
9,1173,280.088,1,135
9,1174,296.205,1,144
9,1175,302.335,1,146
9,1176,348.527,1,176
9,1177,369.047,1,189
9,1178,371.956,1,190
9,1179,409.729,1,217
9,1180,420.941,1,224
9,1181,426.673,1,227
9,1182,1034.48,1,639
9,1183,1049.15,1,647
9,1184,1111.79,1,678
9,1185,1199.97,1,740
9,1186,1204.93,1,743
9,1187,1222.72,1,755
9,1188,6440.35,1,3778
9,1189,7360.14,1,4415
9,1190,12113.1,1,7785
9,1191,12136.7,1,7802
9,1192,13286.8,1,8613
9,1193,13694.5,1,8884
10,1039,3.26465,1,1
10,1043,6.15744,1,2
10,1047,8.6156,1,3
10,1050,10.7943,1,4
10,1053,12.909,1,5
10,1056,15.1595,1,6
10,1059,18.5635,1,7
10,1062,21.752,1,8
10,1065,24.3475,1,9
10,1068,26.8811,1,10
10,1071,29.8062,1,11
10,1074,32.791,1,12
10,1077,35.9155,1,13
10,1079,38.4921,1,14
10,1081,40.891,1,15
10,1083,43.2394,1,16
10,1085,45.7229,1,17
10,1087,48.4435,1,18
10,1089,50.9976,1,19
10,1091,53.5876,1,20
10,1093,55.8472,1,21
10,1095,57.8984,1,22
10,1097,59.886,1,23
10,1099,61.9573,1,24
10,1101,64.0613,1,25
10,1103,66.1551,1,26
10,1105,68.2481,1,27
10,1107,70.4142,1,28
10,1109,72.3521,1,29
10,1111,74.254,1,30
10,1113,76.0987,1,31
10,1115,78.6812,1,32
10,1117,80.7924,1,33
10,1119,82.8459,1,34
10,1120,85.0779,1,35
10,1121,87.6308,1,36
10,1122,89.8398,1,37
10,1124,91.8468,1,38
10,1126,95.4036,1,39
10,1127,97.8499,1,40
10,1128,100.221,1,41
10,1129,103.042,1,42
10,1130,105.434,1,43
10,1131,107.613,1,44
10,1132,110.183,1,45
10,1133,112.384,1,46
10,1134,114.509,1,47
10,1135,116.586,1,48
10,1136,119.159,1,49
10,1137,122.405,1,50
10,1139,124.981,1,51
10,1140,126.869,1,52
10,1141,128.894,1,53
10,1142,130.751,1,54
10,1143,132.472,1,55
10,1144,134.232,1,56
10,1145,136.412,1,57
10,1146,141.121,1,60
10,1147,146.128,1,63
10,1148,148.705,1,64
10,1149,150.581,1,65
10,1150,152.69,1,66
10,1151,154.41,1,67
10,1152,159.832,1,69
10,1153,162.575,1,70
10,1154,165.978,1,71
10,1155,172.09,1,73
10,1156,179.093,1,75
10,1157,186.435,1,78
10,1158,189.906,1,79
10,1159,206.41,1,89
10,1160,213.248,1,91
10,1161,219.473,1,94
10,1162,223.832,1,96
10,1163,227.375,1,98
10,1164,230.549,1,100
10,1165,232.253,1,101
10,1166,233.959,1,102
10,1167,237.587,1,104
10,1168,242.081,1,106
10,1169,246.516,1,108
10,1170,268.711,1,122
10,1171,285.58,1,133
10,1172,291.635,1,136
10,1173,301.668,1,142
10,1174,314.48,1,150
10,1175,333.918,1,163
10,1176,339.304,1,166
10,1177,352.607,1,174
10,1178,398.607,1,200
10,1179,445.329,1,231
10,1180,448.322,1,232
10,1181,467.469,1,246
10,1182,491.103,1,262
10,1183,498.105,1,266
10,1184,672.536,1,381
10,1185,1100.2,1,660
10,1186,1118.11,1,672
10,1187,1156.34,1,699
10,1188,1505.85,1,921
10,1189,1512.35,1,925
10,1190,1966.96,1,1165
10,1191,2509.95,1,1429
10,1192,20911.7,1,12540
10,1193,41750.7,1,26560
10,1194,114143,1,70531
10,1195,120715,1,74074
11,1069,7.17552,1,1
11,1072,11.1661,1,2
11,1075,15.0044,1,3
11,1078,17.153,1,4
11,1081,19.3491,1,5
11,1084,21.2798,1,6
11,1087,23.1837,1,7
11,1090,25.1169,1,8
11,1093,27.517,1,9
11,1096,30.1248,1,10
11,1098,32.4041,1,11
11,1100,34.3242,1,12
11,1102,36.5033,1,13
11,1104,38.7735,1,14
11,1106,40.9704,1,15
11,1108,44.5749,1,16
11,1110,47.3485,1,17
11,1112,49.237,1,18
11,1114,51.3059,1,19
11,1116,53.0744,1,20
11,1118,54.7529,1,21
11,1120,56.4271,1,22
11,1122,58.1005,1,23
11,1124,60.0009,1,24
11,1126,61.7212,1,25
11,1128,63.7065,1,26
11,1130,65.7876,1,27
11,1131,67.4717,1,28
11,1133,69.1352,1,29
11,1134,70.8089,1,30
11,1136,72.6971,1,31
11,1137,74.597,1,32
11,1138,76.3679,1,33
11,1139,78.0453,1,34
11,1140,79.8734,1,35
11,1141,81.9459,1,36
11,1142,83.6327,1,37
11,1143,85.3005,1,38
11,1144,86.966,1,39
11,1145,88.626,1,40
11,1146,90.7659,1,41
11,1147,93.2051,1,42
11,1148,96.379,1,43
11,1149,99.2339,1,44
11,1150,102.33,1,45
11,1151,104.458,1,46
11,1153,106.455,1,47
11,1154,109.73,1,48
11,1155,112.756,1,49
11,1156,116.648,1,50
11,1157,119.529,1,51
11,1158,121.66,1,52
11,1159,123.562,1,53
11,1160,129.395,1,57
11,1161,132.819,1,58
11,1162,135.202,1,59
11,1163,137.08,1,60
11,1164,140.085,1,62
11,1165,143.056,1,64
11,1166,148.067,1,67
11,1167,154.686,1,71
11,1168,157.654,1,72
11,1169,163.459,1,76
11,1170,170.999,1,81
11,1171,173.484,1,82
11,1172,175.377,1,83
11,1173,177.525,1,84
11,1174,193.487,1,95
11,1175,213.106,1,108
11,1176,216.645,1,109
11,1177,235.384,1,122
11,1178,253.198,1,134
11,1179,274.607,1,148
11,1180,299.592,1,159
11,1181,351.761,1,188
11,1182,389.052,1,208
11,1183,450.067,1,243
11,1184,602.33,1,345
11,1185,969.968,1,604
11,1186,988.323,1,616
11,1187,1009.21,1,630
11,1188,1018.76,1,635
11,1189,1197.78,1,751
11,1190,5582.14,1,3789
11,1191,5984.98,1,4055
11,1192,12318.6,1,8413
11,1193,38725,1,26740
11,1194,39081.7,1,26992
11,1195,39083.7,1,26993
12,1058,2.47198,1,1
12,1062,6.48469,1,2
12,1066,9.34945,1,3
12,1069,12.142,1,4
12,1072,15.0446,1,5
12,1075,17.761,1,6
12,1078,20.9111,1,7
12,1081,25.1508,1,8
12,1084,28.7198,1,9
12,1086,30.8424,1,10
12,1088,32.9694,1,11
12,1090,35.6242,1,12
12,1092,40.7319,1,13
12,1094,43.4944,1,14
12,1096,46.0702,1,15
12,1098,48.6287,1,16
12,1100,51.3936,1,17
12,1102,56.6632,1,18
12,1104,59.3527,1,19
12,1106,61.4958,1,20
12,1108,63.56,1,21
12,1110,65.6246,1,22
12,1112,67.5628,1,23
12,1114,69.6448,1,24
12,1116,73.5659,1,25
12,1118,75.8686,1,26
12,1119,78.288,1,27
12,1120,80.3522,1,28
12,1122,82.3521,1,29
12,1123,84.3365,1,30
12,1124,86.3573,1,31
12,1125,90.7103,1,32
12,1126,94.5896,1,33
12,1127,97.3169,1,34
12,1128,99.314,1,35
12,1129,101.262,1,36
12,1130,107.039,1,37
12,1132,112.455,1,38
12,1133,114.922,1,39
12,1135,117.029,1,40
12,1136,119.037,1,41
12,1137,123.172,1,42
12,1139,125.411,1,43
12,1140,127.527,1,44
12,1141,129.633,1,45
12,1143,131.632,1,46
12,1144,133.56,1,47
12,1145,135.531,1,48
12,1146,138.705,1,49
12,1147,140.862,1,50
12,1148,142.823,1,51
12,1149,144.716,1,52
12,1150,146.621,1,53
12,1151,148.525,1,54
12,1152,150.399,1,55
12,1153,152.725,1,56
12,1154,158.865,1,59
12,1155,163.739,1,62
12,1156,165.712,1,63
12,1157,168.206,1,64
12,1158,170.746,1,65
12,1159,173.015,1,66
12,1160,176.322,1,68
12,1161,178.22,1,69
12,1162,180.221,1,70
12,1163,182.275,1,71
12,1164,187.874,1,74
12,1165,197.727,1,80
12,1166,208.022,1,86
12,1167,226.554,1,98
12,1168,228.537,1,99
12,1169,253.774,1,114
12,1170,262.832,1,119
12,1171,264.974,1,120
12,1172,313.537,1,143
12,1173,317.072,1,145
12,1174,319.351,1,146
12,1175,351.454,1,160
12,1176,354.277,1,161
12,1177,371.454,1,171
12,1178,376.925,1,174
12,1179,392.047,1,184
12,1180,394.017,1,185
12,1181,408.822,1,194
12,1182,412.36,1,196
12,1183,538.027,1,276
12,1184,589.996,1,307
12,1185,608.509,1,319
12,1186,831.452,1,451
12,1187,1488.26,1,859
12,1188,1698.64,1,992
12,1189,2606.61,1,1623
12,1190,3565.11,1,2237
12,1191,5132.4,1,3294
12,1192,32768,1,22470
12,1193,50528.9,1,34347
12,1194,62067.1,1,42216
12,1195,62071.9,1,42219
13,1052,2.19051,1,1
13,1056,4.40353,1,2
13,1060,6.40495,1,3
13,1063,8.82245,1,4
13,1066,11.2064,1,5
13,1069,13.2718,1,6
13,1072,15.5373,1,7
13,1075,17.7791,1,8
13,1078,19.7162,1,9
13,1081,21.6316,1,10
13,1083,23.5623,1,11
13,1086,26.6797,1,12
13,1088,28.9085,1,13
13,1090,31.1515,1,14
13,1092,33.2528,1,15
13,1095,35.1761,1,16
13,1097,37.2758,1,17
13,1099,40.5144,1,18
13,1101,42.7645,1,19
13,1103,45.58,1,20
13,1105,48.0867,1,21
13,1107,49.8508,1,22
13,1109,51.5372,1,23
13,1111,53.2225,1,24
13,1113,54.8939,1,25
13,1115,56.5613,1,26
13,1117,58.4712,1,27
13,1119,60.6502,1,28
13,1121,62.4168,1,29
13,1122,64.1691,1,30
13,1123,65.8409,1,31
13,1124,67.5017,1,32
13,1125,69.1679,1,33
13,1126,70.8461,1,34
13,1127,72.504,1,35
13,1128,74.2422,1,36
13,1129,76.3561,1,37
13,1130,78.4072,1,38
13,1131,80.6479,1,39
13,1132,82.5092,1,40
13,1133,84.2043,1,41
13,1134,85.8851,1,42
13,1135,87.551,1,43
13,1136,89.2134,1,44
13,1138,90.9566,1,45
13,1139,93.2652,1,46
13,1140,95.0846,1,47
13,1142,96.7915,1,48
13,1143,98.4886,1,49
13,1144,100.196,1,50
13,1145,101.885,1,51
13,1147,103.571,1,52
13,1148,105.262,1,53
13,1149,110.267,1,56
13,1150,112.304,1,57
13,1151,114.238,1,58
13,1152,120.113,1,62
13,1153,122.054,1,63
13,1154,124.11,1,64
13,1155,129.235,1,67
13,1156,132.431,1,69
13,1157,136.983,1,72
13,1158,146.45,1,77
13,1159,153.44,1,81
13,1160,155.979,1,82
13,1161,159.522,1,83
13,1162,165.871,1,86
13,1163,183.016,1,98
13,1164,189.616,1,102
13,1165,193.127,1,104
13,1166,201.709,1,110
13,1167,218.837,1,122
13,1168,234.215,1,133
13,1169,236.513,1,134
13,1170,249.734,1,143
13,1171,255.849,1,147
13,1172,270.064,1,155
13,1173,287.806,1,165
13,1174,292.712,1,167
13,1175,303.072,1,174
13,1176,323.925,1,189
13,1177,329.46,1,192
13,1178,342.147,1,200
13,1179,359.411,1,210
13,1180,382.264,1,223
13,1181,412.321,1,244
13,1182,438.982,1,263
13,1183,461.351,1,278
13,1184,537.945,1,334
13,1185,954.426,1,618
13,1186,1023.6,1,655
13,1187,1846.05,1,1134
13,1188,1853.54,1,1138
13,1189,2067.86,1,1284
13,1190,5363.25,1,3609
13,1191,7146.21,1,4899
13,1192,13189,1,9237
13,1193,105662,1,70699
14,1049,2.26394,1,1
14,1054,4.45406,1,2
14,1058,6.48469,1,3
14,1062,8.42966,1,4
14,1066,10.394,1,5
14,1070,13.0464,1,6
14,1074,16.4918,1,7
14,1077,19.1256,1,8
14,1080,21.2344,1,9
14,1083,23.1482,1,10
14,1086,25.0502,1,11
14,1089,27.288,1,12
14,1091,29.9657,1,13
14,1093,32.9777,1,14
14,1095,34.9618,1,15
14,1097,36.8747,1,16
14,1099,38.8063,1,17
14,1101,40.7742,1,18
14,1103,42.7215,1,19
14,1105,44.6503,1,20
14,1107,47.0169,1,21
14,1109,49.6649,1,22
14,1111,51.658,1,23
14,1113,53.6433,1,24
14,1115,55.5665,1,25
14,1117,57.4847,1,26
14,1119,59.4052,1,27
14,1121,61.4291,1,28
14,1122,64.265,1,29
14,1123,66.9569,1,30
14,1124,69.1352,1,31
14,1126,70.8567,1,32
14,1128,72.9501,1,33
14,1129,74.6531,1,34
14,1130,76.889,1,35
14,1131,78.8241,1,36
14,1132,80.9554,1,37
14,1133,83.0753,1,38
14,1134,85.2756,1,39
14,1135,87.2842,1,40
14,1136,89.001,1,41
14,1137,90.7036,1,42
14,1138,92.7705,1,43
14,1139,98.0848,1,44
14,1140,101.099,1,45
14,1141,104.275,1,46
14,1142,106.647,1,47
14,1143,109.298,1,48
14,1144,113.3,1,49
14,1145,116.353,1,50
14,1146,119.054,1,51
14,1147,121.929,1,52
14,1148,123.94,1,53
14,1150,125.77,1,54
14,1151,127.734,1,55
14,1152,130.395,1,56
14,1153,133.397,1,57
14,1154,135.43,1,58
14,1155,137.275,1,59
14,1156,139.47,1,60
14,1157,141.411,1,61
14,1158,150.029,1,66
14,1159,152.972,1,67
14,1160,158.401,1,70
14,1161,162.73,1,72
14,1162,167.159,1,74
14,1163,170.253,1,75
14,1164,172.346,1,76
14,1165,181.428,1,82
14,1166,185.997,1,84
14,1167,194.27,1,89
14,1168,207.685,1,97
14,1169,224.791,1,106
14,1170,228.721,1,108
14,1171,243.722,1,115
14,1172,291.077,1,136
14,1173,294.751,1,138
14,1174,320.771,1,151
14,1175,351.034,1,165
14,1176,373.68,1,176
14,1177,383.592,1,181
14,1178,390.686,1,185
14,1179,400,1,190
14,1180,424.595,1,205
14,1181,473.613,1,235
14,1182,491.293,1,245
14,1183,548.041,1,274
14,1184,577.97,1,293
14,1185,592.32,1,301
14,1186,828.699,1,439
14,1187,1180.6,1,643
14,1188,1274.81,1,702
14,1189,1291.12,1,712
14,1190,1337.74,1,745
14,1191,1451.49,1,826
14,1192,13871.8,1,9612
14,1193,67163,1,44768
15,1045,2.20117,1,1
15,1049,5.64346,1,2
15,1053,9.03562,1,3
15,1057,11.5861,1,4
15,1061,14.1505,1,5
15,1065,16.3805,1,6
15,1068,18.5134,1,7
15,1071,22.7179,1,8
15,1074,27.0247,1,9
15,1076,30.3506,1,10
15,1078,33.5915,1,11
15,1080,37.2604,1,12
15,1082,40.1185,1,13
15,1085,43.0156,1,14
15,1087,46.0931,1,15
15,1089,49.2713,1,16
15,1092,53.1013,1,17
15,1094,57.037,1,18
15,1096,59.5662,1,19
15,1098,62.8597,1,20
15,1100,65.2934,1,21
15,1102,67.3813,1,22
15,1104,69.6993,1,23
15,1106,72.4152,1,24
15,1108,75.6285,1,25
15,1110,78.5865,1,26
15,1112,80.5401,1,27
15,1114,82.3706,1,28
15,1116,84.1407,1,29
15,1118,85.9061,1,30
15,1120,88.3449,1,31
15,1122,90.8591,1,32
15,1123,92.8783,1,33
15,1124,94.8742,1,34
15,1126,96.9171,1,35
15,1127,98.8419,1,36
15,1129,100.676,1,37
15,1130,102.489,1,38
15,1131,105.051,1,39
15,1132,107.331,1,40
15,1133,109.293,1,41
15,1134,111.188,1,42
15,1136,113.05,1,43
15,1138,114.918,1,44
15,1139,116.774,1,45
15,1140,118.712,1,46
15,1141,121.338,1,47
15,1142,123.531,1,48
15,1143,125.351,1,49
15,1144,127.034,1,50
15,1145,128.789,1,51
15,1146,130.486,1,52
15,1147,132.308,1,53
15,1148,134.061,1,54
15,1149,137.168,1,55
15,1150,139.903,1,56
15,1151,141.886,1,57
15,1152,144.115,1,58
15,1153,146.241,1,59
15,1154,148.093,1,60
15,1155,149.798,1,61
15,1156,151.759,1,62
15,1157,154.065,1,63
15,1158,156.391,1,64
15,1159,158.467,1,65
15,1160,160.415,1,66
15,1161,162.351,1,67
15,1162,164.289,1,68
15,1163,166.189,1,69
15,1164,168.939,1,70
15,1165,171.905,1,71
15,1166,179.685,1,76
15,1167,183.304,1,78
15,1168,200.771,1,90
15,1169,211.557,1,97
15,1170,216.127,1,99
15,1171,258.021,1,116
15,1172,289.686,1,136
15,1173,291.539,1,137
15,1174,341.428,1,171
15,1175,348.704,1,175
15,1176,383.324,1,198
15,1177,398.586,1,208
15,1178,400.684,1,209
15,1179,412.225,1,217
15,1180,473.879,1,258
15,1181,509.945,1,284
15,1182,594.939,1,345
15,1183,649.503,1,380
15,1184,670.103,1,394
15,1185,1027.27,1,636
15,1186,1087.92,1,672
15,1187,1276.43,1,806
15,1188,3538.44,1,2278
15,1189,3817.4,1,2471
15,1190,4670.93,1,3084
15,1191,7337.64,1,4980
15,1192,11682.9,1,7968
15,1193,11981.6,1,8140
15,1194,30585.2,1,19100
15,1195,31315.9,1,19506
