16,1173,1037.81,92
16,1176,1924.98,187
16,1172,2681.73,276
16,1170,3170.74,350
16,1165,3778.48,426
16,1163,4337.52,505
16,1167,5216.93,582
16,1173,6186.38,675
16,1172,6744.46,750
16,1171,7775.76,848
16,1168,8319.88,924
16,1170,8819.69,1004
16,1166,9454.59,1086
16,1169,10217.4,1178
16,1171,10711.4,1259
16,1167,11805.6,1347
16,1170,12506,1419
16,1161,13262.9,1500
16,1172,13946.9,1583
16,1174,14649.9,1668
16,1171,15394.6,1754
16,1166,15960.7,1839
16,1169,16432.8,1912
16,1174,17185.1,1993
16,1173,18138.5,2085
16,1168,18765.9,2166
16,1168,19727.7,2253
16,1168,20276.9,2325
16,1162,20619.2,2394
16,1171,21701.9,2485
16,1165,22139,2561
16,1171,22841.1,2649
16,1172,23433.3,2722
16,1172,24200.5,2811
16,1168,25030.9,2890
16,1169,25788.9,2971
16,1172,26402.4,3053
16,1168,26950.4,3141
16,1169,27961.7,3230
16,1167,28587.3,3309
16,1172,29681.2,3411
16,1173,30725.8,3511
16,1169,31348.9,3584
16,1172,31935.4,3672
16,1176,32648.5,3758
16,1162,33133.6,3829
16,1172,34016.8,3917
16,1170,35153.9,4006
16,1171,35950.5,4097
16,1170,36765.4,4179
16,1169,37512.5,4258
16,1171,38199.4,4339
16,1162,38806.1,4419
16,1166,39558.9,4503
16,1172,40550.2,4599
16,1172,41340.9,4691
16,1168,42241.6,4778
16,1168,42949.2,4867
16,1173,44013.3,4960
16,1166,44299.9,5030
16,1167,44744.5,5112
16,1170,45426.6,5189
16,1166,45790.4,5259
16,1165,46414.1,5338
16,1169,47106.4,5423
16,1167,47789.3,5509
16,1162,48331,5582
16,1172,49262.5,5664
16,1172,49851,5754
16,1169,50187.6,5820
16,1168,50671.4,5896
16,1168,51292.9,5976
16,1162,51727,6052
16,1171,53106.2,6153
16,1160,53589.8,6222
16,1170,54231.4,6313
16,1164,54867.1,6398
16,1168,55634.2,6484
16,1164,55949.7,6551
16,1171,57109.8,6638
16,1164,57727.9,6716
16,1168,58414.2,6802
16,1167,59310.4,6880
16,1169,59901.4,6956
16,1172,60789.6,7045
16,1163,61535.8,7123
16,1172,62167.4,7202
16,1169,62795.6,7281
16,1168,63742.9,7362
16,1178,64861.3,7464
16,1171,65670.9,7551
16,1166,66090.4,7621
16,1155,66634.3,7690
16,1168,67652.1,7784
16,1167,68465.5,7863
16,1164,69089.9,7947
16,1168,69969.3,8036
16,1171,70750.6,8129
16,1167,71511,8218
16,1167,72060.9,8292
16,1172,73401,8393
16,1176,74614.9,8487
16,1161,75295.4,8564
16,1172,76182.1,8650
16,1168,76864.5,8731
16,1177,77618.6,8817
16,1169,78315.6,8901
16,1166,79078.9,8985
16,1173,80448,9088
16,1170,80864,9161
16,1171,81758.9,9251
16,1172,82191.1,9322
16,1173,83088.2,9409
16,1169,83972.6,9501
16,1172,84677,9588
16,1174,85541.9,9678
16,1175,86697.3,9778
16,1171,87542.2,9864
16,1170,87911.5,9944
16,1171,89052.4,10037
16,1170,90089.1,10126
16,1166,90526.5,10205
16,1170,91355.1,10289
16,1165,92042.6,10370
16,1172,92864.1,10462
16,1171,93686.6,10550
16,1173,94573,10642
16,1170,95647.7,10731
16,1170,96596.5,10819
16,1169,97473.5,10904
16,1162,98149.9,10988
16,1176,99121,11083
16,1169,99964.8,11171
16,1166,100541,11246
16,1166,101235,11329
16,1172,102011,11412
16,1168,102772,11493
16,1165,103199,11568
16,1170,103755,11641
16,1172,104726,11730
16,1168,105293,11812
16,1167,105652,11886
16,1169,106391,11964
16,1169,107087,12049
16,1165,107710,12125
16,1182,108763,12230
16,1160,109119,12306
16,1162,109542,12379
16,1163,109972,12459
16,1160,110259,12531
16,1164,111072,12618
16,1167,111717,12699
16,1170,112337,12785
16,1169,113007,12876
16,1169,113879,12960
16,1166,114632,13044
16,1169,115261,13129
16,1175,116088,13221
16,1174,116849,13314
16,1168,117555,13396
16,1173,118447,13482
16,1164,118668,13553
16,1171,119307,13641
16,1163,119789,13715
16,1165,120344,13794
16,1167,120905,13877
16,1168,121808,13970
16,1168,122365,14043
16,1176,123260,14144
16,1170,123965,14227
16,1171,124853,14311
16,1174,125428,14390
16,1172,125928,14481
16,1167,126472,14554
16,1167,127400,14638
16,1171,128358,14728
16,1172,129316,14826
16,1170,130080,14919
16,1174,131044,15008
16,1165,131676,15099
16,1165,132290,15177
16,1179,133057,15272
16,1172,133813,15352
16,1173,134663,15446
16,1174,135480,15532
16,1168,136322,15617
16,1167,136947,15698
16,1171,137525,15784
16,1172,138556,15874
16,1159,138908,15942
16,1168,139632,16021
16,1167,140333,16114
16,1168,140947,16189
16,1165,141780,16275
16,1169,142337,16356
16,1177,143372,16451
16,1168,143608,16530
16,1172,144806,16624
16,1165,145630,16713
16,1173,146322,16792
16,1170,146782,16872
16,1174,147624,16967
16,1178,148850,17064
16,1170,149617,17147
17,1172,757.314,84
17,1171,1698.27,174
17,1171,2396.75,256
17,1167,3088.57,340
17,1174,3798.98,431
17,1166,4492.29,521
17,1169,5389.39,613
17,1173,6005.46,687
17,1168,6884.54,776
17,1169,7827.97,865
17,1169,8327.78,943
17,1165,9013.91,1030
17,1172,9896.71,1113
17,1166,10383.2,1191
17,1169,11199.1,1278
17,1165,11765.2,1360
17,1170,12658.7,1449
17,1174,13162.7,1532
17,1168,14044,1609
17,1165,14611.6,1693
17,1169,15436.9,1771
17,1174,16162.4,1861
17,1168,16989.1,1943
17,1167,17751.6,2022
17,1172,18720,2122
17,1165,19489.7,2204
17,1173,20711.5,2294
17,1170,21490.3,2385
17,1163,22396.5,2467
17,1169,22950.8,2546
17,1167,24222.7,2643
17,1171,25196.1,2736
17,1176,26347.4,2831
17,1164,26827.5,2901
17,1171,27658.4,2984
17,1172,28427.5,3075
17,1165,29083.5,3157
17,1171,29879.2,3247
17,1169,30905.7,3340
17,1173,31611.4,3428
17,1173,32302.7,3511
17,1170,32790.1,3585
17,1167,33400.3,3659
17,1166,33889.7,3737
17,1172,34897.5,3824
17,1172,35989.1,3917
17,1175,37025.9,4005
17,1167,37565.2,4086
17,1166,38330.5,4171
17,1169,39042,4255
17,1176,39825,4340
17,1170,40519,4421
17,1169,41489,4508
17,1165,42113.8,4586
17,1169,43095.8,4677
17,1167,43728.1,4759
17,1171,44628.8,4848
17,1166,45253.3,4923
17,1170,46159.6,5008
17,1166,46992.4,5083
17,1174,47777.8,5169
17,1166,48356.9,5249
17,1175,48798.7,5334
17,1170,49643.3,5425
17,1168,50488.6,5514
17,1167,51205.6,5600
17,1167,51894.3,5679
17,1168,52535.1,5759
17,1169,53302.3,5844
17,1169,54394.2,5938
17,1171,55033.6,6019
17,1170,55929.7,6107
17,1168,56689.3,6187
17,1165,57115.7,6267
17,1175,57480.4,6346
17,1173,58394.1,6440
17,1179,58983.1,6531
17,1167,59812.1,6625
17,1166,60903.5,6713
17,1164,61387.7,6785
17,1173,62021.9,6871
17,1173,62988.9,6959
17,1169,63399,7031
17,1169,64154.1,7110
17,1166,65035,7202
17,1168,65736,7283
17,1176,66736,7379
17,1168,67502.2,7460
17,1171,68072.4,7540
17,1170,68758,7625
17,1173,69549.1,7713
17,1164,70024.4,7788
17,1169,70581.9,7867
17,1168,71036,7950
17,1168,72021.1,8038
17,1167,72391.3,8103
17,1168,73144.9,8193
17,1167,73705.3,8268
17,1170,74253.7,8344
17,1173,75142.4,8439
17,1170,75587.5,8522
17,1168,76008.3,8598
17,1170,76836.1,8682
17,1167,77315.8,8751
17,1170,77954.7,8841
17,1169,78580.7,8919
17,1173,79548.4,9003
17,1172,80311.2,9090
17,1169,80749.7,9165
17,1169,81463.3,9255
17,1166,82236.8,9345
17,1170,82870.1,9425
17,1171,83502.7,9509
17,1167,84091.1,9585
17,1173,84800,9674
17,1173,86042.9,9766
17,1173,86986.3,9859
17,1175,88145.8,9945
17,1171,89188.8,10044
17,1168,90143.2,10124
17,1166,90989.3,10212
17,1167,91783.2,10296
17,1166,92402.1,10367
17,1175,92768.7,10446
17,1173,93724.2,10531
17,1173,94579.7,10623
17,1170,95689.4,10713
17,1175,96202,10801
17,1167,97048.6,10891
17,1170,97985.9,10985
17,1165,98489.6,11059
17,1165,99142.9,11124
17,1165,99830.9,11206
17,1171,100330,11290
17,1174,101232,11386
17,1160,101799,11458
17,1167,102628,11536
17,1177,103486,11629
17,1163,104126,11713
17,1169,105035,11803
17,1175,106158,11895
17,1165,106751,11971
17,1163,107337,12050
17,1172,108114,12141
17,1179,108893,12232
17,1173,109674,12324
17,1170,110695,12411
17,1166,111548,12492
17,1176,112517,12581
17,1173,113287,12666
17,1165,113706,12734
17,1172,114979,12823
17,1171,115894,12913
17,1169,117064,13004
17,1166,117664,13079
17,1163,118416,13163
17,1166,119049,13239
17,1171,120003,13330
17,1177,120726,13418
17,1162,121157,13487
17,1170,121783,13567
17,1168,122438,13651
17,1168,123069,13736
17,1166,124019,13818
17,1172,124801,13906
17,1165,125700,13993
17,1171,126211,14077
17,1171,127296,14165
17,1167,127951,14246
17,1166,128657,14333
17,1171,129283,14419
17,1161,129868,14494
17,1173,130516,14579
17,1161,131207,14658
17,1170,132267,14746
17,1177,132854,14833
17,1169,133549,14917
17,1173,134053,15007
17,1169,134891,15091
17,1165,135576,15163
17,1164,136173,15243
17,1171,136926,15328
17,1166,137424,15407
17,1166,138169,15488
17,1165,138521,15557
17,1164,139081,15633
17,1166,139579,15709
17,1169,140384,15796
17,1177,141405,15883
17,1167,142250,15970
17,1166,143217,16056
17,1174,144298,16138
17,1164,145001,16214
17,1171,145834,16306
17,1169,146611,16394
17,1169,147319,16475
17,1169,147810,16554
17,1171,148908,16650
17,1160,149486,16730
18,1172,927.171,90
18,1174,1862.56,174
18,1164,2288.14,249
18,1165,3002.88,328
18,1167,3650.69,409
18,1169,4238.28,480
18,1171,4947.69,565
18,1169,5405.51,641
18,1163,5970.12,718
18,1168,6687.27,804
18,1170,7478.23,895
18,1164,8116.76,974
18,1173,9423.45,1065
18,1171,10289,1151
18,1171,11326.9,1244
18,1169,11704.1,1326
18,1170,12462.8,1406
18,1173,13169.9,1490
18,1166,13707.3,1572
18,1167,14343,1657
18,1168,14832.5,1727
18,1167,15599.9,1813
18,1170,16498.7,1894
18,1169,17130.8,1968
18,1167,17572.6,2042
18,1167,18207.2,2127
18,1170,19192.4,2215
18,1171,20036.6,2296
18,1169,20666.2,2370
18,1168,21540.9,2467
18,1167,22227.9,2545
18,1165,23072.3,2635
18,1174,24116.3,2731
18,1168,24897.4,2813
18,1166,25703.3,2888
18,1173,26287.5,2967
18,1173,26993.3,3051
18,1169,27563.8,3124
18,1176,28335,3216
18,1167,29099.5,3295
18,1167,29412.4,3372
18,1161,29880.7,3444
18,1168,30787.9,3536
18,1166,31556.2,3614
18,1168,32332.2,3695
18,1168,33178.3,3778
18,1167,33738.1,3856
18,1166,34435.1,3943
18,1174,35082.3,4033
18,1165,35649,4107
18,1167,36078.3,4181
18,1165,36563.3,4256
18,1163,37204.4,4332
18,1177,38235.8,4425
18,1166,38941.4,4513
18,1174,40051.4,4612
18,1170,40952.3,4698
18,1167,41925.6,4787
18,1168,42786.9,4876
18,1162,43555.3,4956
18,1172,44161.1,5038
18,1163,44666.4,5117
18,1170,45443.2,5202
18,1171,46423,5289
18,1174,46880.4,5373
18,1171,47494.6,5457
18,1178,48629.1,5554
18,1170,49125.8,5631
18,1169,49915.6,5712
18,1172,50634.1,5805
18,1169,51149.4,5882
18,1175,51795.2,5973
18,1164,52353.7,6048
18,1174,53125.8,6134
18,1166,54083.4,6220
18,1173,54710.4,6304
18,1166,55606.6,6390
18,1172,56331,6480
18,1161,57105.2,6553
18,1171,57729.6,6639
18,1170,58213,6708
18,1167,58869.7,6802
18,1173,59581.1,6886
18,1160,60062.8,6956
18,1178,60696.6,7045
18,1171,61068.3,7123
18,1172,61969,7213
18,1165,62617.9,7293
18,1178,63410.3,7386
18,1179,63978.6,7471
18,1175,64957,7561
18,1172,65396.8,7640
18,1172,66286.3,7725
18,1165,67067.1,7807
18,1171,67942,7901
18,1173,68501.2,7973
18,1167,69203.4,8044
18,1172,70051.7,8130
18,1174,70979.5,8226
18,1166,71399.7,8297
18,1170,72230.5,8376
18,1170,72994,8458
18,1176,74289,8557
18,1170,75312.5,8646
18,1170,75956.1,8733
18,1159,76498.9,8806
18,1169,77197.2,8889
18,1173,83678.8,8977
18,1162,84024,9037
18,1166,84438.1,9113
18,1173,85251.2,9197
18,1170,86263.2,9286
18,1166,87014.5,9373
18,1168,87638.3,9450
18,1169,88534.8,9544
18,1167,89423.4,9628
18,1168,90443.9,9711
18,1173,90997.5,9788
18,1167,91565.6,9871
18,1172,92481.9,9974
18,1170,93640.5,10068
18,1166,94204,10152
18,1166,94975.9,10236
18,1173,95529.7,10316
18,1166,96221.4,10398
18,1168,96998.7,10481
18,1163,97425.5,10552
18,1174,98334.5,10637
18,1170,99187.9,10726
18,1179,100257,10821
18,1167,100642,10903
18,1167,101210,10983
18,1165,101978,11064
18,1166,102337,11134
18,1159,102827,11207
18,1173,103592,11293
18,1169,104615,11380
18,1167,105246,11463
18,1165,106121,11541
18,1167,106931,11620
18,1167,107740,11691
18,1173,108100,11766
18,1174,108602,11854
18,1167,109150,11929
18,1164,109576,12004
18,1166,110395,12080
18,1169,111115,12162
18,1165,112163,12254
18,1162,112793,12332
18,1170,113361,12412
18,1172,114067,12494
18,1180,115189,12600
18,1167,115555,12683
18,1169,116050,12761
18,1174,116406,12833
18,1170,117156,12921
18,1163,117584,12993
18,1175,118346,13080
18,1165,119292,13158
18,1172,120005,13252
18,1170,120636,13342
18,1169,121490,13433
18,1171,122298,13508
18,1172,123133,13599
18,1163,124032,13684
18,1167,124675,13765
18,1171,125523,13858
18,1163,126350,13933
18,1165,127088,14009
18,1166,127508,14085
18,1163,128199,14166
18,1173,128629,14245
18,1168,129466,14333
18,1172,130161,14419
18,1171,131137,14522
18,1173,132079,14612
18,1171,132913,14697
18,1171,133555,14782
18,1175,134291,14873
18,1160,135038,14950
18,1166,135598,15029
18,1167,136328,15114
18,1167,137161,15195
18,1169,137740,15275
18,1166,138580,15359
18,1169,139209,15442
18,1167,139632,15513
18,1170,140257,15596
18,1168,141019,15679
18,1167,141831,15759
18,1171,142323,15834
18,1166,143268,15927
18,1168,144235,16012
18,1169,145009,16095
18,1168,145723,16177
18,1174,146779,16273
18,1163,147633,16348
18,1170,148405,16434
18,1161,148766,16504
18,1172,149613,16596
19,1169,728.654,79
19,1171,1767.27,171
19,1165,2198.01,251
19,1164,2627.66,326
19,1172,3516.03,412
19,1171,4435.23,515
19,1167,5085.03,601
19,1167,5973.43,687
19,1170,6550.54,769
19,1168,7250.84,857
19,1168,8011.4,930
19,1173,8703.22,1012
19,1163,9261.67,1087
19,1163,10159,1171
19,1167,10586.9,1247
19,1163,11204.7,1326
19,1173,12174.5,1421
19,1169,12633.7,1509
19,1169,13200.2,1592
19,1168,13962,1677
19,1166,14469.9,1760
19,1162,15111.2,1841
19,1163,15742.8,1919
19,1173,16189.1,2008
19,1164,16935.7,2083
19,1172,17671.5,2171
19,1166,18432.2,2252
19,1173,19311.8,2344
19,1166,19888.4,2418
19,1164,20651.5,2494
19,1167,21352.7,2574
19,1170,22118.7,2664
19,1170,22822,2749
19,1172,23664.9,2838
19,1165,24227.4,2914
19,1166,24598.2,2986
19,1169,25485.3,3072
19,1168,26174.1,3149
19,1168,27259.6,3238
19,1172,27967.4,3328
19,1172,28486.6,3414
19,1175,29469.4,3502
19,1163,29900.2,3575
19,1171,30814.7,3669
19,1171,31635.5,3752
19,1169,32331.2,3833
19,1164,33175.3,3909
19,1174,33950.9,3999
19,1173,34720.9,4081
19,1168,35580.5,4169
19,1173,36483.2,4256
19,1168,37404.8,4344
19,1161,37898.4,4419
19,1164,38384.8,4490
19,1179,38908,4580
19,1160,39459,4654
19,1168,39884.6,4726
19,1168,40525.3,4812
19,1168,41424.4,4895
19,1170,42121.9,4976
19,1168,42594.7,5047
19,1166,42960,5126
19,1168,43654.3,5212
19,1168,44537.1,5298
19,1167,45227.1,5373
19,1170,45593,5445
19,1167,46418.4,5525
19,1168,47537.6,5623
19,1169,48163.9,5702
19,1173,49196.5,5794
19,1162,49965.9,5876
19,1165,50466.1,5953
19,1171,51380.3,6044
19,1169,52483.7,6137
19,1174,53326.2,6225
19,1171,54306.3,6304
19,1172,55356.6,6398
19,1174,56127.2,6485
19,1172,57170.7,6575
19,1168,57951.3,6665
19,1171,58661.5,6756
19,1167,59213.2,6839
19,1167,59920.5,6922
19,1173,60827.7,7010
19,1171,61529.1,7096
19,1175,62428.9,7192
19,1169,63320.8,7273
19,1173,64493.5,7370
19,1174,65929.7,7466
19,1173,66983.6,7563
19,1169,67638.3,7644
19,1170,68591.8,7739
19,1168,69922.8,7832
19,1169,70884,7923
19,1163,71967,8012
19,1164,72530.3,8086
19,1171,73153.6,8170
19,1172,74006.8,8260
19,1165,74648.8,8343
19,1175,75229.2,8429
19,1172,75798.1,8505
19,1168,76754.4,8600
19,1171,77589.1,8682
19,1158,77939.7,8746
19,1171,78517.6,8832
19,1167,79496.8,8927
19,1170,80329.4,9012
19,1171,81376.6,9105
19,1170,82074.8,9187
19,1169,82920.1,9275
19,1177,83681.8,9361
19,1171,84301.4,9440
19,1165,85265.2,9523
19,1167,85895.6,9606
19,1168,86461,9683
19,1162,86760.8,9757
19,1166,87259.5,9840
19,1166,87803.3,9912
19,1165,88517,9999
19,1171,89760,10091
19,1170,90600,10178
19,1171,91457.4,10268
19,1167,91955.3,10351
19,1173,92733,10446
19,1169,93297.3,10529
19,1166,93920.4,10604
19,1170,94625.7,10692
19,1171,95128.5,10773
19,1167,95494.3,10850
19,1175,96132.5,10941
19,1171,96904.7,11031
19,1172,97543,11116
19,1171,98245.9,11205
19,1174,99284,11295
19,1168,99860.1,11372
19,1174,100910,11469
19,1161,101871,11554
19,1167,102515,11636
19,1171,103425,11727
19,1162,104038,11801
19,1173,104948,11890
19,1170,105662,11980
19,1170,106488,12069
19,1168,107064,12149
19,1175,107765,12242
19,1166,108391,12318
19,1171,109569,12417
19,1166,110130,12498
19,1174,111364,12600
19,1169,112204,12688
19,1164,112953,12767
19,1174,113534,12857
19,1170,114698,12957
19,1172,115127,13040
19,1171,116012,13125
19,1169,116664,13207
19,1161,117232,13285
19,1164,117919,13358
19,1173,118620,13442
19,1167,119255,13529
19,1170,119680,13601
19,1173,120591,13692
19,1170,121304,13779
19,1170,121931,13859
19,1170,122619,13939
19,1166,123318,14020
19,1178,124493,14120
19,1167,125324,14200
19,1171,126436,14291
19,1167,127202,14380
19,1167,127837,14461
19,1168,128656,14540
19,1165,129548,14622
19,1169,130596,14710
19,1167,131229,14788
19,1169,132408,14881
19,1166,132984,14967
19,1171,133693,15052
19,1168,134193,15136
19,1170,135086,15221
19,1165,135793,15314
19,1169,136690,15403
19,1174,137451,15487
19,1169,137947,15568
19,1163,138170,15636
19,1170,139467,15729
19,1175,140383,15827
19,1164,141079,15900
19,1171,141516,15974
19,1170,142180,16066
19,1178,143015,16149
19,1166,143768,16227
19,1167,144755,16320
19,1162,145731,16408
19,1167,146371,16494
19,1168,147087,16576
19,1173,147659,16654
19,1168,148162,16727
19,1171,149014,16820
19,1176,149789,16903
20,1172,580.266,83
20,1170,1504.37,178
20,1166,2281.77,261
20,1159,2853.43,337
20,1172,3497.94,419
20,1168,3995.91,495
20,1173,5036.15,579
20,1171,5742.19,657
20,1164,6239.24,733
20,1166,6766.14,811
20,1170,7340.53,894
20,1169,8597.38,987
20,1172,9587.61,1079
20,1163,10240.9,1159
20,1168,10756.1,1235
20,1171,11593.5,1324
20,1166,12227.8,1404
20,1170,12808.7,1484
20,1168,13520.2,1563
20,1169,14702,1648
20,1168,15337,1722
20,1168,16248,1805
20,1175,17055.9,1898
20,1166,17903.1,1980
20,1172,18766.2,2071
20,1173,19342.4,2160
20,1167,19779,2238
20,1170,20416.6,2322
20,1167,21196.7,2408
20,1169,21699.8,2489
20,1174,22715.4,2570
20,1172,23385.7,2662
20,1169,24170.9,2747
20,1172,25037.6,2836
20,1168,25409.3,2917
20,1171,26189.5,3006
20,1164,27245.8,3093
20,1171,28234.4,3182
20,1172,29022.5,3271
20,1165,29813.5,3353
20,1171,30380.3,3432
20,1168,31048,3518
20,1176,32030.1,3609
20,1165,32809.9,3694
20,1172,33444.9,3772
20,1162,34149,3854
20,1161,34661.7,3928
20,1170,35443,4011
20,1169,36222.4,4101
20,1166,36946.2,4182
20,1167,37659.5,4267
20,1171,38301.7,4352
20,1174,39431.6,4450
20,1169,40134.3,4527
20,1172,40773.3,4610
20,1168,41423.1,4690
20,1164,42334.8,4772
20,1174,43254.2,4864
20,1167,44038.9,4948
20,1175,45044,5040
20,1168,45672.2,5118
20,1163,46048.6,5197
20,1167,46623.1,5277
20,1167,47478.9,5366
20,1172,48413.5,5457
20,1169,49341.3,5535
20,1174,49944,5629
20,1173,50538.7,5715
20,1174,51449.6,5803
20,1170,52372,5894
20,1172,53098.4,5987
20,1171,53542.5,6071
20,1167,54327.2,6155
20,1170,54918.8,6233
20,1171,55721.7,6326
20,1171,56445.3,6412
20,1162,57288,6494
20,1169,57714.6,6565
20,1166,58223.9,6645
20,1166,58726.4,6721
20,1170,59635.9,6811
20,1168,60413.3,6896
20,1163,61046.2,6967
20,1166,61627,7044
20,1173,62684.3,7130
20,1167,63611.3,7216
20,1174,64256.5,7298
20,1171,65226.7,7383
20,1174,65886.8,7473
20,1170,66809.1,7563
20,1167,67331.3,7651
20,1173,68183,7742
20,1168,69264.5,7832
20,1168,70094.2,7914
20,1160,70958.4,7991
20,1168,71631.6,8075
20,1174,72761.5,8169
20,1166,73424.2,8250
20,1167,74067.3,8331
20,1171,75020.8,8422
20,1174,76064.3,8518
20,1174,76902.8,8610
20,1163,77780,8695
20,1170,78358.8,8778
20,1163,79029.8,8858
20,1169,79466.9,8934
20,1174,80321.7,9024
20,1172,81228.7,9116
20,1165,82366.2,9206
20,1169,82968.9,9292
20,1162,83415,9368
20,1166,84261.2,9452
20,1173,85033.5,9532
20,1168,85693.9,9618
20,1174,86828,9711
20,1168,87413,9786
20,1173,88549.1,9881
20,1169,89624.7,9967
20,1171,90688,10063
20,1176,91767.3,10154
20,1162,92232.6,10221
20,1172,93558.6,10316
20,1165,93908.9,10390
20,1170,94482.2,10461
20,1168,95445.7,10548
20,1176,96918.2,10650
20,1170,97998.8,10741
20,1171,99098.4,10839
20,1165,99744.4,10924
20,1173,100793,11017
20,1170,101771,11102
20,1172,102742,11190
20,1170,103666,11278
20,1173,104987,11375
20,1168,105559,11452
20,1164,105992,11522
20,1168,106423,11597
20,1175,107353,11686
20,1169,107864,11773
20,1177,108861,11864
20,1166,109982,11951
20,1164,110817,12034
20,1165,111666,12115
20,1168,112459,12204
20,1175,113117,12285
20,1170,113898,12368
20,1166,114735,12446
20,1166,115326,12527
20,1172,116244,12615
20,1166,117244,12696
20,1168,117906,12780
20,1170,118673,12859
20,1175,119611,12958
20,1172,120803,13048
20,1168,121868,13140
20,1166,122508,13218
20,1165,123338,13292
20,1166,123996,13372
20,1163,124634,13455
20,1170,125615,13535
20,1168,126134,13619
20,1167,126649,13700
20,1174,127638,13796
20,1169,128687,13883
20,1171,129206,13967
20,1173,129784,14044
20,1176,130631,14134
20,1175,131223,14223
20,1167,132000,14306
20,1168,133051,14392
20,1168,133682,14470
20,1172,134577,14551
20,1175,135774,14648
20,1170,136540,14729
20,1167,137449,14812
20,1170,138786,14918
20,1165,139417,14996
20,1168,139783,15074
20,1164,140633,15160
20,1162,141061,15229
20,1174,141850,15318
20,1170,142848,15410
20,1171,143763,15499
20,1169,144394,15573
20,1162,145175,15656
20,1165,145970,15743
20,1174,146712,15828
20,1182,147686,15926
20,1175,148325,16006
20,1168,149017,16079
20,1169,149809,16162
1,1162,1152.58,82
1,1167,1833.26,165
1,1169,2576.03,257
1,1166,3110.6,325
1,1173,3857.25,415
1,1170,4415.41,508
1,1166,5227.95,592
1,1170,6153.71,676
1,1163,6622.87,750
1,1171,7608.92,841
1,1166,8412.14,926
1,1157,9036.41,996
1,1170,10158.4,1091
1,1164,10776.2,1177
1,1166,11442.2,1250
1,1168,11864.7,1332
1,1168,12599.9,1419
1,1169,13474.5,1505
1,1166,14230.1,1583
1,1166,14985,1670
1,1166,15653.2,1756
1,1164,16316.6,1831
1,1161,17027.4,1902
1,1173,17945.4,1992
1,1173,18636,2080
1,1171,19542.5,2154
1,1169,20403.7,2240
1,1175,21402.9,2333
1,1170,22339.9,2422
1,1173,22966.7,2511
1,1178,23479.6,2607
1,1169,24166.8,2695
1,1165,24628.3,2763
1,1169,25298.9,2850
1,1170,26185.7,2945
1,1169,26846.1,3028
1,1173,27776.8,3125
1,1171,28519.7,3217
1,1171,28866.9,3286
1,1168,29802.8,3379
1,1170,30592.8,3464
1,1161,31328.8,3541
1,1169,31870.6,3622
1,1171,32837.6,3715
1,1167,33655.3,3800
1,1172,34399.5,3888
1,1163,35127.4,3971
1,1171,36189.5,4071
1,1170,36590.5,4143
1,1177,37396,4237
1,1167,38516.5,4334
1,1165,39468.3,4427
1,1168,40204.6,4510
1,1167,41072,4598
1,1169,41611.9,4678
1,1173,42607,4776
1,1173,43535.4,4863
1,1171,44300,4944
1,1169,45030.2,5028
1,1166,45947.4,5111
1,1169,47198.4,5196
1,1173,47806.2,5278
1,1177,48495.1,5365
1,1169,49098.7,5444
1,1170,49699.1,5527
1,1173,50751.5,5619
1,1172,51485.4,5709
1,1166,52227.5,5788
1,1172,52831.2,5868
1,1170,53440.3,5949
1,1169,53979.9,6028
1,1174,54527.2,6113
1,1168,54944.8,6191
1,1172,56070.4,6282
1,1171,56815.2,6370
1,1170,57435.2,6452
1,1174,58239.6,6538
1,1177,59186.6,6634
1,1167,59669.8,6709
1,1164,60464.4,6791
1,1178,61534,6893
1,1170,62287.6,6974
1,1167,63156.9,7061
1,1164,63765.8,7147
1,1177,64496.9,7254
1,1170,65178.6,7338
1,1173,66448.9,7434
1,1172,67311.3,7523
1,1168,67845.2,7595
1,1166,68138.1,7670
1,1167,68932.1,7753
1,1169,69532.1,7836
1,1169,70087,7921
1,1172,70841.2,8005
1,1165,71111.8,8070
1,1173,71840.1,8148
1,1172,72503.7,8229
1,1172,73562.5,8321
1,1169,74242.5,8409
1,1176,75122.9,8500
1,1168,75934.6,8591
1,1170,76541.8,8672
1,1170,77288.8,8766
1,1166,77955.4,8853
1,1175,78957.8,8948
1,1169,79775.7,9025
1,1173,80390.8,9110
1,1172,81266.3,9204
1,1168,82465,9292
1,1164,83126.5,9364
1,1172,83860.6,9444
1,1169,84611.8,9531
1,1172,85558.9,9616
1,1163,86408.6,9698
1,1169,87201.4,9786
1,1177,88201.8,9879
1,1169,89067.7,9966
1,1174,90258,10061
1,1167,90994,10149
1,1172,91356.2,10225
1,1168,92004.6,10305
1,1169,93078.1,10400
1,1156,93365.2,10468
1,1166,93960.4,10542
1,1173,94582,10631
1,1170,95113.1,10710
1,1176,96066.5,10806
1,1167,96721.7,10876
1,1168,97191.3,10951
1,1173,98148.9,11040
1,1166,98896.6,11123
1,1171,99771.3,11207
1,1172,100203,11293
1,1162,100946,11374
1,1165,101619,11451
1,1169,101976,11524
1,1166,102717,11613
1,1166,103004,11683
1,1176,103818,11775
1,1170,104684,11866
1,1167,105545,11950
1,1167,106224,12032
1,1164,106764,12109
1,1167,107503,12189
1,1167,108312,12271
1,1164,108785,12341
1,1176,109411,12423
1,1165,110143,12497
1,1169,110688,12573
1,1175,111639,12667
1,1165,112186,12748
1,1162,112976,12824
1,1172,113587,12910
1,1171,114117,12987
1,1161,114660,13065
1,1173,115711,13155
1,1170,116392,13234
1,1170,116952,13319
1,1171,117311,13388
1,1168,117939,13470
1,1169,118765,13561
1,1171,119645,13649
1,1165,120189,13720
1,1164,120822,13800
1,1170,121509,13879
1,1167,122339,13963
1,1162,122808,14040
1,1169,123545,14127
1,1165,124220,14209
1,1173,124950,14290
1,1170,125424,14366
1,1162,125964,14445
1,1173,126895,14536
1,1169,127187,14610
1,1167,127673,14688
1,1173,128350,14777
1,1167,128918,14858
1,1164,129482,14940
1,1171,130222,15024
1,1169,130979,15114
1,1168,131913,15197
1,1172,132585,15277
1,1169,133278,15357
1,1162,133955,15439
1,1175,134820,15527
1,1174,135689,15616
1,1167,136559,15708
1,1163,137171,15790
1,1170,138305,15888
1,1173,139299,15981
1,1168,140370,16075
1,1170,140922,16156
1,1165,141557,16243
1,1169,142163,16314
1,1172,142790,16406
1,1168,143471,16488
1,1174,144429,16583
1,1161,144838,16656
1,1161,145366,16730
1,1167,145917,16799
1,1180,147265,16906
1,1170,147989,16988
1,1160,148522,17054
1,1163,148865,17125
1,1166,149397,17199
1,1170,150013,17285
2,1169,702.798,89
2,1162,1387.53,166
2,1166,2073.85,252
2,1165,2762.14,335
2,1163,3369.16,406
2,1172,4250.91,497
2,1168,4985.63,572
2,1170,5796.51,663
2,1163,6145.39,731
2,1163,6700.24,808
2,1166,7338.57,892
2,1159,7752.97,962
2,1173,8266,1049
2,1167,9279.7,1146
2,1166,9767.11,1222
2,1173,10722.1,1316
2,1171,11321.6,1394
2,1170,12335.2,1484
2,1173,12999.2,1561
2,1159,13477.1,1630
2,1165,14164.9,1707
2,1173,15038.1,1794
2,1173,15724.9,1883
2,1170,16350.1,1970
2,1164,17015.9,2046
2,1167,17814.1,2129
2,1166,18497.5,2211
2,1170,19103.5,2279
2,1170,19715.9,2360
2,1176,20728.6,2456
2,1172,21162.9,2537
2,1168,21777.9,2627
2,1164,22204.4,2706
2,1164,22611.8,2775
2,1169,23409.3,2862
2,1168,24091.5,2953
2,1171,24965.3,3041
2,1174,25728.2,3127
2,1166,26423,3202
2,1162,26655.9,3269
2,1162,27291.6,3354
2,1163,27655.6,3428
2,1165,28311.3,3520
2,1173,29003.9,3605
2,1171,29884.1,3694
2,1168,30485.9,3779
2,1168,31107.6,3857
2,1163,31867.3,3934
2,1174,32756.4,4021
2,1166,33402.9,4109
2,1170,34015.7,4183
2,1169,34787.4,4269
2,1170,35900.6,4361
2,1164,36611.2,4441
2,1174,37730.6,4535
2,1171,38802.8,4621
2,1162,39290.5,4696
2,1170,40412.1,4790
2,1161,41043.9,4875
2,1164,41525.1,4949
2,1164,42342.9,5023
2,1173,43043.5,5114
2,1161,43555.7,5194
2,1162,44357.8,5273
2,1177,45388.3,5359
2,1172,46479.9,5448
2,1168,47026.5,5522
2,1163,47661.2,5607
2,1167,48345.8,5687
2,1171,49083.9,5767
2,1174,50040.5,5859
2,1166,50652.7,5940
2,1165,51144.2,6016
2,1178,52194.9,6117
2,1167,52834.9,6205
2,1175,53657.5,6298
2,1172,54795.9,6393
2,1169,55281.8,6470
2,1172,56370.6,6563
2,1165,57004.4,6643
2,1176,57968.2,6730
2,1166,58382,6794
2,1166,58998.6,6865
2,1168,59634.5,6953
2,1167,60588.4,7039
2,1175,61823.2,7147
2,1170,62523.7,7228
2,1176,63356.2,7319
2,1165,64045,7403
2,1166,64440.2,7479
2,1169,65083.6,7565
2,1170,66063.5,7654
2,1167,66550.5,7730
2,1167,67316.1,7815
2,1168,67683.7,7892
2,1170,68754.3,7981
2,1169,69396.6,8066
2,1167,69953.1,8146
2,1173,70709.6,8226
2,1170,71447.6,8311
2,1173,72155.7,8401
2,1173,73382.2,8502
2,1168,74107.8,8582
2,1173,74748.1,8665
2,1167,75431.4,8742
2,1169,76015.1,8824
2,1171,76773.5,8900
2,1167,78018.1,8985
2,1170,79367.2,9077
2,1165,80266.8,9157
2,1167,81123.5,9233
2,1175,81798.9,9319
2,1167,82903.2,9406
2,1174,84244.4,9501
2,1172,85628.9,9597
2,1172,86248.3,9679
2,1174,87047.1,9752
2,1163,87766.9,9827
2,1171,88687.4,9915
2,1176,89460.9,9999
2,1175,90820.6,10103
2,1174,91936.5,10193
2,1172,92740.4,10281
2,1176,93652.1,10381
2,1168,94171.9,10460
2,1169,94938.8,10547
2,1169,95881.5,10638
2,1168,96260.5,10709
2,1174,97720.7,10804
2,1165,98345.4,10882
2,1175,99135.2,10971
2,1171,99908.2,11055
2,1168,100624,11137
2,1172,101221,11217
2,1169,102055,11292
2,1169,102775,11374
2,1166,103247,11455
2,1163,103950,11534
2,1169,104868,11630
2,1164,105360,11709
2,1172,105996,11793
2,1172,106704,11881
2,1171,107581,11966
2,1168,108201,12046
2,1166,109136,12136
2,1167,110029,12210
2,1161,110570,12284
2,1166,111268,12365
2,1170,111997,12443
2,1168,112944,12531
2,1175,114089,12626
2,1170,115169,12712
2,1174,116553,12807
2,1172,117296,12896
2,1169,118135,12975
2,1175,118939,13065
2,1174,119759,13152
2,1166,120181,13223
2,1172,120995,13309
2,1170,121618,13391
2,1169,122531,13475
2,1176,123505,13568
2,1169,124471,13647
2,1176,125594,13736
2,1164,126252,13809
2,1159,126832,13882
2,1170,127602,13966
2,1166,128165,14047
2,1168,128732,14124
2,1175,129730,14215
2,1175,131139,14308
2,1166,132102,14381
2,1178,133010,14471
2,1168,133710,14549
2,1176,137834,14650
2,1163,141035,14720
2,1172,142090,14811
2,1165,142584,14891
2,1172,143741,14986
2,1170,143981,15068
2,1175,145202,15162
2,1169,146039,15252
2,1170,146820,15341
2,1162,147233,15407
2,1168,147929,15481
2,1173,148632,15571
2,1161,149252,15649
2,1163,149612,15720
3,1166,693.259,76
3,1172,1586.53,164
3,1178,2568.1,266
3,1170,3336.16,358
3,1169,4231.02,444
3,1169,4798.98,526
3,1162,5099.16,598
3,1170,6329.79,694
3,1171,7157.21,779
3,1166,7778.45,857
3,1166,8339.37,938
3,1167,9047.2,1022
3,1166,9953.29,1105
3,1170,10962.5,1197
3,1168,11188.4,1265
3,1172,12079.9,1357
3,1171,12776.8,1445
3,1175,13676.8,1537
3,1165,14232.2,1609
3,1168,14798.5,1694
3,1169,15493.7,1775
3,1162,16050.1,1848
3,1168,16692.2,1934
3,1173,17584.4,2024
3,1167,18340.2,2105
3,1166,19229.1,2188
3,1168,19914.1,2268
3,1173,21014.7,2360
3,1171,22050.7,2454
3,1169,22760.5,2538
3,1176,23253.1,2618
3,1168,23867,2692
3,1174,24820.8,2784
3,1176,25641.7,2876
3,1171,26613.1,2969
3,1167,27374,3055
3,1169,28328.2,3141
3,1172,29217.1,3230
3,1169,30053.6,3318
3,1165,30872.5,3401
3,1173,31898,3494
3,1171,32583.9,3577
3,1165,33287.4,3661
3,1165,34048.3,3747
3,1173,34875.7,3828
3,1172,35709.2,3915
3,1172,36480.6,4004
3,1169,37512,4099
3,1172,38189.7,4183
3,1173,38894.7,4276
3,1174,39730.5,4370
3,1171,40634.7,4451
3,1171,41721,4542
3,1174,42686.5,4636
3,1166,43290.9,4706
3,1172,44128.5,4795
3,1168,44831,4882
3,1166,45508.5,4960
3,1168,46131.7,5039
3,1174,46836.9,5126
3,1172,47401.6,5205
3,1166,47915.7,5291
3,1173,48613.5,5380
3,1169,49507.3,5468
3,1178,50411.4,5565
3,1167,51040.3,5634
3,1167,51848.2,5717
3,1171,52726.7,5804
3,1162,53139.8,5872
3,1171,53831,5954
3,1167,54334.9,6030
3,1173,55173.8,6131
3,1164,55865.5,6212
3,1166,56621.4,6297
3,1165,57053.1,6375
3,1176,57893,6467
3,1166,58956.7,6555
3,1169,59690.5,6643
3,1172,60648.4,6726
3,1164,61020.7,6801
3,1166,61604.2,6888
3,1168,62344,6961
3,1158,62846.6,7031
3,1164,63363.6,7108
3,1170,63869.7,7188
3,1174,64899.6,7282
3,1163,65704,7359
3,1171,66675.1,7452
3,1171,67240.9,7534
3,1165,67999.4,7617
3,1171,68767.3,7705
3,1169,69582.9,7791
3,1170,70131.7,7870
3,1166,70832,7958
3,1169,71864.3,8054
3,1166,72610,8135
3,1169,73245.5,8218
3,1168,73944.6,8293
3,1171,74448.3,8382
3,1164,75293.1,8469
3,1162,76059.9,8550
3,1168,76614.5,8627
3,1171,77391.2,8715
3,1173,78081.7,8797
3,1168,78757.1,8879
3,1170,79738.4,8974
3,1172,80533.1,9064
3,1171,81223.4,9143
3,1166,81894.4,9218
3,1170,82858.6,9305
3,1170,83216.8,9381
3,1171,84046.1,9468
3,1170,84590.4,9541
3,1173,85531.1,9632
3,1171,86232.2,9719
3,1170,86724.8,9793
3,1169,87611.8,9880
3,1167,88636.8,9971
3,1171,88997,10048
3,1170,89878.4,10131
3,1168,90460.1,10209
3,1167,90874.5,10277
3,1171,91441.3,10360
3,1169,92079.3,10443
3,1166,92968.2,10518
3,1168,93614.2,10600
3,1171,94510.5,10690
3,1164,95073.2,10761
3,1168,95949.4,10844
3,1169,96326.2,10923
3,1178,97284.8,11016
3,1163,97834.9,11089
3,1172,98986.5,11181
3,1173,99814.7,11267
3,1173,100512,11348
3,1172,101137,11427
3,1175,102041,11521
3,1169,102535,11595
3,1168,103298,11686
3,1166,103752,11756
3,1171,104354,11836
3,1168,105080,11914
3,1165,105547,11985
3,1174,106441,12071
3,1168,107132,12150
3,1171,108100,12242
3,1174,108794,12325
3,1175,109817,12407
3,1174,110592,12496
3,1165,111480,12576
3,1160,111971,12647
3,1167,112588,12720
3,1165,113131,12789
3,1174,113624,12866
3,1177,114259,12947
3,1163,115024,13029
3,1164,115520,13098
3,1174,116518,13186
3,1168,117300,13271
3,1168,118013,13358
3,1172,118784,13443
3,1171,119680,13534
3,1174,120462,13627
3,1162,120948,13697
3,1168,121508,13776
3,1172,122414,13863
3,1176,122864,13941
3,1165,123682,14027
3,1168,124182,14112
3,1164,124744,14193
3,1173,125574,14282
3,1173,126411,14373
3,1172,127310,14464
3,1169,128470,14555
3,1167,129370,14642
3,1168,130310,14721
3,1166,131058,14803
3,1168,131685,14884
3,1170,132311,14962
3,1171,133147,15051
3,1165,133677,15133
3,1176,134689,15224
3,1170,135464,15305
3,1171,136358,15394
3,1156,136641,15458
3,1167,137676,15556
3,1170,138706,15649
3,1179,139811,15749
3,1167,141127,15840
3,1169,142220,15926
3,1166,142909,16005
3,1168,143610,16090
3,1169,144416,16171
3,1167,144791,16248
3,1171,145425,16328
3,1173,146198,16413
3,1171,146821,16497
3,1166,147381,16582
3,1163,147815,16656
3,1161,148437,16732
3,1174,149126,16813
3,1173,149968,16909
4,1164,565.57,77
4,1167,1264.67,159
4,1171,2085.85,238
4,1165,2784.28,311
4,1168,3619.83,398
4,1170,4319.77,481
4,1175,5279.28,568
4,1171,5987.74,653
4,1170,6466.23,723
4,1168,7368.51,814
4,1162,7795.3,886
4,1170,8617.21,966
4,1174,9650.54,1059
4,1170,10556.2,1151
4,1165,11647.8,1241
4,1169,12627,1337
4,1165,13375.6,1412
4,1170,14169.4,1502
4,1173,14611.2,1587
4,1170,15435.8,1669
4,1170,16137.5,1752
4,1176,17246.5,1846
4,1172,18083.7,1931
4,1172,18960.8,2027
4,1170,19684.2,2110
4,1168,20244,2194
4,1167,21096.8,2281
4,1171,21644.5,2351
4,1172,22414.8,2437
4,1171,23054,2522
4,1169,23948.1,2613
4,1171,24539.8,2701
4,1172,25620.2,2792
4,1168,26397.6,2881
4,1176,27373.8,2971
4,1169,28228.7,3053
4,1168,28866.7,3132
4,1167,29397.1,3214
4,1168,30174.5,3303
4,1170,31068.3,3383
4,1166,31868.9,3461
4,1169,32628.3,3544
4,1167,33212.1,3618
4,1170,34106.8,3702
4,1168,34953,3786
4,1169,35487.4,3870
4,1171,35988.3,3945
4,1172,36812.8,4038
4,1167,37460.7,4120
4,1170,38347.4,4204
4,1167,39073.2,4292
4,1173,39706.3,4382
4,1168,40201.7,4463
4,1177,41102.5,4553
4,1168,41803.6,4636
4,1167,42245.4,4712
4,1169,43002.2,4798
4,1172,43780.1,4887
4,1169,44490.8,4971
4,1172,45788.8,5078
4,1162,46085.1,5154
4,1166,46594,5237
4,1168,46899.9,5311
4,1173,47730.9,5402
4,1163,48356.1,5481
4,1168,49311.1,5571
4,1166,49937.3,5650
4,1173,50695.1,5732
4,1169,51323.6,5814
4,1164,51958.5,5891
4,1175,53089,5978
4,1175,53912.1,6067
4,1166,54869.8,6156
4,1170,55423.4,6231
4,1169,56169,6311
4,1170,56937.5,6402
4,1160,57352,6472
4,1174,58173.4,6563
4,1172,59204.3,6655
4,1166,59876.8,6731
4,1168,60690.6,6811
4,1166,60977.1,6881
4,1170,61613,6965
4,1165,62251.8,7048
4,1167,62754,7129
4,1174,64102.3,7231
4,1169,64859.5,7313
4,1173,65747.9,7403
4,1168,66382.6,7485
4,1163,67450.9,7572
4,1168,67877,7644
4,1169,68449.4,7734
4,1172,69277.6,7825
4,1167,69719.3,7899
4,1167,70612.6,7987
4,1170,71453,8078
4,1164,71814.4,8152
4,1172,72400.2,8241
4,1162,73284,8322
4,1170,73988.6,8410
4,1171,74738.5,8494
4,1172,75636.9,8583
4,1167,76124,8660
4,1173,76816.1,8742
4,1161,77178.5,8811
4,1173,78062.3,8899
4,1172,78835,8983
4,1163,79640.3,9062
4,1176,80674.8,9158
4,1167,81385.5,9239
4,1170,82068.2,9318
4,1171,82889.3,9406
4,1175,83789.3,9502
4,1168,84489.5,9589
4,1173,85528.1,9680
4,1169,86164.6,9762
4,1164,86789.6,9841
4,1167,87604.8,9921
4,1166,88037,10000
4,1168,88596.9,10075
4,1169,89044.6,10159
4,1171,90000.9,10255
4,1170,90879.7,10340
4,1172,91772.5,10428
4,1174,92792.1,10520
4,1174,93947,10622
4,1167,94692.8,10699
4,1164,95386.1,10781
4,1169,95943.2,10853
4,1172,96511.2,10943
4,1170,97139.6,11021
4,1168,98018.8,11106
4,1179,99026.8,11197
4,1163,99647.9,11274
4,1164,100140,11349
4,1170,101220,11445
4,1165,101725,11529
4,1170,102560,11619
4,1166,103393,11707
4,1167,103887,11786
4,1170,104445,11863
4,1168,105148,11941
4,1172,106169,12039
4,1167,106663,12118
4,1169,107478,12205
4,1167,107962,12277
4,1169,108523,12354
4,1167,109683,12448
4,1170,110386,12534
4,1172,111205,12617
4,1164,111507,12689
4,1170,112064,12773
4,1171,113015,12861
4,1163,113485,12931
4,1170,114309,13016
4,1170,114758,13098
4,1161,115361,13164
4,1174,116389,13250
4,1172,117036,13334
4,1171,117540,13419
4,1174,118196,13513
4,1176,118967,13608
4,1170,119772,13682
4,1167,120647,13765
4,1172,121221,13849
4,1166,121637,13919
4,1171,122327,14001
4,1170,123212,14083
4,1161,123767,14160
4,1168,124453,14240
4,1165,125263,14321
4,1167,125817,14397
4,1174,126520,14490
4,1171,127204,14569
4,1166,128164,14658
4,1172,129049,14747
4,1177,130081,14843
4,1163,130827,14920
4,1177,132043,15012
4,1167,132840,15089
4,1165,133274,15168
4,1166,133941,15242
4,1171,134794,15332
4,1170,135421,15412
4,1172,135974,15487
4,1174,137018,15587
4,1171,137784,15673
4,1170,138488,15763
4,1171,139436,15851
4,1173,140531,15943
4,1167,141319,16037
4,1164,141878,16115
4,1163,142324,16195
4,1169,142793,16274
4,1170,143722,16362
4,1176,144705,16448
4,1166,145128,16518
4,1165,145687,16590
4,1166,146710,16673
4,1174,147759,16769
4,1165,148536,16850
4,1169,149515,16945
5,1167,894.236,89
5,1171,1788.63,169
5,1169,2274.93,241
5,1168,2902.08,319
5,1170,3810.19,413
5,1169,4532.64,503
5,1177,5298.19,584
5,1165,5863.86,659
5,1166,6629.8,747
5,1166,7187.25,827
5,1176,7951.13,919
5,1167,8508.85,994
5,1173,9287.46,1085
5,1173,10078.1,1177
5,1167,10607.6,1257
5,1171,11274.8,1341
5,1174,12338.1,1441
5,1171,12852.2,1526
5,1167,13487.1,1603
5,1173,13971.9,1681
5,1171,14770.5,1766
5,1173,15770.2,1854
5,1170,16821,1940
5,1162,17463.4,2023
5,1173,18225,2109
5,1171,18985.4,2194
5,1166,19674.7,2272
5,1168,20302.1,2350
5,1171,21072,2438
5,1168,22080,2524
5,1166,22916.8,2616
5,1169,23751.1,2716
5,1169,24366.3,2797
5,1165,25095.9,2873
5,1166,25713.4,2949
5,1161,26074.1,3025
5,1174,26902.5,3116
5,1171,27904.9,3208
5,1164,28702.1,3285
5,1171,29256.7,3364
5,1172,30088.6,3456
5,1160,30445.6,3522
5,1168,31144.7,3607
5,1165,31369.6,3671
5,1169,31921.9,3743
5,1168,32631.5,3830
5,1170,33149.6,3916
5,1168,34250,4006
5,1170,34887.1,4083
5,1169,35675.2,4177
5,1168,36447.5,4260
5,1174,37278.1,4351
5,1162,37844.5,4432
5,1167,38632.7,4515
5,1172,39418.3,4611
5,1166,40124.1,4684
5,1166,40969.2,4768
5,1162,41529.2,4840
5,1166,42346.5,4917
5,1169,42923.9,5002
5,1170,43859.2,5095
5,1164,44410.3,5173
5,1176,45309.2,5264
5,1169,45805.7,5347
5,1173,46567.6,5434
5,1170,47135.6,5515
5,1171,47627,5590
5,1173,48204.2,5678
5,1172,49220.5,5768
5,1174,49730.4,5852
5,1177,50629.1,5945
5,1168,51250.9,6026
5,1171,51964.5,6122
5,1170,52583.9,6203
5,1168,53214.9,6291
5,1168,53907.3,6374
5,1174,54687.2,6466
5,1168,55250.5,6546
5,1166,56202.3,6635
5,1167,57421.3,6731
5,1174,58577.1,6830
5,1163,59261.4,6909
5,1176,60348.7,7003
5,1167,60716.8,7076
5,1165,61599.5,7158
5,1171,62248.7,7243
5,1166,62946.2,7329
5,1173,64034.8,7421
5,1162,64460.4,7485
5,1170,65945.5,7593
5,1166,66649,7669
5,1177,67661.5,7764
5,1168,68160.1,7845
5,1168,68869.6,7930
5,1163,69549.2,8007
5,1161,70034.3,8078
5,1164,70779.9,8158
5,1165,71137.5,8230
5,1170,72220,8315
5,1172,73248.6,8414
5,1170,73689,8495
5,1169,74513.4,8574
5,1164,75225.9,8654
5,1175,76250.8,8749
5,1173,76952.9,8832
5,1163,77847.9,8917
5,1174,78857.5,9015
5,1170,79572.3,9100
5,1165,80278.5,9175
5,1165,80667.9,9253
5,1171,81296.7,9335
5,1169,82114.1,9426
5,1168,83002.8,9514
5,1172,83896.8,9605
5,1181,85014.2,9712
5,1165,85602.3,9788
5,1175,86904.4,9881
5,1168,87493.2,9962
5,1170,88434.5,10048
5,1178,89599.8,10153
5,1171,90296.9,10240
5,1172,91123.3,10317
5,1174,92412.9,10416
5,1158,93156.9,10488
5,1167,93978.4,10569
5,1167,94600.1,10647
5,1166,95622.3,10731
5,1171,96480.1,10820
5,1174,97172.4,10910
5,1174,98495.6,11011
5,1169,99466.4,11099
5,1167,100074,11187
5,1167,100767,11272
5,1170,101660,11361
5,1164,102343,11440
5,1169,103022,11518
5,1164,103510,11594
5,1164,104240,11668
5,1172,104962,11758
5,1176,105592,11845
5,1163,106064,11915
5,1174,107148,12014
5,1164,108165,12100
5,1172,109246,12195
5,1172,109962,12285
5,1172,110862,12373
5,1164,111352,12446
5,1171,112316,12540
5,1173,113085,12628
5,1169,113443,12699
5,1172,114204,12786
5,1170,114833,12872
5,1162,115251,12942
5,1174,116334,13033
5,1173,117417,13126
5,1167,117983,13205
5,1175,118719,13293
5,1174,119476,13381
5,1157,119841,13456
5,1170,120775,13545
5,1172,121336,13630
5,1168,122101,13721
5,1169,122783,13800
5,1171,123870,13893
5,1173,124846,13986
5,1169,125266,14060
5,1166,125892,14141
5,1168,126458,14225
5,1167,127160,14307
5,1165,128052,14387
5,1173,128992,14478
5,1170,129953,14568
5,1169,130531,14655
5,1170,131296,14739
5,1172,131943,14822
5,1169,132836,14908
5,1172,133611,14999
5,1170,134627,15091
5,1168,135465,15184
5,1162,136240,15269
5,1168,137114,15357
5,1166,137669,15432
5,1165,138324,15514
5,1176,139707,15617
5,1171,140347,15700
5,1167,141169,15787
5,1166,141705,15854
5,1168,142284,15941
5,1168,142946,16028
5,1167,143588,16114
5,1171,144097,16191
5,1168,144993,16277
5,1168,145812,16367
5,1178,146480,16453
5,1167,147147,16541
5,1173,148269,16633
5,1172,148976,16715
5,1172,149813,16804
6,1161,721.335,72
6,1175,1668.87,161
6,1169,2451.79,243
6,1169,3300.88,323
6,1169,4165.72,411
6,1168,4764.98,489
6,1172,5814.9,577
6,1171,6801.03,674
6,1167,7332.72,757
6,1167,8196.18,847
6,1174,8984.21,935
6,1170,10117.6,1026
6,1170,11115.9,1112
6,1165,11684.4,1187
6,1166,12242.4,1264
6,1166,13064.9,1347
6,1166,13849.6,1421
6,1167,14654.6,1503
6,1171,15415.1,1593
6,1173,16281.1,1675
6,1165,16882.6,1749
6,1169,17300,1827
6,1166,18180.1,1913
6,1171,19209,2009
6,1174,19942.6,2093
6,1159,20422.1,2169
6,1163,21094.4,2252
6,1167,21793.1,2338
6,1167,22474.7,2420
6,1175,23342,2504
6,1169,23903,2591
6,1168,24822.1,2677
6,1168,25672,2760
6,1166,26684.3,2847
6,1164,27598.1,2933
6,1172,28123,3016
6,1170,29081.1,3099
6,1170,29777.5,3180
6,1166,30463.9,3252
6,1170,31432.1,3339
6,1171,31994.8,3420
6,1177,32801.4,3512
6,1173,33899.5,3598
6,1173,35212.3,3695
6,1164,36012.1,3769
6,1165,36767.4,3849
6,1167,37380.2,3929
6,1167,38045.7,4008
6,1169,38661.9,4097
6,1171,39201.8,4180
6,1170,39944.3,4258
6,1167,40628.8,4345
6,1165,40878.7,4418
6,1161,41386.6,4491
6,1163,42148.8,4570
6,1173,42648.8,4647
6,1172,43903.9,4750
6,1165,44308.5,4823
6,1173,45263.7,4921
6,1163,45900.4,5003
6,1175,47199.3,5104
6,1169,48061.7,5193
6,1167,48364.5,5266
6,1171,49034,5353
6,1173,49928.7,5447
6,1170,50727.1,5533
6,1171,51326.6,5615
6,1166,52140.3,5705
6,1170,52425.9,5775
6,1162,52842.5,5854
6,1168,53916.6,5951
6,1173,55166,6043
6,1177,56231.3,6132
6,1170,56928.9,6213
6,1169,57742.3,6303
6,1166,58465.1,6373
6,1172,59164.5,6461
6,1171,59950.5,6550
6,1177,60689.5,6637
6,1179,62050.2,6737
6,1173,62608.2,6824
6,1170,63611.8,6917
6,1171,64372.3,7003
6,1169,64996.1,7088
6,1166,65608.5,7169
6,1168,66281.8,7248
6,1177,67400.2,7339
6,1173,68319.3,7423
6,1165,68861,7500
6,1161,69683.1,7576
6,1166,70367.2,7659
6,1164,71011,7741
6,1175,71581.8,7829
6,1166,72369.8,7914
6,1163,73181,7998
6,1171,74122.4,8091
6,1166,74661.2,8161
6,1176,75397.3,8250
6,1172,76069.7,8331
6,1166,76811.3,8414
6,1168,77304.5,8498
6,1167,77906.8,8574
6,1166,78904,8670
6,1170,79496,8744
6,1165,80171.4,8822
6,1176,81113.6,8912
6,1167,81852.3,8994
6,1171,82533.3,9072
6,1172,83371.3,9153
6,1167,84578.9,9242
6,1167,85173.1,9315
6,1167,85585.7,9396
6,1166,86312,9479
6,1171,87281.2,9566
6,1168,88114.3,9648
6,1164,88884.7,9734
6,1171,90078,9825
6,1171,90978.3,9915
6,1171,91370,9991
6,1171,91880.1,10060
6,1168,92464.9,10136
6,1170,93240.2,10226
6,1165,93722.8,10302
6,1167,94328.5,10384
6,1166,95063.6,10472
6,1167,95736.8,10557
6,1171,96153.6,10639
6,1165,96615.8,10709
6,1175,97745.8,10806
6,1166,98297.5,10889
6,1166,98781.9,10967
6,1171,99445,11048
6,1164,100041,11123
6,1167,100642,11205
6,1175,101635,11305
6,1165,102406,11390
6,1164,103291,11477
6,1171,104032,11566
6,1166,104456,11641
6,1169,105195,11721
6,1167,105817,11804
6,1167,106424,11876
6,1163,107289,11965
6,1170,108082,12049
6,1169,108703,12136
6,1174,109435,12221
6,1168,109839,12290
6,1165,110469,12367
6,1166,111355,12447
6,1174,112093,12528
6,1174,112841,12614
6,1173,113522,12700
6,1168,114206,12783
6,1169,114700,12859
6,1171,115312,12942
6,1174,116292,13038
6,1166,116907,13122
6,1172,117718,13207
6,1167,118157,13290
6,1166,118712,13372
6,1170,119192,13451
6,1167,119854,13524
6,1162,120264,13594
6,1168,120692,13673
6,1169,121564,13765
6,1173,122118,13853
6,1171,122606,13931
6,1169,123347,14019
6,1170,124085,14102
6,1164,124784,14184
6,1166,125319,14254
6,1169,126382,14349
6,1164,127052,14427
6,1171,127856,14505
6,1174,128483,14590
6,1168,129148,14672
6,1168,130016,14755
6,1172,130522,14838
6,1171,131495,14927
6,1166,132548,15016
6,1167,133506,15096
6,1167,133812,15156
6,1163,134624,15232
6,1169,134988,15313
6,1168,135804,15399
6,1177,137026,15501
6,1176,137980,15591
6,1172,138931,15680
6,1167,139625,15769
6,1166,140365,15853
6,1172,140721,15930
6,1170,141421,16021
6,1170,142084,16103
6,1165,142787,16186
6,1166,143216,16257
6,1169,143949,16335
6,1171,144981,16425
6,1170,145664,16519
6,1168,146313,16608
6,1166,146694,16684
6,1170,147966,16774
6,1170,148733,16870
6,1169,149780,16960
7,1175,1011.68,94
7,1166,1658.26,170
7,1178,2570.56,269
7,1175,3346.24,359
7,1168,4064.8,438
7,1171,5060.36,523
7,1175,5883.35,617
7,1168,6597.74,697
7,1166,7368.36,780
7,1169,8298.63,868
7,1178,9216.04,967
7,1176,10536.8,1057
7,1162,11329,1137
7,1167,11720.8,1209
7,1165,12365.3,1290
7,1169,12899.9,1374
7,1172,14000.3,1470
7,1171,14561.8,1552
7,1172,15534.9,1640
7,1166,16466.6,1727
7,1172,17113,1813
7,1167,18085.4,1895
7,1168,18697.7,1967
7,1174,19403.8,2052
7,1171,20059.9,2138
7,1173,21309.3,2238
7,1168,21888.3,2327
7,1166,22242.3,2396
7,1172,23014.5,2486
7,1173,23452.3,2570
7,1166,23939.7,2643
7,1173,24856.9,2731
7,1171,25829.1,2823
7,1171,26410.4,2910
7,1175,27108.9,2998
7,1170,27676.3,3082
7,1166,28307.1,3168
7,1163,28798,3247
7,1167,29566.1,3333
7,1168,30260.5,3426
7,1170,31178.9,3520
7,1167,31744.7,3600
7,1168,32440.8,3685
7,1178,33349.7,3775
7,1172,34260,3861
7,1175,35169.8,3952
7,1173,35759.4,4031
7,1168,36594.2,4109
7,1171,37630.6,4195
7,1174,38355.9,4280
7,1163,38980.4,4353
7,1176,39835.6,4444
7,1169,40766.9,4537
7,1171,41735.3,4629
7,1169,42254.3,4712
7,1174,43129.8,4803
7,1172,44237.1,4892
7,1171,45341.2,4986
7,1167,45980.2,5072
7,1167,46889.3,5160
7,1172,47518.7,5245
7,1173,48163,5337
7,1168,48931.8,5423
7,1168,50034,5518
7,1170,51061.9,5612
7,1175,51746.3,5691
7,1170,52435.1,5766
7,1175,53059.1,5843
7,1177,54031,5935
7,1168,54517.4,6006
7,1172,55219.7,6094
7,1164,56246.8,6172
7,1167,56948.8,6257
7,1159,57497.2,6331
7,1169,58257.3,6412
7,1180,58821,6497
7,1171,59530.4,6586
7,1168,60371.9,6668
7,1169,61254.8,6747
7,1166,62225.5,6837
7,1168,62731.3,6920
7,1169,63630.1,7010
7,1167,64248.5,7085
7,1162,64804.2,7155
7,1168,65555.6,7237
7,1167,66193.9,7314
7,1174,66985.7,7403
7,1171,67811.8,7488
7,1169,68250.1,7565
7,1171,68852.7,7655
7,1166,69419.1,7734
7,1164,69914.3,7803
7,1171,70956.5,7891
7,1168,71860.7,7978
7,1178,73167,8079
7,1167,73999.8,8164
7,1168,74681,8242
7,1167,75195.7,8315
7,1174,76109.9,8411
7,1169,76825.6,8487
7,1169,77515.3,8566
7,1173,78554.8,8657
7,1166,79176.3,8730
7,1177,79892.4,8825
7,1178,81196.5,8925
7,1175,81902.4,9003
7,1169,82721,9088
7,1176,83781.8,9185
7,1168,84476.9,9263
7,1173,85450.6,9356
7,1167,86146.9,9434
7,1168,86594.5,9521
7,1172,87164.1,9601
7,1174,87934,9690
7,1173,88828.3,9775
7,1175,89745.5,9869
7,1170,90364.3,9942
7,1167,91132.8,10032
7,1174,92295,10136
7,1169,93347.8,10224
7,1164,94461.5,10308
7,1168,95227.4,10396
7,1181,96762.3,10499
7,1171,97712.5,10584
7,1170,98655.1,10674
7,1170,99087.8,10746
7,1174,99800.7,10835
7,1171,100839,10917
7,1168,101705,11004
7,1172,102408,11102
7,1172,103114,11183
7,1171,104017,11272
7,1170,104645,11354
7,1172,105146,11430
7,1169,105716,11513
7,1165,105970,11583
7,1165,106857,11665
7,1171,107725,11761
7,1168,108692,11842
7,1167,109410,11916
7,1170,110460,12014
7,1170,111221,12096
7,1170,111588,12171
7,1167,112216,12252
7,1165,112644,12329
7,1176,113529,12409
7,1174,114365,12500
7,1168,115000,12572
7,1170,115846,12658
7,1163,116414,12735
7,1169,117143,12816
7,1165,118189,12899
7,1168,119054,12983
7,1172,119980,13076
7,1166,121070,13160
7,1169,121899,13241
7,1171,122320,13320
7,1175,123081,13414
7,1173,123866,13508
7,1168,124385,13598
7,1181,125967,13715
7,1169,126745,13797
7,1169,127564,13877
7,1170,128582,13969
7,1166,129132,14038
7,1169,129688,14112
7,1177,131076,14217
7,1167,131904,14302
7,1163,132330,14374
7,1167,132881,14448
7,1176,133655,14528
7,1173,134435,14620
7,1167,135063,14702
7,1172,135504,14787
7,1173,136483,14881
7,1169,136911,14955
7,1169,137679,15040
7,1168,138205,15115
7,1168,138909,15201
7,1165,139344,15281
7,1172,140040,15367
7,1168,140829,15457
7,1164,141727,15541
7,1166,142527,15623
7,1164,143169,15710
7,1170,144163,15798
7,1162,144903,15877
7,1167,145665,15955
7,1164,146465,16037
7,1173,147352,16134
7,1171,148050,16213
7,1161,148472,16282
7,1168,148987,16363
7,1168,149566,16450
8,1167,835.063,82
8,1166,1794.43,168
8,1162,2020.14,240
8,1173,2990.92,324
8,1169,3899.56,415
8,1169,4872.77,501
8,1168,5633.69,582
8,1166,5937.86,657
8,1175,6630.57,741
8,1166,7180.58,811
8,1177,8291.73,903
8,1174,9062.83,989
8,1165,9801.11,1063
8,1169,10303.5,1145
8,1168,11128.2,1224
8,1169,12147,1312
8,1175,13116.5,1411
8,1167,13963.9,1497
8,1173,14671.2,1588
8,1171,15555.3,1675
8,1164,16112,1748
8,1169,16810.1,1831
8,1174,17578.2,1918
8,1172,18513,2013
8,1173,19610.5,2103
8,1170,20253.4,2190
8,1170,21079.7,2273
8,1170,21909.9,2347
8,1171,22746.7,2441
8,1171,23582,2522
8,1173,24206.6,2603
8,1169,25170.6,2687
8,1172,26002.4,2774
8,1167,26692.8,2852
8,1167,27133,2930
8,1166,27907.9,3014
8,1170,28657.8,3098
8,1170,29567,3186
8,1168,30100.3,3264
8,1168,31140.9,3355
8,1169,32047.4,3437
8,1168,32808.9,3516
8,1166,33510.3,3596
8,1173,34136.1,3669
8,1164,34856.6,3761
8,1167,35553.1,3840
8,1170,36211,3927
8,1166,36860,4003
8,1165,37286.2,4078
8,1172,38136.6,4169
8,1172,38699.3,4255
8,1174,39602,4343
8,1166,40065,4425
8,1167,40582.9,4497
8,1167,41175.3,4588
8,1167,41672.7,4660
8,1168,42233.6,4737
8,1163,43201.5,4817
8,1170,43973.8,4908
8,1168,44743.8,4992
8,1172,45665.8,5085
8,1169,46705.4,5165
8,1170,47534.7,5247
8,1169,48381,5336
8,1171,49480.5,5430
8,1167,50209.4,5522
8,1165,50899.9,5600
8,1163,51620.2,5687
8,1163,52454.9,5767
8,1162,52815.5,5839
8,1165,53630.6,5916
8,1169,54469.3,6000
8,1174,55337.8,6088
8,1174,56105.2,6174
8,1176,57086.8,6264
8,1163,57589.4,6341
8,1172,58379.4,6433
8,1167,59008.6,6508
8,1172,59840.2,6595
8,1169,60460.2,6676
8,1169,61022.2,6756
8,1176,61925,6850
8,1170,62852.4,6939
8,1168,63904.5,7027
8,1172,64749.9,7115
8,1171,65990.3,7214
8,1176,66835.2,7307
8,1177,67615.9,7396
8,1177,68545.4,7500
8,1169,69246.7,7581
8,1173,70139.3,7666
8,1169,71105.4,7756
8,1166,71592.5,7829
8,1174,72301.9,7916
8,1162,72863.3,7989
8,1175,73364.6,8070
8,1170,74248.8,8155
8,1171,75413.1,8253
8,1170,76315.7,8342
8,1173,76907.3,8424
8,1169,77407.4,8499
8,1172,78140.9,8585
8,1179,79345.2,8677
8,1170,80547.9,8772
8,1173,81264.3,8859
8,1169,82314.3,8945
8,1164,83016,9018
8,1164,83863.4,9098
8,1170,84563.6,9187
8,1173,85290.2,9270
8,1166,86071.4,9354
8,1162,86603.9,9422
8,1166,87628.3,9512
8,1167,88614.3,9599
8,1163,89029.6,9669
8,1163,89758.8,9752
8,1171,90358.3,9834
8,1170,90819.4,9916
8,1173,91861.8,10003
8,1166,92469,10086
8,1166,93115.3,10167
8,1172,93959.1,10250
8,1171,94498.2,10336
8,1170,95079.2,10422
8,1171,95727.6,10507
8,1167,96466.5,10580
8,1171,97007,10662
8,1170,97860.2,10753
8,1171,98578.9,10843
8,1173,99758.2,10939
8,1168,100548,11023
8,1171,101691,11119
8,1172,102467,11202
8,1167,102920,11280
8,1171,103675,11355
8,1176,104408,11450
8,1171,105315,11539
8,1165,105948,11612
8,1169,106384,11693
8,1177,107299,11789
8,1171,108016,11869
8,1173,109072,11960
8,1169,110000,12051
8,1165,110492,12120
8,1165,111254,12204
8,1167,111679,12279
8,1168,112721,12368
8,1167,113162,12450
8,1169,114056,12537
8,1162,114626,12615
8,1169,115720,12703
8,1166,116422,12782
8,1175,117727,12883
8,1171,118373,12966
8,1170,119409,13057
8,1171,120187,13141
8,1165,120610,13211
8,1166,121439,13290
8,1166,122075,13370
8,1171,122924,13461
8,1162,123626,13539
8,1179,124476,13634
8,1165,125420,13713
8,1171,125925,13795
8,1168,126443,13879
8,1169,127218,13961
8,1168,127922,14041
8,1169,128613,14116
8,1169,128998,14199
8,1169,129780,14288
8,1174,130677,14375
8,1164,131319,14457
8,1169,132355,14548
8,1170,132798,14629
8,1173,133568,14715
8,1171,134348,14804
8,1168,134980,14880
8,1168,135681,14962
8,1165,136038,15033
8,1167,136677,15113
8,1166,137365,15192
8,1167,137936,15271
8,1164,138365,15345
8,1174,139337,15439
8,1166,140155,15523
8,1172,141438,15613
8,1166,142224,15709
8,1162,142528,15786
8,1165,143092,15869
8,1173,143806,15962
8,1164,144153,16026
8,1155,144639,16097
8,1165,145275,16176
8,1175,145928,16268
8,1173,146842,16365
8,1177,147675,16454
8,1170,148835,16545
8,1167,149458,16624
8,1158,149877,16696
9,1168,948.191,88
9,1174,2008.05,187
9,1168,2705.24,270
9,1169,3191.5,349
9,1171,3442.02,428
9,1167,3892.75,512
9,1168,4598.04,593
9,1167,5356.15,677
9,1170,6135.79,764
9,1175,6785.64,852
9,1168,7284.38,930
9,1172,8128.59,1018
9,1171,8566.66,1100
9,1164,9129.71,1178
9,1167,9779.76,1273
9,1170,10634.9,1371
9,1175,11281.5,1455
9,1162,11998.8,1541
9,1174,12925.1,1638
9,1170,13485.5,1713
9,1167,14466.1,1801
9,1166,15148,1876
9,1176,16194.6,1974
9,1163,16612.4,2048
9,1166,17027.5,2119
9,1171,17576.6,2199
9,1168,18019.6,2283
9,1163,18775.4,2364
9,1170,19881.8,2459
9,1163,20693.1,2529
9,1170,21452.4,2612
9,1173,21897.1,2691
9,1168,22653.7,2779
9,1164,23546.4,2864
9,1167,24324.1,2955
9,1164,24892.7,3032
9,1168,25473.5,3114
9,1170,26315.2,3201
9,1168,26819.6,3282
9,1170,27506.1,3361
9,1167,28130.5,3434
9,1174,29084.3,3519
9,1167,29712.5,3600
9,1176,30815.3,3695
9,1168,31795.3,3783
9,1172,32363.3,3870
9,1162,32853.3,3940
9,1169,33696.2,4033
9,1155,34182.9,4107
9,1164,34688.4,4190
9,1167,35516.6,4282
9,1170,36545.6,4374
9,1178,37653.1,4467
9,1170,38545.6,4548
9,1166,39462.9,4642
9,1165,40242.7,4728
9,1165,40739.4,4806
9,1172,41450,4893
9,1176,42277.3,4980
9,1164,42964,5061
9,1171,43805.9,5148
9,1166,44390.5,5234
9,1167,45143,5310
9,1166,45705,5386
9,1171,46401.5,5473
9,1171,47292.2,5558
9,1170,48138.2,5644
9,1166,48775.6,5725
9,1170,49492.4,5819
9,1174,50481.4,5919
9,1170,51052.4,6003
9,1170,51542.6,6072
9,1173,52701.5,6166
9,1172,53474.6,6255
9,1166,54514.4,6343
9,1166,54948.5,6416
9,1169,55653.7,6502
9,1165,56282.6,6584
9,1167,56773.2,6662
9,1168,57800.4,6749
9,1168,58440.9,6835
9,1164,58665.5,6905
9,1167,59429.2,6989
9,1171,60467.4,7076
9,1164,60951.1,7138
9,1167,61656.8,7232
9,1169,62517.2,7321
9,1168,63086.8,7398
9,1164,63571.5,7468
9,1165,64228.3,7548
9,1167,64816.4,7633
9,1167,65445.2,7708
9,1171,65941,7790
9,1170,66374.2,7862
9,1175,67484.1,7950
9,1179,68608,8049
9,1173,69460.9,8137
9,1168,70168.3,8219
9,1176,71083.7,8308
9,1174,71712,8399
9,1169,72755.4,8486
9,1174,73631.8,8574
9,1168,74521.8,8656
9,1168,75435.9,8742
9,1164,76428.5,8826
9,1169,77001.3,8907
9,1166,77659.1,8997
9,1166,78374.9,9086
9,1176,79854.8,9190
9,1164,80748.9,9275
9,1170,81458.5,9359
9,1160,82318.7,9436
9,1164,82829,9514
9,1171,83777.8,9597
9,1167,84196.8,9676
9,1168,84848.7,9759
9,1173,86121.7,9856
9,1167,86891.7,9932
9,1176,87998.7,10029
9,1170,89104.1,10123
9,1167,89604.1,10200
9,1170,90043.6,10279
9,1168,91134.8,10365
9,1175,92111,10461
9,1170,92800.2,10541
9,1169,93294.9,10614
9,1167,94074.1,10699
9,1166,94702.7,10780
9,1171,95435.9,10867
9,1174,96321.6,10958
9,1173,97229.5,11041
9,1172,97823.8,11118
9,1174,98673,11208
9,1165,99238.5,11281
9,1167,100015,11375
9,1165,100777,11456
9,1168,101428,11538
9,1174,102615,11637
9,1171,103793,11732
9,1158,104489,11811
9,1173,105217,11901
9,1177,105944,11993
9,1166,106905,12075
9,1172,107482,12161
9,1161,107984,12237
9,1177,108965,12335
9,1173,109864,12423
9,1170,110430,12501
9,1165,111311,12575
9,1169,111816,12649
9,1170,112379,12728
9,1172,113157,12819
9,1169,114007,12897
9,1177,114954,12986
9,1170,115722,13071
9,1175,116684,13159
9,1175,117596,13252
9,1168,117961,13327
9,1174,118870,13416
9,1172,119688,13504
9,1169,120314,13584
9,1169,121078,13662
9,1171,121641,13740
9,1172,122389,13821
9,1167,123157,13904
9,1169,123929,13986
9,1169,124630,14064
9,1163,125450,14143
9,1171,126528,14239
9,1177,127545,14333
9,1165,128405,14412
9,1164,129280,14491
9,1165,130030,14573
9,1175,130465,14651
9,1171,131642,14742
9,1173,132780,14834
9,1164,133414,14922
9,1173,133716,15004
9,1164,134614,15090
9,1165,135436,15178
9,1168,136054,15250
9,1178,136773,15343
9,1174,137626,15431
9,1179,138688,15532
9,1167,139654,15618
9,1170,140379,15702
9,1173,141299,15797
9,1176,142154,15886
9,1159,142647,15956
9,1168,143555,16048
9,1167,144055,16120
9,1163,144748,16195
9,1171,145632,16289
9,1168,146528,16372
9,1171,147372,16461
9,1180,148083,16555
9,1174,148732,16644
10,1167,968.351,84
10,1170,1768.75,169
10,1173,2313.65,253
10,1174,2939.64,340
10,1166,3781.24,423
10,1172,4840.11,511
10,1172,5947.68,601
10,1166,6845.45,694
10,1174,7357.17,775
10,1165,8008.1,863
10,1165,8571.97,937
10,1170,9280.61,1013
10,1168,9867.55,1092
10,1167,10420.4,1169
10,1174,11332.8,1261
10,1171,11958.2,1346
10,1175,12791.1,1434
10,1168,13258.7,1510
10,1170,14193.3,1597
10,1176,15051,1686
10,1175,16120,1779
10,1166,16736,1853
10,1173,17779.2,1946
10,1180,18523,2037
10,1166,19168.5,2117
10,1174,20162.5,2216
10,1173,21130.2,2310
10,1165,21823.1,2385
10,1169,22397.5,2468
10,1167,23182.2,2555
10,1166,24099.3,2644
10,1168,24790.6,2728
10,1175,25567,2815
10,1179,26642.7,2910
10,1170,27728.7,3009
10,1168,28484.6,3102
10,1169,29135.3,3183
10,1168,29927.9,3270
10,1172,30807.4,3362
10,1167,31695.3,3441
10,1173,32390.9,3519
10,1163,32923.7,3592
10,1168,33681.8,3678
10,1171,34339.2,3766
10,1163,34899.9,3838
10,1169,36023.6,3931
10,1163,36730,4010
10,1176,37766.8,4096
10,1179,39167.3,4197
10,1162,39735.3,4270
10,1166,40413.6,4340
10,1168,41196.1,4424
10,1172,41902.7,4506
10,1173,42754.4,4595
10,1169,43862.1,4685
10,1172,44557.3,4763
10,1167,45075.8,4849
10,1173,45701.7,4928
10,1163,46256.6,5004
10,1171,47234.7,5093
10,1177,48009.9,5181
10,1168,48714.9,5264
10,1172,49482.3,5346
10,1166,50140.2,5433
10,1158,50494.9,5502
10,1174,51287.6,5603
10,1169,52102.4,5685
10,1172,53509.5,5780
10,1169,54478.4,5865
10,1168,55508,5951
10,1172,56151.8,6034
10,1166,56850.3,6111
10,1172,57516.7,6205
10,1171,58394.8,6294
10,1177,59855.3,6403
10,1169,60585.6,6488
10,1171,61384.8,6577
10,1165,61826,6645
10,1171,62336.2,6721
10,1172,63043.7,6802
10,1174,63621.4,6881
10,1169,64067.8,6960
10,1173,64846.4,7047
10,1177,65233.8,7124
10,1166,65855.9,7194
10,1170,66703,7280
10,1172,67548.2,7363
10,1168,68008.2,7449
10,1170,68931.7,7535
10,1170,69577.6,7612
10,1171,70361.2,7692
10,1166,70660.3,7762
10,1171,71662.7,7853
10,1169,72494.2,7933
10,1167,73606.4,8020
10,1162,74251,8097
10,1167,75088.8,8179
10,1174,75654.8,8261
10,1167,76289.1,8339
10,1167,77001.2,8421
10,1166,77837.2,8502
10,1177,78771,8596
10,1164,79601.1,8674
10,1176,80644.7,8773
10,1171,81398.1,8852
10,1164,81837.9,8925
10,1167,82277.8,9010
10,1177,82997.2,9102
10,1175,84014.4,9197
10,1167,84404.5,9276
10,1175,85072.1,9361
10,1166,85643,9450
10,1169,86471,9527
10,1165,87481.7,9601
10,1169,88485.6,9689
10,1167,89596.8,9775
10,1162,90092.5,9848
10,1172,90965.3,9934
10,1177,92005.7,10032
10,1169,92487.4,10115
10,1172,93049.8,10196
10,1172,93675.7,10280
10,1171,94784,10374
10,1176,95969.4,10472
10,1168,96660.7,10552
10,1166,97325,10639
10,1168,98156.1,10724
10,1164,99073.3,10818
10,1172,99871.2,10905
10,1166,100919,10998
10,1170,101759,11083
10,1172,102876,11179
10,1162,103580,11267
10,1174,104356,11353
10,1170,105262,11431
10,1165,105431,11502
10,1177,106544,11597
10,1174,107383,11680
10,1167,108072,11757
10,1176,108982,11854
10,1161,109468,11927
10,1168,110452,12011
10,1175,111354,12101
10,1171,111936,12178
10,1166,112696,12258
10,1169,113610,12348
10,1171,114665,12436
10,1169,115659,12533
10,1171,116574,12624
10,1171,117075,12698
10,1164,117566,12773
10,1166,118210,12857
10,1167,119038,12935
10,1173,120155,13039
10,1169,120936,13124
10,1173,122246,13217
10,1165,122548,13289
10,1166,123132,13367
10,1172,123838,13454
10,1163,124463,13524
10,1172,125229,13615
10,1164,126132,13706
10,1172,126851,13787
10,1175,127755,13867
10,1172,128948,13962
10,1173,129792,14051
10,1164,130560,14135
10,1166,131332,14216
10,1161,131816,14286
10,1162,132516,14367
10,1170,133284,14451
10,1164,133872,14531
10,1171,134444,14615
10,1173,135422,14704
10,1170,136137,14793
10,1164,136905,14876
10,1167,137686,14961
10,1174,138387,15051
10,1170,138957,15130
10,1164,139509,15202
10,1173,140485,15293
10,1170,141503,15377
10,1169,142055,15452
10,1164,142693,15531
10,1171,143408,15617
10,1166,143919,15697
10,1169,144488,15775
10,1173,145417,15870
10,1170,146260,15947
10,1166,147104,16039
10,1172,147868,16122
10,1170,148767,16200
10,1170,149677,16287
11,1167,786.739,87
11,1171,1811.34,177
11,1169,2513.19,264
11,1169,3400.66,355
11,1174,4028.92,444
11,1166,4736.16,537
11,1168,5355.65,619
11,1163,5824.98,691
11,1170,7168.03,796
11,1172,7990.16,894
11,1179,9085.9,988
11,1167,10169.6,1084
11,1166,10786.9,1159
11,1163,11345.9,1243
11,1173,11954.7,1323
11,1171,12971.4,1409
11,1160,13803.1,1492
11,1171,14564.8,1576
11,1169,15332,1663
11,1172,16136.4,1744
11,1170,16547.8,1819
11,1169,17231.5,1899
11,1167,17783.9,1977
11,1169,18598.5,2062
11,1170,19142.9,2139
11,1170,19894.1,2232
11,1163,20635.7,2306
11,1169,21716.8,2391
11,1175,22549.9,2486
11,1175,23368.1,2573
11,1172,24126.3,2657
11,1167,24939.9,2743
11,1169,25419.2,2819
11,1166,25980.8,2903
11,1172,26479.5,2985
11,1175,27365.7,3076
11,1161,27962.8,3149
11,1162,28516.4,3229
11,1162,29198.2,3305
11,1167,29876.7,3383
11,1171,30568.4,3471
11,1171,31239.9,3554
11,1162,31790.4,3632
11,1170,32273.3,3709
11,1171,32762.9,3789
11,1162,33246.6,3858
11,1172,34258.5,3941
11,1177,34881.9,4029
11,1169,35825.1,4127
11,1170,36445.5,4210
11,1165,36857.1,4279
11,1170,37548.9,4368
11,1167,38100.8,4446
11,1172,39173.8,4539
11,1169,39716.5,4615
11,1173,40555.2,4714
11,1174,41704.8,4801
11,1175,42651.7,4892
11,1171,43665.7,4978
11,1173,44547.7,5070
11,1166,45211.5,5147
11,1171,46012.3,5229
11,1168,47154,5322
11,1173,48036.9,5417
11,1171,48634.9,5490
11,1176,49637.7,5584
11,1171,50713.9,5672
11,1163,51086.8,5753
11,1168,51918.4,5844
11,1170,52742.3,5934
11,1177,53895.2,6032
11,1172,61543,6117
11,1167,62496.5,6205
11,1173,63689.4,6297
11,1162,64364.5,6376
11,1171,65228.9,6461
11,1169,65639.5,6536
11,1166,66120.4,6617
11,1181,67386.9,6718
11,1169,68528,6812
11,1170,69352.3,6908
11,1165,69835.3,6984
11,1163,70254.2,7062
11,1171,70862.9,7139
11,1178,71748.7,7234
11,1174,72363.9,7323
11,1174,73111.2,7413
11,1172,73737.5,7497
11,1172,74302.8,7588
11,1166,75310.6,7683
11,1175,76208.2,7782
11,1171,77220.3,7872
11,1171,77770.4,7949
11,1170,78202.5,8033
11,1177,79428.2,8141
11,1166,80240.2,8230
11,1170,81049.3,8317
11,1168,81590.5,8390
11,1173,82271.4,8479
11,1165,83007,8556
11,1177,83819.7,8652
11,1170,84818.9,8734
11,1167,85307.1,8818
11,1165,85855.9,8900
11,1173,86607.9,8990
11,1171,87892.6,9095
11,1174,88630.6,9174
11,1176,89058.2,9255
11,1166,89674.1,9333
11,1161,90025.9,9409
11,1166,90369.4,9483
11,1164,90900,9555
11,1166,91642.3,9634
11,1163,92324.9,9719
11,1171,93120.6,9796
11,1171,93934.3,9887
11,1173,94621.6,9974
11,1172,95492.4,10065
11,1168,96380.4,10159
11,1172,97125.6,10245
11,1173,98079,10342
11,1170,98683.2,10417
11,1168,99287.4,10494
11,1167,100161,10578
11,1168,101175,10666
11,1179,102507,10776
11,1176,103580,10874
11,1168,104451,10958
11,1166,105271,11039
11,1171,106013,11120
11,1173,106636,11204
11,1172,107444,11288
11,1169,108393,11387
11,1169,108956,11472
11,1173,109844,11560
11,1172,110967,11650
11,1157,111315,11727
11,1169,111918,11803
11,1173,112787,11893
11,1168,113463,11977
11,1164,113951,12054
11,1169,114689,12134
11,1171,115568,12216
11,1165,116038,12287
11,1172,116855,12380
11,1166,117401,12461
11,1168,118016,12542
11,1166,118626,12623
11,1177,119621,12713
11,1173,120449,12804
11,1166,120935,12887
11,1176,121808,12978
11,1171,122698,13071
11,1165,123636,13162
11,1166,124180,13239
11,1168,124807,13332
11,1168,125342,13409
11,1173,126345,13499
11,1174,127486,13601
11,1173,128105,13692
11,1167,128649,13770
11,1171,129321,13851
11,1171,130656,13946
11,1168,131416,14035
11,1168,132350,14120
11,1168,132962,14205
11,1164,133507,14283
11,1174,134054,14366
11,1178,134935,14464
11,1163,135617,14549
11,1172,136506,14647
11,1165,136978,14716
11,1168,137974,14797
11,1171,138532,14877
11,1164,139196,14954
11,1167,139947,15042
11,1168,140624,15124
11,1166,141448,15208
11,1172,142201,15293
11,1164,142608,15365
11,1168,143477,15452
11,1171,144164,15540
11,1168,144521,15615
11,1173,145740,15721
11,1171,146429,15808
11,1173,147837,15905
11,1170,148646,15994
11,1170,149315,16071
12,1169,686.322,85
12,1167,1417.2,161
12,1170,1907.12,236
12,1165,2532.23,323
12,1173,3484.72,420
12,1163,4024.28,498
12,1171,4970.77,594
12,1170,5787.06,679
12,1168,6329,752
12,1172,7291.2,844
12,1173,8378.4,941
12,1176,9223.37,1039
12,1171,9898.65,1120
12,1171,10650.8,1208
12,1174,11078.2,1289
12,1164,11624.9,1366
12,1166,12110.7,1445
12,1176,13335.8,1552
12,1172,14158.8,1637
12,1168,14779.7,1717
12,1165,15390.3,1790
12,1172,16142.6,1877
12,1174,17087.2,1974
12,1170,17499.2,2049
12,1166,18425.3,2132
12,1167,18905.7,2207
12,1166,19765.6,2289
12,1174,21076.4,2392
12,1173,21838.1,2480
12,1172,22547.3,2564
12,1167,23186.1,2644
12,1172,23980.8,2738
12,1170,24674.7,2814
12,1177,25660.6,2908
12,1170,26436.2,2995
12,1170,27461.5,3093
12,1175,28089.1,3179
12,1171,29092.9,3279
12,1174,29771.1,3363
12,1171,30388.7,3447
12,1164,31058.4,3525
12,1171,31617,3610
12,1172,32229.6,3692
12,1165,32725.3,3770
12,1167,33151.3,3844
12,1174,34322.5,3944
12,1175,35171.7,4039
12,1173,36244.1,4132
12,1172,37078.2,4219
12,1166,37981.7,4310
12,1171,38682.3,4390
12,1166,39622.6,4471
12,1170,40189.1,4552
12,1169,41074.4,4640
12,1169,41891.6,4727
12,1170,42764.8,4812
12,1168,43322.3,4889
12,1174,43906.6,4981
12,1164,44375.4,5053
12,1172,44922.6,5130
12,1165,45527.4,5212
12,1170,45965.1,5292
12,1169,46656.3,5371
12,1170,47756.5,5455
12,1169,48317.4,5533
12,1169,49213,5621
12,1172,50154.7,5709
12,1164,50682.2,5779
12,1164,51236.8,5861
12,1174,52188.2,5951
12,1172,53150,6044
12,1176,54096.5,6138
12,1162,54602.7,6213
12,1171,55353.4,6294
12,1169,56119.7,6386
12,1170,57077.7,6475
12,1174,57942.8,6559
12,1164,58961.8,6647
12,1172,59590.9,6729
12,1167,60169.2,6801
12,1178,61045.7,6899
12,1172,62236.2,6996
12,1168,62915.8,7073
12,1166,63425.3,7142
12,1164,63921.8,7221
12,1163,64425.9,7292
12,1170,65380.4,7378
12,1171,66286.9,7466
12,1166,66766.5,7537
12,1163,67371.7,7611
12,1170,68003,7691
12,1163,68445.7,7765
12,1167,69081.6,7850
12,1170,70094.4,7939
12,1161,70462.8,8005
12,1173,71285.6,8092
12,1173,72324.4,8190
12,1168,72760.1,8263
12,1169,73573.8,8352
12,1168,74153.6,8437
12,1162,74724.9,8510
12,1172,75544.4,8594
12,1159,76326.8,8667
12,1170,77047,8748
12,1173,78104.6,8850
12,1172,79247.4,8937
12,1178,80630.7,9044
12,1165,81131.1,9120
12,1176,82156,9215
12,1173,83320.5,9311
12,1171,84009,9398
12,1169,84727.7,9486
12,1166,85286.2,9564
12,1172,86249.8,9658
12,1163,87399.7,9747
12,1165,87764.2,9821
12,1161,88385.2,9896
12,1166,89415.4,9981
12,1170,90316.1,10074
12,1172,91010.8,10157
12,1167,91825,10236
12,1164,92527.8,10323
12,1166,93167.9,10406
12,1167,93997.3,10486
12,1167,94622.2,10562
12,1177,95405.8,10648
12,1168,95910.9,10724
12,1167,96614.7,10805
12,1166,97640.2,10891
12,1169,98019.5,10976
12,1176,98939.7,11074
12,1169,99579.2,11162
12,1171,100296,11253
12,1166,100860,11331
12,1161,101337,11401
12,1174,101905,11492
12,1163,102390,11566
12,1168,103214,11649
12,1174,104137,11747
12,1172,104979,11835
12,1167,105696,11912
12,1169,106516,12002
12,1168,107205,12087
12,1170,107838,12165
12,1171,108578,12255
12,1172,109152,12336
12,1162,109791,12403
12,1172,110494,12489
12,1167,111184,12573
12,1165,111681,12650
12,1172,112134,12730
12,1169,112967,12817
12,1164,113588,12888
12,1173,114371,12967
12,1165,114949,13049
12,1174,116039,13146
12,1174,117213,13242
12,1165,117797,13319
12,1172,118434,13401
12,1162,118994,13476
12,1169,119957,13571
12,1161,120246,13635
12,1171,121003,13729
12,1172,121584,13813
12,1171,122564,13910
12,1173,123143,14001
12,1170,123779,14089
12,1176,124420,14177
12,1175,125511,14277
12,1169,126154,14362
12,1176,126995,14453
12,1170,127671,14527
12,1176,128659,14625
12,1167,129285,14703
12,1168,130128,14790
12,1172,130906,14868
12,1168,131926,14957
12,1170,132619,15040
12,1173,134111,15142
12,1171,135001,15234
12,1168,135977,15328
12,1168,136822,15409
12,1161,137537,15487
12,1167,138012,15569
12,1168,138874,15659
12,1167,139495,15741
12,1169,140258,15824
12,1169,140899,15906
12,1164,141744,15992
12,1172,142321,16075
12,1169,143283,16158
12,1164,143818,16236
12,1164,144232,16307
12,1174,144993,16390
12,1170,145624,16477
12,1170,146114,16558
12,1166,146802,16636
12,1170,147359,16719
12,1167,148381,16804
12,1160,149063,16869
12,1169,149943,16950
13,1165,829.993,87
13,1168,1460.12,171
13,1174,2418.86,266
13,1172,3524.06,356
13,1173,4333.63,439
13,1167,5328.25,533
13,1165,5956.84,613
13,1167,6795.34,700
13,1169,7102.88,780
13,1169,7711.09,855
13,1166,8344.27,937
13,1173,9171.91,1020
13,1170,10209.8,1112
13,1167,10905.6,1196
13,1170,11336.7,1265
13,1167,11760.9,1338
13,1168,12462,1408
13,1170,13628.3,1495
13,1171,14269.4,1576
13,1163,14625.7,1646
13,1165,15188.9,1723
13,1168,15897.9,1808
13,1171,16795.6,1891
13,1170,17512.6,1984
13,1168,18489.9,2072
13,1172,19950.5,2171
13,1164,20424.2,2244
13,1177,21090.2,2341
13,1163,21977.3,2419
13,1174,22913,2509
13,1168,23892.9,2599
13,1164,24342.8,2677
13,1170,25325.4,2770
13,1166,26026.5,2852
13,1168,27558.5,2952
13,1168,28336.4,3037
13,1177,29207.8,3134
13,1166,29709,3212
13,1178,30695.1,3304
13,1177,31538.9,3398
13,1171,32046.6,3473
13,1172,33036.4,3561
13,1165,33604.7,3645
13,1171,34503.7,3729
13,1167,35359.8,3822
13,1173,36199.4,3908
13,1172,37041.4,3997
13,1173,37813.9,4082
13,1172,39028,4186
13,1169,39526.6,4254
13,1169,40164,4335
13,1168,41010.5,4429
13,1168,41439.7,4502
13,1166,42130.7,4575
13,1166,42633,4651
13,1167,43349.7,4736
13,1170,44536.7,4828
13,1170,45516.7,4923
13,1169,46762.4,5023
13,1174,47485.2,5111
13,1168,48262.1,5200
13,1178,49463.8,5303
13,1171,50394.5,5398
13,1171,51389.6,5500
13,1173,52498.8,5596
13,1173,53407.8,5686
13,1167,53973.8,5763
13,1170,54812.9,5847
13,1172,55319.9,5926
13,1160,55746.2,5993
13,1163,56254,6075
13,1164,56958.7,6154
13,1166,57655.2,6230
13,1171,58437.4,6318
13,1171,59353.3,6406
13,1168,59799.5,6492
13,1171,60511.5,6574
13,1163,60889.8,6652
13,1171,61597.7,6733
13,1170,62024.7,6805
13,1173,62870.8,6887
13,1166,63566.9,6963
13,1174,64209.5,7042
13,1167,64728.7,7128
13,1168,65376.7,7211
13,1170,65958.6,7298
13,1170,67212.1,7395
13,1175,68272.8,7493
13,1172,69173.3,7579
13,1167,69674.9,7661
13,1165,70449.9,7740
13,1167,71147.3,7819
13,1176,72073.1,7914
13,1181,72853.7,8005
13,1163,73496.9,8084
13,1175,74679.7,8185
13,1164,75454.6,8268
13,1171,76437.7,8356
13,1171,77201.3,8437
13,1165,77897.9,8517
13,1175,78795.3,8599
13,1161,79156.1,8671
13,1169,79799.4,8750
13,1165,80306.5,8816
13,1166,80880.9,8899
13,1171,81713.6,8978
13,1167,82490.6,9064
13,1165,83128.6,9142
13,1161,83894.6,9224
13,1165,84618.8,9307
13,1165,85242,9375
13,1165,85946.7,9455
13,1173,86721.2,9537
13,1165,87165.9,9616
13,1172,87893.7,9704
13,1164,88328.1,9781
13,1170,88838,9864
13,1170,90016,9947
13,1171,90803.3,10032
13,1166,91776.5,10117
13,1177,92690,10207
13,1174,93439.2,10305
13,1173,94021,10391
13,1163,94377,10462
13,1168,95136.5,10546
13,1165,95500.6,10617
13,1162,95936.3,10687
13,1168,97064.4,10773
13,1168,97767.5,10852
13,1170,98432.5,10935
13,1169,99325.7,11020
13,1170,99977.3,11112
13,1169,100411,11188
13,1166,101051,11275
13,1171,102059,11372
13,1177,102933,11470
13,1169,103713,11559
13,1167,104214,11634
13,1164,105199,11724
13,1171,106394,11823
13,1172,107156,11909
13,1172,107809,12000
13,1162,108253,12069
13,1169,109148,12156
13,1173,110191,12249
13,1172,111289,12340
13,1175,112561,12439
13,1167,113141,12520
13,1165,113709,12598
13,1172,114407,12683
13,1169,115257,12771
13,1175,115765,12852
13,1170,116941,12949
13,1170,117853,13038
13,1173,118772,13127
13,1174,119533,13208
13,1168,120027,13289
13,1169,121012,13388
13,1165,121720,13476
13,1165,122300,13557
13,1169,122871,13638
13,1163,123307,13713
13,1166,124011,13800
13,1170,124449,13880
13,1164,125016,13957
13,1167,125657,14040
13,1161,126619,14127
13,1167,127256,14210
13,1165,127762,14288
13,1167,128457,14369
13,1165,129248,14457
13,1170,129936,14536
13,1172,130389,14615
13,1168,131217,14701
13,1173,132110,14781
13,1170,132883,14869
13,1171,133592,14955
13,1167,134487,15035
13,1172,135657,15122
13,1172,136504,15212
13,1166,137612,15305
13,1169,138007,15381
13,1165,138580,15461
13,1169,139279,15543
13,1170,140408,15643
13,1173,141382,15738
13,1165,141817,15810
13,1168,142513,15881
13,1177,143367,15972
13,1169,144085,16056
13,1173,145071,16144
13,1168,145461,16209
13,1170,146391,16295
13,1173,147035,16372
13,1176,148566,16476
13,1169,149348,16565
14,1174,738.173,92
14,1169,1595.2,177
14,1177,2957.95,273
14,1167,3262.36,347
14,1173,4248.08,442
14,1173,5031.32,531
14,1175,6092.31,629
14,1160,6780.68,703
14,1171,7416.94,777
14,1167,8045.35,846
14,1172,9035.63,938
14,1166,9669.22,1020
14,1163,10534.6,1110
14,1169,11019.4,1191
14,1171,11980.2,1281
14,1161,12455.7,1350
14,1166,12933.6,1433
14,1168,13516.3,1517
14,1174,14458.7,1614
14,1173,15159,1691
14,1164,15858.4,1767
14,1168,16639.3,1851
14,1173,17550.4,1947
14,1171,18272.5,2036
14,1164,19245.4,2124
14,1180,20360.2,2220
14,1171,20954.5,2304
14,1171,21978.5,2404
14,1173,23062,2495
14,1172,23740.2,2581
14,1166,24595.3,2663
14,1171,25219.8,2737
14,1166,25752.5,2819
14,1173,26871.9,2907
14,1168,27345.7,2983
14,1170,27956.4,3068
14,1174,28899,3165
14,1166,29841.8,3240
14,1166,30369.4,3311
14,1169,31341.5,3401
14,1169,32403.7,3494
14,1168,32709.6,3569
14,1170,33468.1,3643
14,1169,34177.8,3729
14,1166,35007.6,3806
14,1166,35506.8,3882
14,1169,36355.5,3968
14,1168,37198,4047
14,1165,37969.4,4125
14,1171,38484.2,4209
14,1172,39446.6,4294
14,1170,40232,4386
14,1169,40882.4,4469
14,1165,41582.6,4550
14,1167,42482.6,4631
14,1175,43396.4,4722
14,1167,44041.2,4811
14,1166,45016.1,4900
14,1169,45790.2,4987
14,1167,46594.7,5067
14,1161,47436.5,5151
14,1169,48011.4,5230
14,1172,48923.8,5314
14,1170,50066.2,5406
14,1174,51003.5,5491
14,1163,51499.9,5565
14,1164,51935.9,5643
14,1163,52707.7,5719
14,1174,53706.9,5816
14,1169,54229.2,5905
14,1172,55207,5994
14,1165,55837.2,6069
14,1169,56268.8,6144
14,1175,57259.4,6242
14,1175,57981.8,6330
14,1171,58761.8,6413
14,1173,59686.7,6507
14,1166,60539.3,6589
14,1169,61318.8,6676
14,1171,62650.4,6774
14,1169,63429.5,6861
14,1171,64138.8,6944
14,1177,65217.6,7048
14,1172,65802.9,7125
14,1172,66514.3,7211
14,1170,67149.2,7288
14,1173,68342.7,7387
14,1162,69096.6,7464
14,1165,69952.3,7549
14,1169,70672.6,7632
14,1168,71384.5,7722
14,1167,72157,7807
14,1167,72590.2,7878
14,1168,73461.6,7971
14,1172,74644.5,8069
14,1169,75559,8160
14,1173,76389.9,8244
14,1171,77107.8,8334
14,1177,78297.1,8440
14,1168,79143.9,8525
14,1165,79842.3,8595
14,1168,80613.4,8680
14,1168,81385.4,8765
14,1173,82170.1,8851
14,1168,83159.5,8938
14,1170,84287.6,9032
14,1168,85208.2,9120
14,1168,85849.1,9202
14,1169,86625,9286
14,1163,87326.4,9363
14,1174,88173.7,9449
14,1165,88624.1,9531
14,1174,89086,9621
14,1171,90553.8,9731
14,1171,91393.4,9816
14,1164,92236.9,9901
14,1164,92693.6,9980
14,1167,93476.8,10060
14,1174,94154.7,10150
14,1177,94937.2,10237
14,1163,95231.2,10303
14,1168,96154.4,10391
14,1168,97242.3,10484
14,1169,98058.3,10575
14,1167,98848.5,10660
14,1173,99753.2,10745
14,1167,100588,10827
14,1165,101290,10903
14,1168,101858,10987
14,1170,102373,11073
14,1167,103209,11152
14,1169,104197,11237
14,1166,104699,11313
14,1161,105133,11388
14,1169,105770,11472
14,1173,106753,11562
14,1167,107522,11643
14,1176,108444,11735
14,1173,109366,11825
14,1169,110221,11910
14,1171,110803,11996
14,1163,111512,12081
14,1170,112424,12170
14,1166,113001,12249
14,1169,113977,12338
14,1167,114274,12410
14,1164,114856,12485
14,1164,115552,12564
14,1162,116258,12644
14,1178,117514,12744
14,1169,118088,12824
14,1167,118927,12904
14,1175,119721,12997
14,1177,120716,13100
14,1174,121769,13194
14,1171,122484,13285
14,1165,123543,13380
14,1172,124248,13463
14,1169,124613,13532
14,1171,125729,13627
14,1170,126386,13711
14,1177,127710,13812
14,1171,128269,13886
14,1169,129328,13977
14,1170,130034,14064
14,1167,130472,14137
14,1167,131522,14228
14,1178,132317,14319
14,1163,133036,14398
14,1171,133753,14482
14,1176,134815,14579
14,1166,135584,14659
14,1169,136222,14739
14,1164,136668,14810
14,1162,137775,14887
14,1170,138432,14975
14,1165,139004,15055
14,1167,139380,15133
14,1169,139879,15208
14,1173,140869,15299
14,1164,141644,15377
14,1173,142422,15467
14,1165,143326,15553
14,1173,144309,15639
14,1171,145355,15729
14,1168,146189,15807
14,1164,146827,15874
14,1165,147333,15945
14,1167,148238,16031
14,1169,148765,16117
14,1171,149473,16203
14,1166,149913,16276
15,1182,1270.95,100
15,1168,1849.69,173
15,1170,2211.84,246
15,1172,3270.86,344
15,1172,3805.74,431
15,1176,4245.9,515
15,1165,5361.13,607
15,1172,6211.4,697
15,1165,7067.96,782
15,1166,7574.84,857
15,1172,8299.29,947
15,1172,9405.04,1031
15,1169,10114.4,1111
15,1167,10890.5,1191
15,1170,11337,1267
15,1172,11830.4,1339
15,1172,12868.2,1435
15,1170,13564.8,1514
15,1169,14490.1,1602
15,1169,15481.3,1695
15,1167,16118.1,1772
15,1170,17090.8,1857
15,1169,17525,1930
15,1159,18022.8,2003
15,1169,18670.3,2088
15,1177,19385.8,2173
15,1167,20239.2,2254
15,1166,21147.2,2340
15,1169,21928.9,2422
15,1165,22828.3,2498
15,1170,23681.5,2582
15,1174,24887.7,2679
15,1167,25876.8,2770
15,1168,26388.9,2844
15,1166,27153.8,2922
15,1167,28280.8,3014
15,1164,28993.3,3093
15,1164,29705.9,3170
15,1172,30882.2,3260
15,1170,31805.3,3345
15,1168,32519.9,3417
15,1177,33587.5,3507
15,1172,34111.8,3586
15,1166,34871.3,3657
15,1161,35710.8,3739
15,1171,36163.5,3818
15,1170,37140.5,3902
15,1167,37713.6,3974
15,1174,38300.9,4058
15,1166,38870.1,4132
15,1171,39926.6,4231
15,1170,40488.4,4307
15,1172,41255.3,4383
15,1169,42299.8,4469
15,1164,42858.7,4538
15,1170,43450.7,4625
15,1164,44406.2,4715
15,1171,45461.2,4810
15,1171,46403.5,4903
15,1172,47155,4993
15,1169,47495.4,5069
15,1173,48383.5,5160
15,1164,49190.2,5240
15,1173,49964.4,5323
15,1167,50794.1,5409
15,1169,51934.9,5497
15,1169,52714.1,5585
15,1168,53439.7,5669
15,1172,54283.5,5752
15,1166,54944.5,5835
15,1167,55732.6,5926
15,1165,56650.4,6009
15,1170,57504.5,6092
15,1163,58155.4,6174
15,1169,59136.1,6254
15,1164,59636.1,6326
15,1169,60761.1,6423
15,1168,61273.7,6503
15,1177,62621.7,6608
15,1167,63189.1,6684
15,1164,63684.2,6752
15,1170,64426.7,6835
15,1165,65197.8,6919
15,1168,66327.9,7006
15,1164,66838.3,7081
15,1173,67420.8,7168
15,1167,68132.3,7249
15,1174,68965.7,7333
15,1170,69615.9,7418
15,1178,70471.3,7507
15,1169,71063.9,7596
15,1172,71847.4,7682
15,1163,72547.5,7754
15,1170,73201.8,7844
15,1165,73906.8,7923
15,1167,74604.7,7996
15,1169,75318.8,8078
15,1170,76376.5,8171
15,1171,77232.3,8255
15,1167,77606.9,8331
15,1167,78048,8408
15,1166,78828.4,8488
15,1170,79751.4,8575
15,1167,80667.4,8661
15,1170,81597.6,8753
15,1161,82238.7,8828
15,1167,82690.1,8908
15,1167,83759.2,8996
15,1176,84837.6,9096
15,1163,85347.3,9180
15,1159,85844.6,9249
15,1170,86526.6,9338
15,1166,87308.3,9419
15,1166,88131.3,9493
15,1169,88831.2,9568
15,1173,89496.4,9648
15,1170,90421.9,9740
15,1167,91130.9,9817
15,1175,92057.3,9905
15,1172,92705.4,9990
15,1175,93412.5,10076
15,1174,94279.1,10172
15,1161,94851.9,10248
15,1166,95489.4,10327
15,1169,96476.1,10416
15,1174,97235.6,10488
15,1173,98030.6,10577
15,1164,98539,10652
15,1164,98962.8,10724
15,1171,99401.8,10803
15,1171,100450,10898
15,1173,101233,10985
15,1166,101742,11068
15,1164,102123,11143
15,1167,102826,11215
15,1164,103526,11290
15,1168,104169,11370
15,1167,104695,11448
15,1174,105208,11532
15,1163,105930,11614
15,1163,106377,11691
15,1170,107096,11778
15,1165,107802,11848
15,1170,108915,11934
15,1173,110054,12026
15,1165,110562,12093
15,1162,111008,12168
15,1164,111790,12249
15,1165,112378,12331
15,1166,113106,12411
15,1165,113814,12493
15,1171,114751,12586
15,1165,115787,12672
15,1170,116631,12758
15,1165,117209,12841
15,1171,117658,12923
15,1169,118606,12998
15,1168,119517,13086
15,1169,120237,13170
15,1170,121018,13257
15,1168,121944,13344
15,1168,122447,13420
15,1175,122976,13502
15,1173,123972,13594
15,1165,124491,13667
15,1167,125350,13754
15,1171,126480,13849
15,1173,126988,13917
15,1167,127984,14000
15,1167,129073,14092
15,1164,129647,14165
15,1162,130371,14239
15,1164,131154,14325
15,1167,132153,14413
15,1164,132610,14488
15,1169,133177,14559
15,1172,134157,14647
15,1165,134601,14719
15,1174,135585,14801
15,1175,136658,14895
15,1165,137244,14970
15,1173,137977,15057
15,1172,139190,15150
15,1165,140196,15232
15,1166,140700,15307
15,1171,141220,15387
15,1175,142290,15489
15,1174,143012,15570
15,1168,143857,15649
15,1174,145116,15750
15,1173,145705,15831
15,1169,146619,15914
15,1168,147067,15994
15,1178,148295,16102
15,1168,149443,16193
