1,1058,0.265672,1,1
1,1059,0.951762,1,3
1,1060,2.01998,1,14
1,1062,2.75383,1,17
1,1063,3.29347,1,18
1,1064,3.97521,1,22
1,1065,4.50419,1,23
1,1066,5.02843,1,24
1,1068,5.68965,1,27
1,1069,6.26402,1,30
1,1070,6.74128,1,31
1,1071,7.2146,1,32
1,1072,7.87818,1,35
1,1074,8.35545,1,36
1,1076,8.8335,1,37
1,1077,9.62459,1,44
1,1079,10.0959,1,45
1,1081,10.7899,1,50
1,1082,11.2632,1,51
1,1083,11.7362,1,52
1,1084,12.2549,1,53
1,1085,12.9078,1,54
1,1086,34.6897,1,292
1,1087,35.6297,1,293
1,1088,36.4354,1,294
1,1090,43.4435,1,373
1,1093,45.5018,1,375
1,1094,113.095,1,1375
1,1095,136.73,1,1670
1,1096,139.794,1,1672
1,1097,191.82,1,2395
1,1098,192.758,1,2396
1,1099,193.191,1,2397
1,1101,193.643,1,2398
1,1103,194.32,1,2403
1,1104,194.763,1,2404
1,1105,200.218,1,2465
1,1106,201.746,1,2466
1,1107,202.595,1,2467
1,1108,203.331,1,2469
1,1110,203.763,1,2470
1,1111,204.213,1,2472
1,1112,205.432,1,2478
1,1113,1866.9,1,23618
1,1114,1868.56,1,23619
1,1115,2007.78,1,25241
1,1116,2009.79,1,25242
1,1117,2619.66,1,31990
1,1119,2620.57,1,31992
1,1121,3218.73,1,38173
1,1122,3716.2,1,43045
1,1124,3803.24,1,43817
1,1125,3814.12,1,43903
1,1126,4455.52,1,49336
1,1128,4457.59,1,49337
1,1129,4458.21,1,49338
1,1130,4753.48,1,51797
1,1131,4856.93,1,52522
1,1132,4858.59,1,52526
1,1133,4861.47,1,52532
1,1135,4862.13,1,52533
1,1137,6448.38,1,63489
1,1138,6449,1,63490
1,1139,6453.43,1,63512
1,1140,6455.39,1,63514
1,1141,6456.06,1,63515
1,1143,6458.05,1,63522
1,1144,7604.77,1,69922
1,1145,7605.76,1,69923
1,1146,7606.37,1,69924
1,1147,8018.3,1,71868
1,1149,9189.48,1,77036
1,1151,9191.64,1,77037
1,1153,9193.99,1,77042
1,1154,9225.67,1,77151
1,1155,9609.3,1,78533
1,1156,10269.6,1,80880
1,1157,10272.2,1,80881
1,1158,10806.4,1,82567
1,1159,10808.6,1,82568
1,1160,10809.5,1,82569
1,1161,10812.3,1,82575
1,1163,10813.6,1,82576
1,1164,12740.8,1,87256
1,1165,12772.9,1,87299
1,1166,12814.6,1,87359
1,1167,12873.7,1,87473
1,1168,12883.7,1,87485
1,1169,12885.7,1,87486
1,1170,13669.3,1,88847
1,1171,13841.1,1,89073
1,1172,13880.8,1,89122
1,1173,13883.5,1,89123
1,1174,13947.4,1,89204
1,1176,13949.7,1,89207
1,1177,14508.6,1,90008
1,1179,16056.8,1,91555
1,1180,16365,1,91817
1,1181,16503.9,1,91910
1,1182,16511.9,1,91917
1,1183,16544.4,1,91925
2,1033,0.288568,1,1
2,1034,2.82133,1,16
2,1037,3.41782,1,17
2,1038,3.94442,1,19
2,1039,4.74973,1,26
2,1041,5.2191,1,27
2,1042,5.6932,1,28
2,1043,6.14954,1,29
2,1044,6.78865,1,31
2,1045,7.42816,1,35
2,1047,7.89792,1,36
2,1048,8.37163,1,37
2,1050,8.84455,1,38
2,1051,9.35024,1,39
2,1053,9.99724,1,42
2,1055,10.6845,1,46
2,1058,11.1511,1,47
2,1059,12.1558,1,56
2,1062,12.6204,1,57
2,1065,13.6815,1,68
2,1066,14.1477,1,69
2,1069,14.7912,1,72
2,1070,15.4879,1,75
2,1072,16.1657,1,81
2,1073,18.7664,1,104
2,1074,19.8421,1,106
2,1075,20.6948,1,107
2,1076,21.6394,1,110
2,1078,22.3255,1,111
2,1079,23.149,1,113
2,1081,23.9436,1,118
2,1082,24.4533,1,120
2,1083,24.9783,1,121
2,1084,25.6439,1,124
2,1085,26.1109,1,125
2,1086,26.5822,1,126
2,1087,27.2403,1,128
2,1088,27.8257,1,130
2,1092,28.2919,1,131
2,1094,28.7514,1,132
2,1096,29.3601,1,133
2,1097,109.579,1,1241
2,1098,110.535,1,1247
2,1099,111.774,1,1251
2,1100,112.592,1,1255
2,1101,113.529,1,1262
2,1102,114.129,1,1263
2,1103,360.863,1,4770
2,1104,362.361,1,4771
2,1106,363.48,1,4772
2,1107,1345.65,1,17493
2,1108,1949.48,1,24503
2,1110,1950.42,1,24504
2,1111,2206,1,27401
2,1112,2206.7,1,27402
2,1114,2207.36,1,27403
2,1116,2208.09,1,27405
2,1117,2835.25,1,34024
2,1118,2835.96,1,34025
2,1119,2928.71,1,34928
2,1120,3633.4,1,41711
2,1122,3635.02,1,41712
2,1123,3637.07,1,41721
2,1124,3638.45,1,41722
2,1125,3639.46,1,41725
2,1126,4769.76,1,51547
2,1127,4772.2,1,51550
2,1128,5710.81,1,58685
2,1129,5711.72,1,58686
2,1130,5725.53,1,58767
2,1131,5727.12,1,58772
2,1133,5727.74,1,58773
2,1134,5728.93,1,58776
2,1136,5729.62,1,58777
2,1137,5730.31,1,58778
2,1138,6159.02,1,61764
2,1139,6331.71,1,62784
2,1140,7311.65,1,68349
2,1141,7437.85,1,68993
2,1143,7438.58,1,68994
2,1144,7963.64,1,71660
2,1146,8093.76,1,72257
2,1147,8095.1,1,72258
2,1149,9321.33,1,77110
2,1153,9593.08,1,78040
2,1155,9595.6,1,78042
2,1156,10903,1,82233
2,1157,10984.2,1,82462
2,1158,10985.6,1,82463
2,1159,10989.6,1,82466
2,1161,11988.8,1,85057
2,1162,12000.3,1,85081
2,1163,12372,1,85947
2,1164,12787.9,1,86816
2,1165,12789.4,1,86817
2,1167,12790.3,1,86818
2,1170,12894.1,1,87031
2,1171,13726.8,1,88441
2,1172,13735.7,1,88463
2,1174,13757.6,1,88492
2,1175,15984,1,91212
2,1176,16014,1,91235
2,1178,16016.5,1,91236
2,1180,16218.1,1,91446
2,1181,16284.8,1,91497
2,1182,17490.7,1,92411
2,1183,17672.9,1,92504
3,1042,0.233697,1,1
3,1044,1.51982,1,5
3,1045,2.32631,1,9
3,1046,2.93779,1,10
3,1048,3.41821,1,11
3,1049,4.02495,1,14
3,1050,4.74381,1,16
3,1051,5.52701,1,20
3,1052,6.11164,1,21
3,1054,6.59246,1,22
3,1055,7.07051,1,23
3,1057,7.5383,1,24
3,1059,8.28992,1,29
3,1060,9.12562,1,34
3,1061,9.81131,1,37
3,1062,10.4516,1,38
3,1064,11.1957,1,40
3,1066,11.941,1,42
3,1068,12.7412,1,43
3,1069,13.8252,1,45
3,1070,15.5925,1,54
3,1072,16.6537,1,57
3,1073,18.3981,1,76
3,1075,19.1193,1,77
3,1076,20.5898,1,90
3,1078,21.2715,1,92
3,1079,21.8277,1,93
3,1080,22.35,1,94
3,1081,23.1648,1,98
3,1083,23.7778,1,99
3,1085,24.3885,1,101
3,1087,25.0865,1,103
3,1088,25.6458,1,104
3,1089,26.3248,1,108
3,1091,26.9912,1,109
3,1094,27.6342,1,112
3,1096,117.909,1,1301
3,1097,118.823,1,1302
3,1098,119.237,1,1303
3,1101,120.05,1,1312
3,1102,377.246,1,4701
3,1103,381.11,1,4726
3,1104,382.665,1,4727
3,1105,383.272,1,4728
3,1107,383.848,1,4729
3,1109,525.309,1,6582
3,1111,527.189,1,6583
3,1112,527.736,1,6584
3,1114,1513.97,1,19320
3,1115,2011.51,1,25147
3,1117,2013.33,1,25160
3,1119,2013.96,1,25161
3,1121,3914.86,1,44471
3,1122,3916.77,1,44472
3,1123,3917.54,1,44473
3,1124,4454.07,1,49149
3,1125,4956.04,1,53210
3,1126,4956.83,1,53212
3,1127,4957.45,1,53213
3,1128,5232.5,1,55216
3,1129,5855.61,1,59654
3,1132,5857.23,1,59655
3,1133,5858.59,1,59656
3,1134,5859.02,1,59657
3,1135,5859.47,1,59658
3,1136,5860.15,1,59660
3,1138,5860.84,1,59661
3,1139,5861.29,1,59662
3,1140,7313.17,1,68499
3,1141,7316.22,1,68501
3,1142,7317.63,1,68503
3,1144,7320.37,1,68509
3,1145,7321.04,1,68512
3,1146,7321.6,1,68513
3,1147,8545.37,1,74553
3,1148,8546.12,1,74554
3,1150,8547.2,1,74558
3,1151,8547.8,1,74559
3,1153,8835.96,1,75796
3,1154,8838.36,1,75798
3,1155,10752.1,1,82464
3,1157,10753.7,1,82465
3,1158,11433.7,1,84343
3,1159,11465.7,1,84414
3,1160,12149,1,85963
3,1162,12221.4,1,86135
3,1163,12222.3,1,86136
3,1164,12225.8,1,86144
3,1165,12269.7,1,86223
3,1166,12317.6,1,86317
3,1167,12321.9,1,86324
3,1169,12323.3,1,86325
3,1171,12364.2,1,86380
3,1172,12368.1,1,86384
3,1173,13606.7,1,88585
3,1174,14594.7,1,89947
3,1177,14622.2,1,89982
3,1178,16287.1,1,91649
3,1179,16379.3,1,91732
3,1180,16942.6,1,92094
3,1181,16946.3,1,92095
3,1182,16952.8,1,92098
4,1071,0.182378,1,1
4,1072,1.59916,1,2
4,1074,2.48895,1,3
4,1075,3.25912,1,4
4,1077,3.94087,1,5
4,1078,4.62064,1,6
4,1079,5.30199,1,7
4,1080,6.03545,1,9
4,1083,6.58022,1,10
4,1085,7.07604,1,12
4,1086,7.66028,1,15
4,1088,8.16873,1,16
4,1089,8.62151,1,17
4,1090,10.133,1,32
4,1091,17.8233,1,99
4,1092,19.5792,1,108
4,1093,61.3102,1,632
4,1095,61.9126,1,633
4,1096,89.6645,1,964
4,1097,132.511,1,1507
4,1098,158.839,1,1863
4,1099,201.666,1,2469
4,1100,362.614,1,4689
4,1101,440.037,1,5708
4,1102,442.002,1,5710
4,1103,442.646,1,5712
4,1104,443.065,1,5713
4,1105,810.334,1,10850
4,1106,812.34,1,10852
4,1107,812.957,1,10854
4,1108,1023.99,1,13563
4,1109,1024.7,1,13564
4,1110,1026.25,1,13567
4,1111,1027.34,1,13568
4,1112,1925.48,1,24740
4,1114,2648.3,1,32611
4,1115,2650.4,1,32613
4,1116,3023.55,1,36505
4,1117,3024.43,1,36506
4,1118,3025.04,1,36507
4,1122,3179.81,1,37975
4,1123,3181.95,1,37988
4,1124,3660.98,1,42719
4,1125,4008.23,1,45835
4,1127,4808.41,1,52403
4,1129,11192,1,52404
4,1131,11546.7,1,55206
4,1133,11996.3,1,58475
4,1134,11997.5,1,58478
4,1135,11998.2,1,58479
4,1136,12405.2,1,61343
4,1137,12406,1,61344
4,1138,12407,1,61345
4,1139,13836.2,1,69851
4,1140,14052.8,1,71002
4,1142,14054.7,1,71003
4,1143,14056.3,1,71006
4,1144,14058.3,1,71010
4,1145,14246.1,1,71888
4,1146,14247.2,1,71890
4,1147,14247.9,1,71891
4,1149,14687.9,1,74027
4,1150,15522.9,1,77574
4,1151,15662.6,1,78057
4,1154,15664.5,1,78058
4,1155,15667.9,1,78061
4,1156,15669.3,1,78062
4,1158,16685.5,1,81559
4,1160,17321.4,1,83412
4,1161,17323.7,1,83413
4,1162,18022.4,1,85257
4,1163,18616.3,1,86620
4,1164,18617.9,1,86621
4,1167,18618.7,1,86622
4,1168,19156.9,1,87601
4,1169,20412.7,1,89594
4,1170,20422,1,89601
4,1171,20435.8,1,89617
4,1172,20437.1,1,89618
4,1173,20445.1,1,89624
4,1174,20465.6,1,89647
4,1176,20805.5,1,90143
4,1177,20818.8,1,90155
4,1180,20821.4,1,90156
4,1181,23498.1,1,92531
5,1053,0.296858,1,1
5,1054,1.20283,1,7
5,1056,1.68641,1,8
5,1058,2.75936,1,18
5,1059,3.32702,1,19
5,1061,3.90139,1,21
5,1062,4.36997,1,22
5,1063,4.88552,1,24
5,1066,5.50095,1,27
5,1067,5.96992,1,28
5,1068,6.42784,1,29
5,1069,6.93866,1,30
5,1071,7.39855,1,31
5,1073,8.09767,1,34
5,1074,8.70796,1,35
5,1075,9.3155,1,37
5,1077,9.77657,1,38
5,1078,10.8622,1,48
5,1080,11.596,1,51
5,1084,12.1116,1,52
5,1085,13.1068,1,53
5,1086,23.6227,1,142
5,1088,24.3716,1,144
5,1089,24.8512,1,145
5,1090,25.9518,1,153
5,1091,26.7516,1,158
5,1092,29.9242,1,190
5,1093,30.8274,1,196
5,1094,34.8279,1,230
5,1095,78.7266,1,879
5,1097,79.584,1,883
5,1099,80.1955,1,884
5,1100,81.8969,1,895
5,1102,612.232,1,8420
5,1104,613.013,1,8421
5,1105,1121.43,1,15201
5,1106,1123.26,1,15202
5,1107,1123.88,1,15203
5,1109,1646.36,1,21740
5,1110,1765.94,1,23106
5,1111,2081.17,1,26720
5,1113,2082.93,1,26721
5,1114,2083.67,1,26724
5,1116,2313.64,1,29330
5,1117,15580,1,29331
5,1118,15908.3,1,32813
5,1119,16225.5,1,36287
5,1121,17246.6,1,46371
5,1122,17248.1,1,46372
5,1123,17584.6,1,49362
5,1124,17931.2,1,52335
5,1125,18224.5,1,54672
5,1127,18226.6,1,54673
5,1131,18227.6,1,54674
5,1132,18232.9,1,54702
5,1133,19566.6,1,64055
5,1134,19568.9,1,64063
5,1135,19975.3,1,66509
5,1136,19990.8,1,66600
5,1137,20202.5,1,67868
5,1139,20205.7,1,67888
5,1141,20206.4,1,67889
5,1142,20207.6,1,67891
5,1144,20815.5,1,71199
5,1145,20817.6,1,71200
5,1147,21440.4,1,74310
5,1148,21642.6,1,75228
5,1150,21643.6,1,75229
5,1151,21644.7,1,75231
5,1152,21645.4,1,75233
5,1153,21767.5,1,75718
5,1154,21769.9,1,75720
5,1157,21771,1,75721
5,1158,21771.7,1,75723
5,1159,23184.7,1,81008
5,1160,23188,1,81011
5,1161,23212,1,81079
5,1164,24736.8,1,85268
5,1165,25439.6,1,86823
5,1166,25441.8,1,86824
5,1167,25476.7,1,86890
5,1168,25494.3,1,86921
5,1169,25496.6,1,86922
5,1170,25497.7,1,86923
5,1171,25529.2,1,86971
5,1172,25567.2,1,87053
5,1173,25850.5,1,87550
5,1175,26984.8,1,89460
5,1176,27177.9,1,89676
5,1177,27891.7,1,90615
5,1178,28029.8,1,90751
5,1179,28783.3,1,91486
5,1180,28784.6,1,91487
5,1181,28785.6,1,91488
5,1182,28852.7,1,91542
5,1183,29513.9,1,92116
5,1184,29516.4,1,92117
5,1186,29519.2,1,92118
6,1063,0.209222,1,1
6,1064,0.834519,1,2
6,1065,3.61875,1,25
6,1066,4.19391,1,26
6,1067,4.94711,1,29
6,1068,5.5653,1,30
6,1071,6.14441,1,32
6,1072,6.61022,1,33
6,1073,7.71476,1,41
6,1075,8.1782,1,42
6,1078,8.7127,1,43
6,1081,9.42761,1,45
6,1083,10.0454,1,49
6,1084,34.4904,1,332
6,1085,39.8248,1,392
6,1088,41.1859,1,403
6,1089,43.1759,1,404
6,1090,43.8102,1,405
6,1092,44.3214,1,406
6,1093,44.7359,1,407
6,1094,45.1433,1,408
6,1095,46.326,1,418
6,1096,46.737,1,419
6,1099,110.078,1,1293
6,1100,279.103,1,3719
6,1101,631.153,1,8712
6,1102,632.358,1,8717
6,1103,633.152,1,8721
6,1105,648.421,1,8917
6,1106,650.265,1,8935
6,1107,873.721,1,11921
6,1108,874.923,1,11927
6,1109,1313.98,1,17539
6,1110,1314.86,1,17540
6,1111,1612.19,1,21237
6,1113,1614.1,1,21239
6,1114,1615.05,1,21244
6,1116,1615.86,1,21245
6,1117,2803.26,1,34559
6,1118,12566.5,1,34564
6,1119,12567.4,1,34565
6,1122,12568.7,1,34567
6,1123,12570.2,1,34569
6,1124,13209,1,41114
6,1125,13209.8,1,41116
6,1127,14856.2,1,55550
6,1128,14857.6,1,55554
6,1129,14936,1,56141
6,1130,14938.7,1,56154
6,1132,14941.1,1,56166
6,1133,15666.6,1,61418
6,1134,15921.8,1,63143
6,1135,15922.7,1,63144
6,1136,16141.1,1,64600
6,1137,16142.8,1,64601
6,1138,16401.9,1,66166
6,1139,16408.3,1,66199
6,1140,16560.4,1,67083
6,1142,16562.7,1,67084
6,1144,17323.1,1,71310
6,1145,17324.8,1,71311
6,1147,18225.5,1,75569
6,1148,18228,1,75574
6,1149,18229.7,1,75575
6,1150,18231.5,1,75576
6,1151,18232,1,75577
6,1152,18232.4,1,75578
6,1153,19402.8,1,80172
6,1154,20006.5,1,82122
6,1155,20191.8,1,82678
6,1156,20197.7,1,82702
6,1157,20198.7,1,82703
6,1158,20199.3,1,82704
6,1159,20200.1,1,82705
6,1160,20792.8,1,84280
6,1161,20864.8,1,84477
6,1162,21391.1,1,85760
6,1163,21403.4,1,85783
6,1164,21866.7,1,86869
6,1165,21869.8,1,86872
6,1166,22122,1,87329
6,1167,22125.5,1,87333
6,1169,22126.8,1,87334
6,1170,22297.6,1,87671
6,1171,22300.5,1,87672
6,1173,22304.9,1,87677
6,1174,22312.8,1,87695
6,1175,22315.6,1,87696
6,1177,23427.8,1,89519
6,1178,23428.8,1,89520
6,1179,24350.1,1,90670
6,1181,24352.9,1,90671
6,1182,24455.3,1,90794
6,1183,26097.9,1,92208
6,1185,26192.2,1,92269
6,1186,26327.9,1,92355
6,1187,26408.5,1,92425
7,1062,0.26133,1,1
7,1063,1.17046,1,7
7,1065,1.76615,1,8
7,1067,2.24459,1,9
7,1069,2.79844,1,10
7,1070,3.5848,1,11
7,1071,4.4051,1,15
7,1072,4.87368,1,16
7,1073,5.4299,1,18
7,1074,5.89847,1,19
7,1075,6.49732,1,23
7,1076,12.6066,1,79
7,1078,14.7091,1,90
7,1079,15.2384,1,91
7,1080,15.859,1,92
7,1082,16.7666,1,93
7,1083,17.6784,1,96
7,1084,18.4676,1,98
7,1085,46.5424,1,444
7,1086,57.6433,1,597
7,1088,59.5394,1,598
7,1090,60.2274,1,601
7,1091,60.6439,1,602
7,1093,61.182,1,603
7,1095,61.6718,1,605
7,1097,78.4048,1,850
7,1098,87.3876,1,955
7,1099,199.359,1,2598
7,1101,201.288,1,2599
7,1103,242.603,1,3151
7,1104,427.773,1,5801
7,1105,429.962,1,5802
7,1107,430.669,1,5803
7,1108,905.864,1,12365
7,1109,1374.92,1,18436
7,1110,1375.9,1,18437
7,1112,1907.84,1,24941
7,1114,2064.21,1,26785
7,1115,2201.77,1,28340
7,1116,2202.7,1,28341
7,1117,2203.3,1,28344
7,1118,2203.89,1,28347
7,1120,2204.29,1,28348
7,1122,2204.73,1,28349
7,1123,2205.35,1,28350
7,1125,2205.75,1,28351
7,1126,3890.28,1,45560
7,1127,3891.61,1,45561
7,1128,3892.72,1,45564
7,1129,3895.16,1,45571
7,1130,3895.81,1,45572
7,1131,5683.9,1,59791
7,1133,5685.87,1,59793
7,1134,5686.75,1,59796
7,1135,6090.1,1,62549
7,1136,6091.92,1,62550
7,1137,6099.89,1,62593
7,1139,6101.85,1,62595
7,1142,6509.41,1,65246
7,1144,6510.61,1,65251
7,1145,6512.05,1,65255
7,1146,6513.01,1,65256
7,1147,7179.64,1,68996
7,1149,8454.42,1,75006
7,1150,9143.31,1,77732
7,1151,9145.26,1,77733
7,1152,10086.6,1,81086
7,1153,10276.8,1,81720
7,1154,10279.1,1,81721
7,1155,10281.9,1,81723
7,1156,10283.5,1,81727
7,1158,10284.9,1,81728
7,1159,10286.1,1,81729
7,1160,10286.8,1,81730
7,1162,10287.3,1,81731
7,1163,11732.8,1,85581
7,1164,11734.9,1,85582
7,1165,11742.3,1,85596
7,1166,11744.7,1,85597
7,1167,11750.7,1,85603
7,1168,11752.9,1,85604
7,1169,11776.5,1,85640
7,1171,11911,1,85900
7,1173,12358.8,1,86853
7,1174,13024.9,1,87948
7,1175,13505.5,1,88636
7,1176,13566.1,1,88723
7,1177,13566.9,1,88724
7,1180,13595.2,1,88766
7,1181,16220.9,1,91492
7,1183,16709.1,1,91932
7,1184,16722.8,1,91935
7,1185,18308.9,1,92943
8,1043,0.42555,1,1
8,1044,1.90747,1,2
8,1046,2.43447,1,3
8,1049,2.952,1,4
8,1051,3.40874,1,5
8,1052,4.85276,1,20
8,1054,5.97229,1,34
8,1056,6.42745,1,35
8,1059,7.59356,1,46
8,1061,8.13794,1,48
8,1062,8.63494,1,49
8,1063,9.40985,1,55
8,1064,10.1761,1,61
8,1065,10.9569,1,64
8,1069,11.4121,1,65
8,1070,11.9043,1,66
8,1071,12.4929,1,68
8,1073,13.7178,1,79
8,1074,14.2065,1,80
8,1075,14.7142,1,82
8,1076,15.163,1,83
8,1079,15.932,1,88
8,1080,16.7816,1,90
8,1082,17.2943,1,92
8,1083,17.8782,1,94
8,1084,18.4214,1,95
8,1085,20.8203,1,107
8,1086,21.5135,1,108
8,1087,32.9248,1,243
8,1089,63.8817,1,661
8,1090,64.8043,1,662
8,1091,65.2665,1,664
8,1093,65.7232,1,666
8,1095,66.1634,1,667
8,1096,66.8392,1,672
8,1097,67.2802,1,673
8,1100,67.8502,1,674
8,1101,537.502,1,7127
8,1102,538.382,1,7129
8,1103,539.801,1,7130
8,1104,540.801,1,7131
8,1105,949.939,1,12588
8,1106,950.773,1,12590
8,1108,951.586,1,12591
8,1109,952.148,1,12592
8,1112,1120.51,1,14683
8,1114,1809.59,1,23376
8,1116,1811.5,1,23377
8,1117,3134.56,1,37838
8,1118,3135.2,1,37839
8,1119,3135.99,1,37842
8,1120,3555.56,1,41991
8,1121,3557.4,1,41992
8,1122,3558.07,1,41993
8,1123,3809.32,1,44208
8,1125,3809.94,1,44209
8,1126,4298.21,1,48425
8,1127,4928.52,1,53620
8,1128,5117.28,1,55087
8,1130,5119.1,1,55088
8,1131,5120.02,1,55089
8,1133,6565.84,1,64971
8,1134,6573.86,1,65003
8,1135,6575.75,1,65004
8,1136,6576.57,1,65005
8,1138,6577.27,1,65006
8,1139,6578.02,1,65011
8,1140,6578.42,1,65012
8,1141,6580.03,1,65020
8,1142,6580.49,1,65021
8,1144,8053.53,1,72907
8,1145,8067.72,1,72957
8,1146,8841.01,1,76363
8,1147,8843.58,1,76366
8,1148,8845.07,1,76369
8,1149,8847.19,1,76373
8,1151,8848.5,1,76376
8,1152,8848.97,1,76377
8,1153,8918.53,1,76650
8,1155,9094.66,1,77342
8,1156,9095.82,1,77343
8,1158,9821.63,1,79983
8,1159,10183.8,1,81180
8,1160,11521.8,1,84963
8,1161,11524.5,1,84964
8,1162,11827.6,1,85634
8,1163,11829.8,1,85635
8,1164,11830.7,1,85636
8,1165,11905.2,1,85833
8,1168,11970.4,1,85978
8,1169,11973.2,1,85979
8,1172,12436.6,1,86958
8,1173,12438.8,1,86959
8,1174,13226.1,1,88327
8,1175,15578.5,1,91209
8,1176,15593.7,1,91217
8,1177,16105.9,1,91613
8,1178,16608.1,1,91990
8,1179,16650.4,1,92017
8,1180,18170.1,1,92945
9,1056,0.260146,1,1
9,1058,0.851888,1,2
9,1060,1.47363,1,6
9,1064,2.75028,1,14
9,1066,3.32268,1,17
9,1067,4.27444,1,20
9,1068,4.92461,1,22
9,1069,5.97387,1,24
9,1070,6.63312,1,25
9,1073,7.1542,1,26
9,1074,7.98516,1,33
9,1076,8.56783,1,37
9,1077,9.05219,1,38
9,1078,9.5792,1,39
9,1079,10.4544,1,44
9,1080,10.9549,1,46
9,1081,12.6804,1,67
9,1082,13.3116,1,71
9,1083,13.7624,1,72
9,1084,14.2081,1,73
9,1085,24.698,1,193
9,1086,25.3581,1,195
9,1087,27.2679,1,214
9,1089,27.8553,1,215
9,1090,31.2802,1,249
9,1091,34.0139,1,276
9,1092,34.7261,1,280
9,1093,35.8855,1,289
9,1095,37.2387,1,290
9,1096,65.9941,1,691
9,1098,67.4551,1,702
9,1099,89.8591,1,996
9,1101,90.5733,1,997
9,1103,98.1135,1,1094
9,1104,1035.95,1,13640
9,1105,1131.61,1,14712
9,1106,1692.33,1,21710
9,1107,1694.31,1,21711
9,1109,1701.81,1,21806
9,1110,1703.75,1,21811
9,1111,2254.58,1,28079
9,1112,2488.27,1,30565
9,1114,2489.22,1,30566
9,1116,2490.05,1,30573
9,1117,2491.48,1,30581
9,1118,2491.99,1,30582
9,1119,2492.99,1,30587
9,1120,2493.53,1,30589
9,1121,2494.11,1,30591
9,1122,2917.9,1,35042
9,1123,2920.16,1,35045
9,1124,2921.12,1,35046
9,1126,2921.92,1,35047
9,1127,4602.48,1,50581
9,1128,4603.92,1,50582
9,1129,5253.68,1,55729
9,1130,5255.5,1,55730
9,1132,5593.95,1,58224
9,1133,5595.77,1,58225
9,1134,5596.94,1,58227
9,1135,5806.1,1,59648
9,1136,5806.82,1,59649
9,1139,6700.68,1,65448
9,1140,6701.59,1,65449
9,1142,7530.25,1,70083
9,1143,7637.07,1,70612
9,1144,7638.95,1,70613
9,1145,7639.86,1,70615
9,1146,7640.42,1,70616
9,1147,7640.88,1,70617
9,1148,8923.74,1,76626
9,1149,8926.77,1,76634
9,1150,8940.27,1,76681
9,1152,8942.3,1,76682
9,1153,8943.02,1,76683
9,1154,8944.54,1,76684
9,1155,8945.41,1,76686
9,1156,9529.91,1,78933
9,1157,9533.09,1,78936
9,1159,9571.06,1,79063
9,1160,9573.33,1,79064
9,1161,11283.4,1,84197
9,1162,11284.5,1,84198
9,1163,11286.2,1,84201
9,1164,11805,1,85450
9,1165,12108,1,86104
9,1169,12355.2,1,86630
9,1170,12356.4,1,86632
9,1171,12357.6,1,86635
9,1172,13326.9,1,88441
9,1173,13431.8,1,88600
9,1175,13438.1,1,88604
9,1176,14014.6,1,89427
9,1177,14017.3,1,89428
9,1178,14491.2,1,89987
9,1179,16879,1,92259
9,1180,17090.8,1,92383
9,1181,17157.1,1,92421
9,1182,17375.6,1,92569
9,1184,17666.3,1,92751
10,1055,0.323702,1,1
10,1056,1.10335,1,2
10,1057,2.0184,1,5
10,1058,4.85,1,33
10,1060,5.5424,1,37
10,1061,6.0698,1,38
10,1062,6.59009,1,40
10,1063,7.49172,1,41
10,1064,8.66533,1,46
10,1065,9.20339,1,47
10,1066,9.72644,1,48
10,1068,10.2933,1,50
10,1070,11.0027,1,52
10,1071,11.7535,1,58
10,1072,12.2221,1,59
10,1073,12.7854,1,60
10,1074,13.4403,1,64
10,1075,13.9807,1,65
10,1076,14.7032,1,68
10,1077,15.1721,1,69
10,1078,15.9715,1,73
10,1079,17.1992,1,79
10,1080,17.7846,1,80
10,1082,18.5895,1,81
10,1083,19.1612,1,82
10,1084,19.6376,1,83
10,1085,20.7761,1,91
10,1086,21.3469,1,92
10,1087,21.8131,1,93
10,1088,22.7613,1,99
10,1089,38.241,1,248
10,1090,39.6688,1,251
10,1092,109.731,1,1171
10,1093,110.609,1,1172
10,1094,112.458,1,1178
10,1095,135.527,1,1508
10,1096,241.325,1,3043
10,1097,243.734,1,3055
10,1098,253.412,1,3167
10,1099,254.078,1,3168
10,1100,687.409,1,9112
10,1102,688.223,1,9113
10,1103,689.329,1,9122
10,1104,690.289,1,9125
10,1106,690.946,1,9126
10,1107,1121.36,1,14592
10,1110,1123.37,1,14596
10,1111,1125.2,1,14607
10,1112,1823.39,1,23315
10,1115,2325.7,1,28857
10,1118,3230.93,1,38299
10,1119,3241.77,1,38383
10,1120,3243.6,1,38384
10,1121,3244.41,1,38387
10,1122,4018.5,1,45602
10,1123,4020.65,1,45604
10,1124,4350.26,1,48425
10,1126,4351.41,1,48428
10,1127,4352.02,1,48429
10,1128,4353.27,1,48437
10,1129,4353.69,1,48438
10,1130,4354.29,1,48441
10,1132,4357,1,48456
10,1133,4357.96,1,48461
10,1135,5648.18,1,58417
10,1136,5651.07,1,58428
10,1138,5652.16,1,58429
10,1139,6607.43,1,64609
10,1140,6609.39,1,64610
10,1141,7191.51,1,67958
10,1143,7192.17,1,67959
10,1145,7192.99,1,67960
10,1146,7899.17,1,71507
10,1147,7901.12,1,71508
10,1148,7902.73,1,71509
10,1149,8579.37,1,74633
10,1150,8580.29,1,74634
10,1152,9436.01,1,78141
10,1153,9437.3,1,78143
10,1154,9438.25,1,78144
10,1155,9757.68,1,79252
10,1156,10366.7,1,81326
10,1158,10368.8,1,81327
10,1159,10668.1,1,82187
10,1160,10709.1,1,82289
10,1161,10710.3,1,82290
10,1162,11104.7,1,83426
10,1163,11106,1,83427
10,1164,11749.4,1,85116
10,1165,11750.6,1,85117
10,1167,11752.3,1,85118
10,1168,12104.9,1,85901
10,1170,12106.2,1,85903
10,1171,12111,1,85908
10,1172,13601,1,88634
10,1174,13602,1,88635
10,1175,14898.8,1,90456
10,1176,14904.6,1,90460
10,1178,15180.8,1,90752
10,1181,15182.9,1,90753
10,1182,16267.7,1,91738
10,1183,16313,1,91778
10,1184,17502.4,1,92610
10,1185,18049.7,1,92888
10,1186,18277.2,1,92978
11,1046,0.245539,1,1
11,1049,1.02795,1,2
11,1052,2.20985,1,4
11,1053,3.30728,1,5
11,1054,7.40329,1,11
11,1055,8.44269,1,13
11,1057,9.48406,1,14
11,1059,11.341,1,23
11,1060,12.0681,1,24
11,1062,13.0456,1,25
11,1063,14.1426,1,27
11,1065,14.9021,1,28
11,1066,17.5545,1,58
11,1068,18.0535,1,59
11,1069,18.5631,1,61
11,1071,19.0344,1,62
11,1072,23.3997,1,104
11,1074,27.1305,1,145
11,1075,28.4399,1,158
11,1077,32.5332,1,180
11,1078,33.4842,1,181
11,1080,34.2508,1,182
11,1081,38.6042,1,208
11,1083,39.6147,1,212
11,1084,40.2874,1,215
11,1085,41.2854,1,220
11,1087,54.8658,1,388
11,1088,56.4306,1,395
11,1089,88.6097,1,867
11,1090,89.3854,1,868
11,1091,90.023,1,869
11,1092,91.7291,1,885
11,1093,114.415,1,1212
11,1095,146.93,1,1638
11,1096,166.248,1,1921
11,1098,168.069,1,1922
11,1099,168.705,1,1923
11,1100,239.777,1,2876
11,1103,245.857,1,2940
11,1104,247.734,1,2942
11,1105,533.184,1,6915
11,1106,935.796,1,12265
11,1107,1575.75,1,20315
11,1108,1576.73,1,20320
11,1109,1577.4,1,20321
11,1110,2271.59,1,28475
11,1113,2273.5,1,28476
11,1115,2274.13,1,28479
11,1116,2274.64,1,28480
11,1117,2275.13,1,28482
11,1118,2275.62,1,28484
11,1119,2276.25,1,28486
11,1120,2276.88,1,28487
11,1121,3076.73,1,37140
11,1122,3077.44,1,37141
11,1123,3078.06,1,37142
11,1124,3929.35,1,45184
11,1126,4570.81,1,50653
11,1128,4821.24,1,52833
11,1129,4823.12,1,52834
11,1130,5606.1,1,58769
11,1133,5607.04,1,58770
11,1134,5607.6,1,58773
11,1135,5779.54,1,59953
11,1136,5780.68,1,59955
11,1137,6972.39,1,67355
11,1138,7193.42,1,68607
11,1139,7197.93,1,68615
11,1141,7732.18,1,71451
11,1142,7734.18,1,71452
11,1144,7788.32,1,71675
11,1145,7790.96,1,71679
11,1146,8457.39,1,74743
11,1147,8690.36,1,75791
11,1148,8693.92,1,75797
11,1149,9209.27,1,77932
11,1150,9238.6,1,78053
11,1151,9262.7,1,78139
11,1152,9265.19,1,78143
11,1153,9269.08,1,78151
11,1154,9269.82,1,78152
11,1155,9302.72,1,78273
11,1156,9304.52,1,78274
11,1159,9409.42,1,78657
11,1161,9411.59,1,78658
11,1162,10135.2,1,81045
11,1163,10137.1,1,81046
11,1164,10418.4,1,81795
11,1165,11936.1,1,85877
11,1166,12495.9,1,87050
11,1167,12498.1,1,87051
11,1168,12673.2,1,87390
11,1169,12675.9,1,87391
11,1170,12682.7,1,87403
11,1172,12698.2,1,87441
11,1174,12699.6,1,87442
11,1176,12703.9,1,87447
11,1177,12714.8,1,87457
11,1178,13972.2,1,89477
11,1179,13986.4,1,89488
11,1180,14004.4,1,89504
11,1181,14494.8,1,90111
11,1182,14869.3,1,90522
11,1184,14928.7,1,90583
11,1185,15683.9,1,91419
11,1187,15758.1,1,91477
12,1036,0.333176,1,1
12,1038,0.997159,1,2
12,1040,1.58653,1,4
12,1042,2.12222,1,5
12,1043,3.04595,1,7
12,1044,3.61243,1,9
12,1045,4.08377,1,10
12,1047,4.6617,1,11
12,1051,5.13383,1,12
12,1052,5.60675,1,13
12,1053,6.18704,1,14
12,1054,7.36737,1,19
12,1055,8.08306,1,21
12,1056,8.55125,1,22
12,1058,9.30918,1,27
12,1060,9.84684,1,28
12,1062,10.6403,1,29
12,1063,11.2988,1,32
12,1064,15.075,1,80
12,1065,15.5464,1,81
12,1066,17.6137,1,108
12,1067,18.0839,1,109
12,1068,19.1083,1,117
12,1069,19.6218,1,119
12,1070,20.0833,1,120
12,1072,20.6431,1,122
12,1073,21.1081,1,123
12,1075,21.5818,1,124
12,1076,25.9948,1,153
12,1077,27.1574,1,163
12,1078,27.6871,1,164
12,1079,31.3146,1,206
12,1080,31.9718,1,208
12,1081,32.4404,1,209
12,1082,33.318,1,215
12,1084,33.9314,1,217
12,1085,36.1898,1,233
12,1086,36.7405,1,235
12,1088,47.3449,1,339
12,1089,48.1786,1,340
12,1091,51.1022,1,373
12,1092,51.7247,1,374
12,1093,54.8903,1,412
12,1095,66.5404,1,543
12,1096,67.549,1,549
12,1098,235.575,1,2990
12,1100,237.417,1,2991
12,1101,238.008,1,2992
12,1102,238.465,1,2994
12,1104,238.957,1,2995
12,1105,239.634,1,2997
12,1106,240.322,1,2999
12,1107,1332.28,1,17696
12,1108,1334.21,1,17698
12,1109,1492.79,1,19794
12,1110,1614.61,1,21311
12,1111,1616.37,1,21321
12,1112,1616.99,1,21322
12,1114,1617.68,1,21324
12,1116,3408.54,1,40419
12,1118,3615.99,1,42317
12,1119,3791.65,1,43956
12,1120,3792.45,1,43957
12,1121,3793.65,1,43961
12,1122,3795.98,1,43969
12,1123,3796.88,1,43970
12,1124,4409.78,1,49493
12,1127,4411.82,1,49494
12,1129,4887.63,1,53544
12,1130,5254.53,1,56430
12,1131,5256.84,1,56431
12,1132,6125.93,1,62628
12,1133,6126.72,1,62629
12,1135,6127.38,1,62630
12,1136,6129.1,1,62637
12,1137,6424.87,1,64570
12,1138,6427.19,1,64573
12,1139,6428.25,1,64574
12,1140,7478.08,1,70691
12,1142,7480.1,1,70698
12,1143,7481.12,1,70701
12,1144,7482.11,1,70702
12,1145,7678.51,1,71742
12,1146,8370.27,1,75031
12,1147,8803.38,1,76787
12,1148,8823.13,1,76847
12,1149,8828.74,1,76862
12,1151,8873.24,1,77027
12,1153,8931.83,1,77261
12,1154,8934.32,1,77264
12,1155,8936.64,1,77265
12,1156,8937.15,1,77266
12,1157,10367.9,1,82408
12,1160,10537.7,1,82839
12,1161,10540,1,82844
12,1162,11245,1,84729
12,1163,11249.9,1,84734
12,1164,11280.4,1,84779
12,1166,11284.8,1,84781
12,1167,12340,1,87090
12,1169,12549,1,87475
12,1170,12551,1,87476
12,1171,12576.8,1,87520
12,1172,12752.9,1,87846
12,1173,12755.2,1,87848
12,1174,12756.8,1,87849
12,1175,12805.2,1,87905
12,1176,13838.6,1,89505
12,1178,13840.8,1,89506
12,1179,13851.1,1,89513
12,1180,14196.4,1,89943
12,1181,14198.8,1,89945
12,1182,14230.5,1,89974
12,1183,14558,1,90397
12,1184,17093.7,1,92473
12,1186,17130.3,1,92506
13,1058,2.11551,1,1
13,1060,2.99266,1,5
13,1063,3.47703,1,6
13,1064,4.05219,1,9
13,1065,4.58867,1,10
13,1066,6.40021,1,32
13,1068,6.87392,1,33
13,1069,7.39579,1,34
13,1070,8.28242,1,39
13,1071,9.05298,1,40
13,1073,12.3109,1,70
13,1074,13.0444,1,71
13,1075,13.5212,1,72
13,1076,14.0818,1,74
13,1078,14.7774,1,78
13,1079,16.2372,1,91
13,1081,18.314,1,116
13,1082,19.1821,1,120
13,1083,19.8338,1,121
13,1084,24.3652,1,173
13,1086,34.7726,1,306
13,1087,35.6976,1,307
13,1088,38.6377,1,342
13,1089,50.9269,1,478
13,1090,55.6396,1,541
13,1091,56.3387,1,543
13,1092,57.5218,1,544
13,1094,59.8196,1,560
13,1095,133.151,1,1603
13,1098,144.386,1,1721
13,1099,521.49,1,7005
13,1100,522.214,1,7006
13,1101,598.817,1,7976
13,1102,601.581,1,8008
13,1104,1011.44,1,13371
13,1105,1070.8,1,14125
13,1107,1141.35,1,15023
13,1108,1143.36,1,15026
13,1109,1144.04,1,15027
13,1110,1339.73,1,17532
13,1111,1349.02,1,17631
13,1112,1582.69,1,20520
13,1113,1583.61,1,20522
13,1114,1584.36,1,20523
13,1115,1585.34,1,20524
13,1117,1586.19,1,20528
13,1118,3076.18,1,37252
13,1120,3456.55,1,41028
13,1122,3457.37,1,41029
13,1123,3458.34,1,41031
13,1125,4133.56,1,47211
13,1126,4134.27,1,47212
13,1127,4446.92,1,49668
13,1128,4451.08,1,49689
13,1129,5057.66,1,54565
13,1130,5058.49,1,54566
13,1131,5694.41,1,59236
13,1132,5697.07,1,59246
13,1134,5697.96,1,59247
13,1135,5698.95,1,59249
13,1136,5861.95,1,60374
13,1138,5863.92,1,60375
13,1140,6848.05,1,66764
13,1141,6850.17,1,66765
13,1142,7375.14,1,69663
13,1145,7377.01,1,69664
13,1147,7377.63,1,69665
13,1149,8565.52,1,75502
13,1150,8567.64,1,75503
13,1151,8568.33,1,75504
13,1152,9119.34,1,77756
13,1153,9122.74,1,77758
13,1154,9206.11,1,78074
13,1155,9207.95,1,78075
13,1156,10137.2,1,81366
13,1159,10265.8,1,81796
13,1160,10267,1,81797
13,1161,10268.7,1,81800
13,1162,10269.8,1,81801
13,1163,12375.9,1,87119
13,1164,12377,1,87120
13,1165,12378.6,1,87121
13,1167,12465.9,1,87285
13,1168,12802.8,1,87945
13,1169,12805.2,1,87946
13,1171,12808.9,1,87948
13,1172,12810.8,1,87949
13,1173,12845.3,1,87996
13,1174,13034,1,88338
13,1175,13036.7,1,88339
13,1176,13051.5,1,88356
13,1177,13633.4,1,89214
13,1178,13652.5,1,89237
13,1179,15164.1,1,91038
13,1180,15167.6,1,91039
13,1181,15251.7,1,91098
13,1182,17487,1,92833
14,1058,0.226986,1,1
14,1059,4.96605,1,62
14,1061,5.74768,1,64
14,1063,6.70931,1,71
14,1066,7.52764,1,72
14,1067,8.05543,1,73
14,1068,8.52835,1,74
14,1070,10.5768,1,97
14,1071,11.1851,1,99
14,1072,13.7111,1,125
14,1073,14.2614,1,126
14,1076,14.8275,1,127
14,1078,15.3924,1,128
14,1079,16.1132,1,131
14,1080,18.3408,1,148
14,1082,18.8296,1,149
14,1083,19.4252,1,153
14,1084,20.6462,1,161
14,1086,21.1255,1,162
14,1087,21.645,1,164
14,1089,22.2016,1,166
14,1090,22.6619,1,167
14,1091,52.3303,1,536
14,1094,54.2303,1,537
14,1095,58.571,1,583
14,1096,60.5938,1,594
14,1097,61.9407,1,598
14,1099,63.4427,1,608
14,1100,64.6507,1,618
14,1101,65.3838,1,620
14,1103,65.9842,1,621
14,1105,66.5396,1,622
14,1106,151.345,1,1781
14,1108,152.496,1,1784
14,1110,1212.98,1,16255
14,1113,1214.93,1,16256
14,1114,1844.96,1,24215
14,1115,1845.75,1,24216
14,1116,2717.65,1,33935
14,1117,2719.15,1,33936
14,1118,3401.91,1,40807
14,1119,3421.97,1,41005
14,1121,3424.14,1,41014
14,1122,3963.75,1,46067
14,1123,4128.72,1,47637
14,1125,4132.75,1,47655
14,1126,4134.52,1,47656
14,1127,4602.33,1,51655
14,1128,4604.23,1,51656
14,1129,4787.08,1,53142
14,1130,4789.21,1,53145
14,1131,4880.17,1,53814
14,1132,6088.99,1,62692
14,1133,6091.14,1,62694
14,1134,6108.33,1,62796
14,1136,6111.04,1,62799
14,1137,6116.12,1,62818
14,1138,6628.94,1,65993
14,1139,6630.11,1,65995
14,1142,6631.62,1,65998
14,1143,6632.68,1,66000
14,1146,6655.82,1,66110
14,1147,8729.28,1,76676
14,1148,8731.17,1,76677
14,1150,8930.77,1,77504
14,1151,8931.91,1,77508
14,1152,9948.07,1,81212
14,1153,9949.97,1,81213
14,1155,10118.9,1,81771
14,1156,10121.1,1,81772
14,1157,10126.3,1,81783
14,1159,10127.7,1,81784
14,1161,10131.5,1,81790
14,1162,10133.4,1,81791
14,1163,10875.2,1,83893
14,1165,10958.7,1,84098
14,1166,10959.8,1,84099
14,1168,11277.3,1,84905
14,1169,11278.6,1,84906
14,1170,11488.8,1,85432
14,1171,12315.5,1,87185
14,1172,12317.1,1,87186
14,1173,13494.1,1,89155
14,1175,14954,1,90939
14,1176,15207.4,1,91189
14,1177,15666.1,1,91656
14,1179,15668.9,1,91657
14,1181,15941,1,91890
14,1182,16107.4,1,92000
14,1183,16227.1,1,92071
14,1184,16251.9,1,92091
15,1054,0.226197,1,1
15,1056,0.875968,1,2
15,1057,1.64496,1,6
15,1058,2.12617,1,7
15,1059,3.08188,1,17
15,1063,3.60217,1,18
15,1064,4.12009,1,19
15,1066,4.62775,1,21
15,1067,5.35252,1,25
15,1068,6.49653,1,29
15,1069,11.2474,1,84
15,1070,12.3863,1,86
15,1072,12.9177,1,87
15,1073,13.3906,1,88
15,1074,14.0325,1,92
15,1075,14.5255,1,93
15,1076,14.974,1,94
15,1078,20.6376,1,158
15,1081,21.5076,1,160
15,1082,22.2383,1,161
15,1083,26.8289,1,216
15,1085,27.8999,1,217
15,1086,28.3985,1,218
15,1087,29.0108,1,220
15,1090,29.5188,1,221
15,1093,33.5627,1,262
15,1094,34.5362,1,266
15,1095,35.1394,1,267
15,1096,36.5573,1,268
15,1097,37.4902,1,269
15,1098,38.5414,1,271
15,1099,180.845,1,2291
15,1100,182.787,1,2292
15,1101,184.106,1,2295
15,1102,233.722,1,3006
15,1103,237.058,1,3027
15,1104,238.588,1,3030
15,1105,239.41,1,3036
15,1106,530.071,1,7110
15,1107,537.468,1,7194
15,1109,978.72,1,13103
15,1112,1183.74,1,15598
15,1113,1675.11,1,21825
15,1114,1677.14,1,21827
15,1116,1677.81,1,21828
15,1117,3153.91,1,38291
15,1118,3154.68,1,38292
15,1119,3155.53,1,38295
15,1121,3156.46,1,38296
15,1124,3157.23,1,38297
15,1125,3798.02,1,44515
15,1126,3798.67,1,44516
15,1128,3824.29,1,44718
15,1129,3828.2,1,44740
15,1130,3829.96,1,44752
15,1131,5562.13,1,59149
15,1132,5564.11,1,59150
15,1133,5870.59,1,61244
15,1134,5871.86,1,61246
15,1135,6244.43,1,63664
15,1138,6246.52,1,63665
15,1139,7137.02,1,69162
15,1141,7419.36,1,70629
15,1143,7421.35,1,70630
15,1144,7422.69,1,70631
15,1146,7472.64,1,70867
15,1148,8620.4,1,76197
15,1149,8621.87,1,76198
15,1150,8622.41,1,76199
15,1151,8623.23,1,76200
15,1152,8624.95,1,76201
15,1153,9809.34,1,80726
15,1154,9811.3,1,80727
15,1155,9843.08,1,80834
15,1156,9945.15,1,81146
15,1157,9947.11,1,81147
15,1158,9950.2,1,81150
15,1159,9951.31,1,81151
15,1160,10169.2,1,81781
15,1162,10170.1,1,81784
15,1164,10172.4,1,81788
15,1165,11669.7,1,85781
15,1166,11726.2,1,85887
15,1167,11874.6,1,86210
15,1168,11877.2,1,86213
15,1169,11879,1,86214
15,1170,11881.8,1,86215
15,1171,11949.3,1,86339
15,1172,13441.3,1,88952
15,1173,13456.1,1,88961
15,1174,14805,1,90698
15,1176,14810.9,1,90703
15,1177,14853.4,1,90739
15,1178,15614.7,1,91502
15,1179,15698.6,1,91567
15,1181,15899.8,1,91767
16,1040,0.286595,1,1
16,1042,0.920181,1,2
16,1043,1.40573,1,3
16,1045,2.26749,1,9
16,1047,2.97569,1,10
16,1048,3.66927,1,11
16,1049,4.19549,1,12
16,1050,4.985,1,13
16,1052,5.96124,1,16
16,1053,6.54746,1,17
16,1055,7.25683,1,20
16,1056,7.72936,1,21
16,1058,8.91206,1,35
16,1060,9.3759,1,36
16,1061,10.1338,1,37
16,1062,10.6553,1,38
16,1064,11.1191,1,39
16,1065,11.5861,1,40
16,1066,12.6311,1,49
16,1067,13.0981,1,50
16,1068,13.5552,1,51
16,1069,14.0155,1,53
16,1071,14.67,1,56
16,1072,15.3336,1,60
16,1073,15.7903,1,61
16,1074,16.2577,1,62
16,1078,17.243,1,71
16,1081,27.9903,1,163
16,1082,29.2906,1,172
16,1083,30.3727,1,178
16,1084,30.8638,1,179
16,1085,32.1961,1,195
16,1086,56.9395,1,539
16,1088,58.0539,1,542
16,1089,58.4806,1,543
16,1090,59.1253,1,548
16,1091,59.537,1,549
16,1092,59.944,1,550
16,1094,60.3889,1,552
16,1095,60.7896,1,553
16,1096,111.452,1,1263
16,1097,113.522,1,1266
16,1098,209.958,1,2525
16,1099,438.704,1,5725
16,1101,439.479,1,5726
16,1102,440.622,1,5727
16,1103,442.542,1,5744
16,1104,443.044,1,5745
16,1105,457.157,1,5922
16,1106,514.682,1,6713
16,1108,518.005,1,6732
16,1109,519.519,1,6734
16,1110,520.445,1,6740
16,1112,1297.53,1,16704
16,1114,1298.6,1,16706
16,1115,1299.46,1,16709
16,1116,1301.42,1,16711
16,1117,3020.89,1,35957
16,1118,3023.27,1,35972
16,1119,3023.98,1,35973
16,1120,3024.63,1,35974
16,1121,3565.05,1,41095
16,1122,3902.17,1,44304
16,1123,3903.96,1,44305
16,1124,4555.1,1,50047
16,1125,4557.21,1,50049
16,1126,4558.94,1,50053
16,1128,4560.63,1,50060
16,1129,5374.11,1,56436
16,1130,5375.08,1,56437
16,1131,5375.75,1,56438
16,1132,5404.65,1,56621
16,1133,6097.1,1,61470
16,1135,6166.28,1,61899
16,1136,6168.26,1,61900
16,1138,6168.85,1,61901
16,1139,6169.27,1,61902
16,1140,6170.15,1,61903
16,1141,6170.88,1,61906
16,1142,6175.1,1,61927
16,1143,6176.54,1,61928
16,1144,6178.16,1,61930
16,1145,8570.45,1,75029
16,1146,8710.04,1,75612
16,1149,8712.61,1,75617
16,1150,8714.5,1,75621
16,1151,8746.96,1,75756
16,1152,8749.25,1,75759
16,1153,8750.5,1,75760
16,1154,8751.11,1,75761
16,1155,8752.21,1,75762
16,1156,10057.6,1,80572
16,1157,10058.5,1,80573
16,1159,10059.4,1,80574
16,1160,11299.8,1,84196
16,1161,11300.9,1,84197
16,1162,11304.2,1,84204
16,1163,11483.8,1,84580
16,1164,11895,1,85533
16,1165,12288.4,1,86412
16,1166,12290.7,1,86413
16,1168,12291.5,1,86414
16,1169,14882.5,1,90540
16,1170,14891.8,1,90545
16,1171,14900.2,1,90551
16,1172,15147.8,1,90860
16,1173,15208.3,1,90917
16,1174,15571.8,1,91284
16,1175,15699.2,1,91447
16,1176,15702.3,1,91448
16,1177,15775.3,1,91515
16,1178,15788.7,1,91521
16,1179,16123.3,1,91783
16,1180,16557.3,1,92152
16,1181,16628.9,1,92207
16,1182,16787.7,1,92333
16,1183,17075.7,1,92503
17,1049,0.37502,1,1
17,1050,1.41955,1,5
17,1051,2.06656,1,9
17,1052,2.53632,1,10
17,1053,2.98911,1,11
17,1055,3.57532,1,13
17,1056,4.31076,1,16
17,1058,4.76947,1,17
17,1061,5.27515,1,19
17,1062,5.72162,1,20
17,1064,6.2202,1,22
17,1066,6.67812,1,23
17,1067,7.40211,1,24
17,1068,7.86989,1,25
17,1069,8.33531,1,26
17,1070,8.7956,1,27
17,1073,9.24326,1,28
17,1075,9.97395,1,32
17,1076,10.4631,1,33
17,1077,11.0848,1,36
17,1078,23.8248,1,201
17,1080,25.8472,1,222
17,1082,26.4223,1,223
17,1083,27.0014,1,225
17,1084,29.2539,1,238
17,1085,30.2515,1,245
17,1087,30.7394,1,246
17,1088,31.3154,1,248
17,1089,31.7784,1,249
17,1091,32.2403,1,250
17,1093,33.237,1,257
17,1094,34.2425,1,263
17,1095,35.4023,1,273
17,1096,38.4249,1,288
17,1097,39.4482,1,291
17,1098,40.7892,1,292
17,1100,141.092,1,1720
17,1101,145.006,1,1753
17,1103,228.203,1,2969
17,1104,1074.9,1,14534
17,1105,1076.88,1,14535
17,1106,1201.31,1,16150
17,1107,1208.56,1,16227
17,1108,1210.41,1,16228
17,1109,1291.62,1,17331
17,1111,1292.92,1,17332
17,1113,1295.46,1,17346
17,1117,2029.01,1,26328
17,1118,2029.97,1,26329
17,1120,2877.94,1,35744
17,1122,3492.27,1,41919
17,1123,3496.27,1,41933
17,1124,3497.63,1,41934
17,1126,3498.18,1,41935
17,1128,3499.04,1,41938
17,1129,3499.65,1,41940
17,1132,5344.26,1,57652
17,1134,5346.21,1,57654
17,1135,5348.26,1,57661
17,1136,5360.24,1,57754
17,1137,5362.66,1,57762
17,1138,6627.32,1,66302
17,1139,6630.66,1,66309
17,1141,7021.19,1,68627
17,1142,7072.27,1,68886
17,1143,7074.47,1,68887
17,1144,7078.54,1,68902
17,1145,7080.19,1,68903
17,1146,8737.48,1,76977
17,1149,8741.41,1,76989
17,1150,8793.32,1,77211
17,1151,9375.56,1,79474
17,1152,9377.38,1,79475
17,1153,9378.42,1,79476
17,1154,9380.5,1,79477
17,1155,9381.19,1,79478
17,1156,9757.84,1,80783
17,1157,10042.3,1,81800
17,1158,10044.1,1,81801
17,1159,10046.2,1,81806
17,1160,10085.3,1,81906
17,1161,10094.4,1,81927
17,1162,10754.8,1,83807
17,1163,12028.2,1,86750
17,1164,12147.5,1,86980
17,1165,12624,1,87926
17,1166,12626.4,1,87927
17,1167,12660.2,1,87995
17,1168,12662.4,1,87996
17,1170,12663.8,1,87997
17,1171,12671,1,88002
17,1172,12679.5,1,88013
17,1173,12683.3,1,88018
17,1174,12685.6,1,88019
17,1175,13182.9,1,88805
17,1178,14295.5,1,90318
17,1180,15301.2,1,91355
17,1181,15338.3,1,91382
17,1182,16209.9,1,92042
18,1059,0.263304,1,1
18,1060,0.864915,1,2
18,1061,1.34928,1,3
18,1064,1.87549,1,5
18,1066,2.35078,1,6
18,1067,2.86673,1,7
18,1068,3.56861,1,11
18,1069,4.27405,1,15
18,1070,5.3616,1,24
18,1073,6.09112,1,25
18,1074,6.90037,1,27
18,1075,7.77555,1,28
18,1076,8.24492,1,29
18,1077,14.5326,1,112
18,1078,15.6849,1,124
18,1079,16.1942,1,126
18,1080,16.7152,1,128
18,1082,17.3682,1,131
18,1084,25.437,1,236
18,1085,26.3983,1,238
18,1086,26.9864,1,239
18,1087,59.9823,1,717
18,1088,90.5144,1,1133
18,1089,92.427,1,1134
18,1090,92.9722,1,1135
18,1092,93.378,1,1136
18,1093,93.8308,1,1137
18,1094,94.2358,1,1138
18,1095,94.6945,1,1140
18,1096,95.1852,1,1142
18,1097,95.756,1,1145
18,1098,96.2554,1,1147
18,1099,96.934,1,1152
18,1100,97.7188,1,1156
18,1101,137.084,1,1719
18,1102,138.161,1,1720
18,1103,406.463,1,5644
18,1106,407.175,1,5645
18,1107,407.8,1,5646
18,1109,408.577,1,5647
18,1111,411.112,1,5672
18,1112,1263.8,1,17043
18,1113,1265.61,1,17061
18,1114,1266.74,1,17067
18,1115,2777.63,1,34536
18,1116,2779.58,1,34538
18,1119,2785.77,1,34585
18,1120,3180.79,1,38722
18,1121,3182.62,1,38723
18,1122,3183.43,1,38725
18,1123,3183.84,1,38726
18,1125,3193.09,1,38801
18,1127,3194.92,1,38802
18,1128,3195.65,1,38805
18,1129,3907.38,1,45608
18,1131,3910.7,1,45617
18,1132,5479.48,1,58595
18,1133,5480.23,1,58596
18,1134,5480.93,1,58597
18,1136,5481.68,1,58598
18,1137,5483.61,1,58609
18,1138,5485.79,1,58615
18,1140,5486.48,1,58616
18,1142,5487.22,1,58617
18,1143,7240.64,1,69521
18,1144,7245.57,1,69528
18,1145,7327.27,1,69969
18,1146,8214.67,1,74235
18,1147,8602.42,1,75912
18,1148,8606.63,1,75921
18,1149,8612.72,1,75946
18,1150,8613.9,1,75949
18,1151,8614.83,1,75952
18,1152,8615.51,1,75953
18,1153,8788.46,1,76671
18,1156,8790.61,1,76672
18,1158,10436.7,1,82395
18,1159,10484.6,1,82510
18,1160,10486.2,1,82511
18,1162,10488.5,1,82512
18,1163,10927.7,1,83622
18,1164,11197.1,1,84360
18,1166,11685.7,1,85508
18,1168,11921.6,1,85994
18,1170,11924.5,1,85995
18,1171,12309.9,1,86778
18,1173,12384.3,1,86913
18,1175,14757.4,1,90401
18,1176,15328.1,1,91047
18,1179,15334.2,1,91048
18,1180,15338,1,91049
18,1181,16355.9,1,91921
18,1182,16359.1,1,91922
18,1183,16388.4,1,91935
19,1067,0.329623,1,1
19,1068,0.948208,1,2
19,1070,3.73836,1,33
19,1071,4.27878,1,34
19,1072,4.93013,1,38
19,1074,5.48121,1,40
19,1077,6.98761,1,45
19,1078,12.046,1,107
19,1080,12.6105,1,108
19,1081,13.0728,1,109
19,1082,16.5589,1,143
19,1084,18.5505,1,156
19,1086,19.0222,1,157
19,1087,19.9716,1,162
19,1088,20.4473,1,163
19,1089,20.9099,1,164
19,1091,21.369,1,165
19,1092,21.8905,1,166
19,1093,25.5578,1,200
19,1094,87.2206,1,1082
19,1095,88.3504,1,1083
19,1096,88.834,1,1084
19,1098,94.3799,1,1151
19,1099,95.4308,1,1153
19,1100,96.0726,1,1154
19,1101,96.9462,1,1160
19,1102,481.452,1,6673
19,1103,483.369,1,6674
19,1104,483.911,1,6675
19,1105,562.294,1,7795
19,1106,841.596,1,11562
19,1108,846.766,1,11619
19,1109,847.801,1,11623
19,1111,848.485,1,11625
19,1112,1987.21,1,26049
19,1113,1988.16,1,26050
19,1114,2461.88,1,31283
19,1116,2466.41,1,31310
19,1117,2468.08,1,31311
19,1119,2468.6,1,31314
19,1120,2609.26,1,32861
19,1121,2610.81,1,32872
19,1122,2684.99,1,33598
19,1123,3914.43,1,45832
19,1124,3916.59,1,45834
19,1125,4228.89,1,48726
19,1126,4230.82,1,48727
19,1127,4231.56,1,48728
19,1128,4545.34,1,51342
19,1129,4673.94,1,52462
19,1130,5190.8,1,56616
19,1131,6015.24,1,62475
19,1132,6019.2,1,62485
19,1133,6020.8,1,62486
19,1134,6022.04,1,62490
19,1135,6024.86,1,62502
19,1136,6400.8,1,64783
19,1137,6401.78,1,64784
19,1138,6413.83,1,64847
19,1139,6591.36,1,65902
19,1140,6737.86,1,66663
19,1142,6739.2,1,66664
19,1143,7285.73,1,69831
19,1145,7287.42,1,69832
19,1146,8261.02,1,74624
19,1147,8264.82,1,74629
19,1149,8266.37,1,74630
19,1150,8267.47,1,74632
19,1152,8267.89,1,74633
19,1153,9011.04,1,77780
19,1154,9210.94,1,78551
19,1155,9226.09,1,78591
19,1156,9227.18,1,78593
19,1157,9227.93,1,78597
19,1158,9228.39,1,78598
19,1160,9788.75,1,80589
19,1161,9790.23,1,80592
19,1162,10911.7,1,83803
19,1163,11041.6,1,84108
19,1165,11055.5,1,84128
19,1166,12273.6,1,86906
19,1168,12278.1,1,86910
19,1169,12495.1,1,87273
19,1172,13375,1,88701
19,1173,13423.9,1,88760
19,1174,14623.8,1,90328
19,1175,14957.7,1,90645
19,1176,15024.5,1,90723
19,1178,15047,1,90743
19,1179,15154.9,1,90830
19,1181,15160.9,1,90831
19,1182,15253.4,1,90915
19,1183,15531.9,1,91186
19,1184,15591.4,1,91219
20,1048,0.271199,1,1
20,1051,1.28217,1,2
20,1055,1.77917,1,3
20,1056,2.35315,1,5
20,1057,2.89871,1,6
20,1058,3.41821,1,7
20,1060,4.11575,1,9
20,1061,4.72565,1,11
20,1063,5.31897,1,13
20,1065,6.10256,1,16
20,1068,7.91884,1,32
20,1069,8.64441,1,34
20,1070,9.3759,1,38
20,1072,9.98659,1,39
20,1074,11.3801,1,41
20,1076,21.7204,1,172
20,1078,22.3986,1,174
20,1079,22.9579,1,177
20,1081,30.7603,1,261
20,1084,50.381,1,546
20,1086,52.8912,1,559
20,1087,58.6172,1,630
20,1090,59.7261,1,631
20,1091,86.5823,1,1044
20,1092,88.4901,1,1046
20,1093,89.993,1,1055
20,1094,90.6269,1,1060
20,1096,108.383,1,1305
20,1098,311.139,1,4221
20,1099,382.8,1,5248
20,1100,383.498,1,5249
20,1102,384.195,1,5251
20,1104,384.85,1,5252
20,1105,385.597,1,5253
20,1107,641.527,1,8862
20,1108,953.853,1,13053
20,1110,954.85,1,13054
20,1111,1157.43,1,15639
20,1112,2023.61,1,26280
20,1113,2024.44,1,26283
20,1114,2944.52,1,36594
20,1116,2946.46,1,36596
20,1117,2947.33,1,36601
20,1118,2947.89,1,36602
20,1120,2948.34,1,36603
20,1121,2948.97,1,36606
20,1122,2950.42,1,36611
20,1123,2950.87,1,36612
20,1124,2951.71,1,36615
20,1126,4265.08,1,49150
20,1128,4266.19,1,49154
20,1129,4268.04,1,49160
20,1131,5502.59,1,58832
20,1132,5504.6,1,58834
20,1134,5508.38,1,58849
20,1135,6039.56,1,62607
20,1136,6447.43,1,65168
20,1138,6536.61,1,65682
20,1139,6538.14,1,65687
20,1140,6539.23,1,65688
20,1142,6539.88,1,65689
20,1143,7020.55,1,68494
20,1145,7022.47,1,68498
20,1146,7880.83,1,72857
20,1147,7881.8,1,72858
20,1148,8101.18,1,73908
20,1150,8103.12,1,73909
20,1152,8103.87,1,73910
20,1155,8466.03,1,75393
20,1156,8466.97,1,75394
20,1157,8469.61,1,75401
20,1159,8471.09,1,75404
20,1160,8472.12,1,75405
20,1164,8472.87,1,75406
20,1165,8473.97,1,75408
20,1166,12665.7,1,87588
20,1168,12846.5,1,87907
20,1170,13008.4,1,88160
20,1171,13087.8,1,88268
20,1172,13089.1,1,88269
20,1173,13876.7,1,89431
20,1174,15665,1,91338
20,1175,15868.6,1,91499
20,1177,15872.3,1,91500
20,1178,17766.9,1,92754
20,1179,17880.4,1,92798
20,1180,18006.9,1,92878
20,1181,18060.5,1,92905
