11,2103,1039.63,99
11,2110,1566.16,190
11,2102,1779.07,263
11,2123,2689.26,374
11,2105,3186.49,454
11,2129,3947.38,549
11,2120,4913.75,660
11,2108,5304.87,740
11,2077,5683.15,810
11,2098,6233.68,886
11,2108,6646.59,971
11,2129,7184.95,1068
11,2120,7906.71,1172
11,2108,8300.24,1252
11,2108,8765.94,1339
11,2122,9232.81,1430
11,2115,9939.16,1526
11,2127,11021.2,1641
11,2115,11365.6,1724
11,2105,11826.4,1807
11,2096,12162,1886
11,2120,12569.3,1971
11,2113,13092.9,2056
11,2108,13736.1,2150
11,2118,14344.7,2251
11,2101,14802.1,2332
11,2109,15645.2,2433
11,2131,17062.8,2553
11,2112,17534.6,2641
11,2117,18484.3,2745
11,2123,19012.4,2834
11,2121,19790,2936
11,2101,20304.4,3018
11,2106,20631,3087
11,2130,21577.9,3193
11,2110,22206.9,3275
11,2131,23113.6,3386
11,2110,24269,3485
11,2121,24872.9,3583
11,2113,25301.9,3653
11,2110,25759.9,3736
11,2105,26151.7,3815
11,2114,26769.6,3896
11,2109,27284.8,3979
11,2115,28097.6,4082
11,2093,28409.8,4150
11,2101,28920.1,4229
11,2109,29547.8,4313
11,2111,30185.9,4402
11,2113,30622.4,4499
11,2125,31166.3,4598
11,2108,31618.8,4680
11,2124,32343.2,4770
11,2124,32919.9,4859
11,2115,33684.3,4958
11,2118,34098.7,5046
11,2098,34586.7,5116
11,2106,35280.1,5204
11,2117,35798.3,5290
11,2113,36334.8,5386
11,2116,36940.7,5476
11,2092,37381.9,5546
11,2116,37752.1,5630
11,2113,38117.9,5703
11,2114,38657.6,5781
11,2122,39249.5,5872
11,2127,39854.8,5971
11,2111,40534.4,6056
11,2110,41691.3,6163
11,2111,42252.6,6245
11,2118,43316.4,6348
11,2113,43911.9,6445
11,2115,44201.9,6529
11,2113,44893.6,6615
11,2115,45819.3,6710
11,2118,46256.5,6782
11,2110,46658.3,6863
11,2129,47481.8,6963
11,2119,47773.6,7047
11,2112,48256.7,7144
11,2107,48653.8,7221
11,2118,49468.9,7317
11,2108,49987.1,7400
11,2127,50788.9,7509
11,2102,51241.7,7591
11,2107,51817.1,7679
11,2107,52378.9,7758
11,2114,52954.4,7843
11,2124,53301.5,7928
11,2107,53639.5,8005
11,2112,54288.9,8099
11,2121,54804.6,8182
11,2119,55573.3,8284
11,2104,56028.9,8368
11,2105,56360.7,8444
11,2118,56782.2,8533
11,2110,57128.2,8616
11,2112,57451.5,8688
11,2113,57990.2,8788
11,2113,58510.3,8873
11,2125,59360.8,8986
11,2103,59839.7,9079
11,2099,60415,9162
11,2106,60882.4,9245
11,2106,61810.8,9343
11,2114,62500.6,9433
11,2114,62914.1,9515
11,2095,63362.7,9597
11,2106,63935.9,9681
11,2107,64861.3,9781
11,2100,65384.9,9864
11,2107,65824.1,9938
11,2112,66412,10030
11,2107,67240.4,10119
11,2114,67818.9,10207
11,2114,68530.7,10307
11,2115,69160.9,10390
11,2115,69489,10464
11,2118,70057.8,10549
11,2115,70464.9,10635
11,2110,70922.4,10721
11,2124,71536.1,10828
11,2127,72138,10925
11,2105,72962.2,11020
11,2111,73625.1,11118
11,2108,74007.4,11192
11,2108,74348.3,11272
11,2112,74797.4,11350
11,2094,75063,11420
11,2113,75810.5,11514
11,2117,76435.5,11605
11,2113,77008.7,11685
11,2111,77779.9,11781
11,2115,78665.4,11879
11,2115,79289.1,11964
11,2115,80011.8,12065
11,2125,80561.2,12163
11,2099,81231.2,12240
11,2104,81711.5,12309
11,2115,82117,12393
11,2109,82523,12475
11,2106,83170.2,12564
11,2110,83777,12638
11,2101,84293.1,12721
11,2106,85183.6,12819
11,2115,85706.1,12907
11,2119,86508.2,13002
11,2089,86876.1,13070
11,2108,87636.4,13164
11,2115,87899.6,13232
11,2107,88283.5,13309
11,2115,88869.3,13402
11,2119,89435,13484
11,2104,89826.8,13564
11,2099,90098.8,13638
11,2118,90497.4,13719
11,2114,91178.5,13804
11,2106,91756.8,13891
11,2124,92260.2,13972
11,2111,92730.1,14059
11,2111,93313.1,14148
11,2104,93729.9,14237
11,2112,94022.4,14321
11,2107,94618.7,14412
11,2116,95269.4,14512
11,2094,95858.1,14605
11,2114,96330.2,14697
11,2120,97262.1,14802
11,2117,97949.5,14891
11,2138,98691.1,15001
11,2103,99014.2,15077
11,2120,99751,15165
11,2130,100475,15267
11,2110,101410,15358
11,2110,101995,15448
11,2122,102455,15528
11,2121,103098,15619
11,2114,103684,15711
11,2122,104546,15817
11,2113,105236,15905
11,2099,105479,15978
11,2106,105955,16060
11,2107,106543,16143
11,2123,107725,16265
11,2127,108794,16374
11,2107,109647,16462
11,2107,110390,16547
11,2119,110733,16628
11,2105,111190,16701
11,2106,111428,16776
11,2122,111907,16869
11,2110,112745,16966
11,2113,113549,17057
11,2118,114207,17150
11,2098,114707,17228
11,2126,115733,17335
11,2106,116109,17403
11,2105,116976,17502
11,2097,117298,17575
11,2112,117796,17669
11,2100,118149,17745
11,2114,118674,17829
11,2101,119245,17910
11,2101,119829,17999
11,2112,120509,18093
11,2111,121156,18184
11,2120,121799,18276
11,2124,122527,18376
11,2123,123318,18477
11,2109,123799,18561
11,2123,124778,18664
11,2124,125453,18755
11,2110,125968,18842
11,2123,126549,18940
11,2100,127098,19021
11,2124,127555,19108
11,2112,127980,19194
11,2113,128797,19297
11,2124,129413,19387
11,2113,130141,19477
11,2123,130855,19571
11,2111,131375,19654
11,2116,132271,19755
11,2114,132810,19849
11,2111,133614,19938
11,2120,134436,20029
11,2124,134870,20123
11,2108,135314,20198
11,2104,135696,20271
11,2108,136270,20354
11,2118,136801,20439
11,2128,137217,20533
11,2116,137916,20625
11,2123,138831,20713
11,2100,139148,20783
11,2122,139644,20884
11,2119,139906,20955
11,2102,140650,21045
11,2105,141165,21128
11,2092,141539,21198
11,2099,141917,21271
11,2109,142379,21359
11,2101,142774,21435
11,2100,143028,21502
11,2120,143676,21595
11,2103,144192,21680
11,2114,144428,21762
11,2122,145368,21862
11,2116,145816,21943
11,2106,146327,22023
11,2110,147045,22119
11,2120,147397,22198
11,2090,148035,22290
11,2123,149002,22394
11,2114,149641,22483
11,2111,149988,22566
12,2118,826.429,98
12,2104,1104.02,170
12,2102,1453.72,253
12,2109,1848.01,331
12,2113,2558.19,427
12,2106,3201.38,508
12,2100,3644.83,594
12,2112,4254.34,684
12,2106,4932.39,763
12,2097,5626.15,852
12,2110,6093.32,936
12,2122,6680.5,1030
12,2107,7427.31,1116
12,2108,7884.22,1196
12,2099,8256.1,1263
12,2093,8634.62,1331
12,2102,9290.62,1427
12,2096,9796.27,1505
12,2121,10664.6,1613
12,2123,11221.5,1714
12,2103,11571.1,1789
12,2111,12046,1870
12,2121,12451.6,1950
12,2112,12838.6,2026
12,2110,13608.7,2126
12,2103,14133.9,2212
12,2112,14445.5,2293
12,2110,15109.4,2391
12,2106,15699.8,2466
12,2100,16010.3,2547
12,2104,16551.1,2627
12,2110,17331.2,2723
12,2098,17960.7,2804
12,2109,18634.3,2893
12,2128,19452.2,2992
12,2094,19841,3056
12,2106,20179.3,3133
12,2119,20724.1,3226
12,2114,21505.9,3329
12,2110,21778.2,3404
12,2113,22269.9,3499
12,2105,22732.6,3577
12,2104,23445.5,3675
12,2116,24039.6,3768
12,2122,24654.4,3869
12,2111,25239,3954
12,2124,26022.7,4048
12,2111,26299.1,4119
12,2107,26638.3,4195
12,2097,26957.3,4269
12,2107,27521.1,4349
12,2111,27999.7,4440
12,2109,28539,4536
12,2102,28848,4625
12,2106,29298.9,4703
12,2106,30191.9,4804
12,2112,30550,4886
12,2108,31034,4963
12,2112,31452.1,5053
12,2122,31951,5128
12,2116,32422.4,5216
12,2104,32936.7,5298
12,2110,33399.1,5383
12,2100,33607.6,5453
12,2098,34165.3,5529
12,2120,34631.2,5611
12,2095,34964.3,5687
12,2100,35357.9,5765
12,2108,35773.1,5850
12,2114,36474.3,5940
12,2105,37117.3,6031
12,2113,37690.8,6113
12,2110,38283.5,6207
12,2108,38876.8,6299
12,2101,39460,6388
12,2105,39743.9,6465
12,2122,40847.2,6563
12,2110,41439.4,6655
12,2104,41828.8,6732
12,2110,42311.6,6823
12,2107,42902.2,6911
12,2115,43297.3,6990
12,2092,43905.9,7062
12,2110,44513.8,7162
12,2107,44973.4,7245
12,2110,45482.1,7325
12,2099,45763.9,7404
12,2134,46501.5,7513
12,2125,47467.1,7623
12,2097,47964.1,7693
12,2106,48248.9,7772
12,2096,48469.6,7847
12,2115,49002.7,7937
12,2116,49355.5,8020
12,2105,49973.4,8099
12,2117,50876.6,8205
12,2125,51390.9,8286
12,2121,51905.2,8371
12,2105,52482.7,8458
12,2100,52863.5,8528
12,2120,53432.7,8609
12,2105,53702.1,8681
12,2110,54262,8759
12,2109,54674.6,8846
12,2103,55082.7,8930
12,2108,55652.9,9013
12,2113,55971.8,9086
12,2114,56312.6,9164
12,2104,56764.4,9244
12,2110,57475.3,9338
12,2125,58294.9,9434
12,2108,58877.6,9523
12,2122,59297.3,9615
12,2095,59667.2,9685
12,2103,59952,9764
12,2096,60384.7,9833
12,2088,61067.2,9913
12,2111,61588,9997
12,2113,62276.3,10082
12,2107,62601.1,10152
12,2115,63342.5,10237
12,2120,63832.6,10310
12,2114,64533.6,10405
12,2118,64841.8,10495
12,2106,65378,10587
12,2115,66263.4,10688
12,2093,66593.1,10762
12,2111,67300.4,10853
12,2122,68510.9,10958
12,2137,69860.8,11068
12,2126,71147,11182
12,2116,72054.1,11284
12,2091,72463.7,11354
12,2097,72868,11434
12,2120,73983.2,11548
12,2110,74449.2,11633
12,2114,75344.4,11726
12,2108,76026.7,11817
12,2110,76994.5,11907
12,2090,77439.3,11984
12,2116,77793.4,12064
12,2127,78875.6,12178
12,2116,79483.7,12278
12,2102,79992.3,12357
12,2123,80592.8,12450
12,2107,81076.2,12542
12,2122,81776.7,12634
12,2127,82263.7,12728
12,2127,82813.3,12824
12,2116,83403.5,12912
12,2103,84055,12992
12,2108,84637,13078
12,2113,85478.6,13182
12,2116,86316.5,13288
12,2107,86790.5,13377
12,2120,87324,13467
12,2108,87976.7,13563
12,2119,88850.1,13658
12,2122,89351.2,13749
12,2111,89949.8,13831
12,2110,90442.9,13913
12,2107,91038,14005
12,2112,91585.9,14102
12,2093,92133.7,14175
12,2100,92665,14248
12,2124,93195.1,14336
12,2108,93632.9,14410
12,2111,93922,14490
12,2133,94441.3,14577
12,2109,94728.7,14656
12,2103,95171,14732
12,2126,96057.7,14832
12,2123,96651.8,14926
12,2126,97012.5,15016
12,2109,97628.5,15097
12,2100,98113.4,15169
12,2113,98745.9,15252
12,2112,99255.7,15334
12,2129,99605,15419
12,2089,99929.1,15490
12,2118,100643,15586
12,2097,100970,15658
12,2127,101702,15767
12,2133,102300,15863
12,2117,102881,15948
12,2124,103323,16048
12,2108,104029,16144
12,2128,104723,16233
12,2113,105579,16331
12,2113,106508,16424
12,2095,106852,16504
12,2097,107349,16578
12,2131,108069,16672
12,2111,108659,16759
12,2129,109320,16857
12,2084,109600,16923
12,2105,109996,17001
12,2103,110269,17075
12,2126,110718,17153
12,2104,111310,17239
12,2104,111594,17304
12,2097,112209,17385
12,2111,112579,17456
12,2103,113406,17547
12,2113,114041,17648
12,2110,114846,17736
12,2118,115140,17821
12,2103,115712,17903
12,2118,116437,18004
12,2099,117085,18090
12,2109,117552,18176
12,2115,118020,18262
12,2107,118360,18341
12,2115,119195,18439
12,2109,119542,18518
12,2116,120253,18605
12,2110,120702,18681
12,2094,121357,18767
12,2105,121924,18858
12,2125,122383,18943
12,2108,122878,19016
12,2113,123687,19103
12,2120,124782,19215
12,2129,125267,19307
12,2110,125483,19379
12,2100,125951,19465
12,2111,126647,19552
12,2118,127118,19639
12,2106,127861,19721
12,2113,128745,19824
12,2088,129009,19891
12,2102,129476,19976
12,2115,130181,20069
12,2120,130399,20140
12,2109,130972,20223
12,2110,131476,20298
12,2124,131887,20384
12,2106,132278,20461
12,2110,132683,20540
12,2108,133492,20630
12,2097,133998,20706
12,2123,134428,20800
12,2122,135028,20892
12,2102,135784,20985
12,2111,136341,21065
12,2102,136904,21142
12,2104,137255,21223
12,2115,138045,21329
12,2110,138392,21414
12,2117,138879,21511
12,2121,139404,21598
12,2110,139799,21677
12,2115,140414,21775
12,2107,140771,21858
12,2097,141053,21935
12,2127,141852,22040
12,2112,142811,22147
12,2115,143191,22219
12,2118,143755,22300
12,2117,144375,22382
12,2094,144962,22470
12,2102,145431,22558
12,2094,145987,22648
12,2129,146666,22751
12,2107,147269,22843
12,2100,148058,22933
12,2130,148767,23028
12,2108,149431,23116
12,2107,149927,23199
13,2102,476.464,86
13,2094,977.849,161
13,2120,1977.58,259
13,2127,2692.07,356
13,2121,3824.63,469
13,2111,4173.73,553
13,2125,5068.42,654
13,2113,5642.82,737
13,2106,6168,821
13,2121,6654.12,910
13,2112,7359.43,1001
13,2121,8103.02,1088
13,2111,8828.31,1188
13,2099,9521.23,1277
13,2114,10040.8,1362
13,2105,10642.8,1449
13,2108,11374.7,1539
13,2110,11931.8,1629
13,2113,12510.7,1715
13,2119,12958.6,1793
13,2114,13421.1,1872
13,2111,13656.4,1941
13,2106,14142,2021
13,2117,14729,2110
13,2109,15024.3,2192
13,2105,15749.9,2270
13,2111,16764.6,2367
13,2111,17551.4,2452
13,2112,18128.3,2537
13,2113,18650.2,2622
13,2110,19452.3,2713
13,2114,19923.8,2800
13,2112,20552.7,2882
13,2128,21524.8,2989
13,2108,22133.1,3072
13,2122,22680.6,3162
13,2118,23097.5,3250
13,2117,23556.9,3332
13,2099,23830.9,3406
13,2116,24342.9,3488
13,2112,24894.5,3586
13,2105,25809.5,3670
13,2102,26066.2,3736
13,2111,26532.2,3821
13,2115,26879.2,3902
13,2094,27209.8,3975
13,2123,28059.8,4083
13,2127,28729.1,4184
13,2113,29241.5,4263
13,2108,29813.3,4343
13,2110,30169.6,4427
13,2123,31186.1,4537
13,2108,31713.5,4615
13,2110,32315.3,4690
13,2117,32676.7,4779
13,2115,33307.8,4874
13,2108,33764.9,4952
13,2105,34335.3,5035
13,2118,34892.6,5127
13,2096,35227.4,5192
13,2112,35652.3,5274
13,2115,36392.4,5358
13,2105,37263.1,5448
13,2098,37506.8,5531
13,2119,38292.7,5634
13,2113,38714.5,5709
13,2104,38980.1,5785
13,2113,39495.4,5864
13,2119,40454.2,5968
13,2121,41074.7,6063
13,2113,41720.2,6146
13,2116,42205.2,6238
13,2123,42926.7,6340
13,2103,43681.4,6429
13,2103,44123.8,6505
13,2117,44812.9,6589
13,2103,45201.9,6665
13,2084,45748.7,6735
13,2106,46339.8,6826
13,2108,46802.5,6906
13,2125,47286.3,7002
13,2126,48220.4,7102
13,2107,48895.9,7202
13,2103,49525.6,7287
13,2103,49990.5,7370
13,2114,50435.2,7468
13,2121,50890.7,7548
13,2114,51809.6,7651
13,2094,52247.9,7729
13,2130,52877.1,7829
13,2115,53459.3,7923
13,2106,53943.5,8012
13,2111,54501.5,8100
13,2104,54949.4,8180
13,2095,55393.3,8256
13,2113,56166.1,8354
13,2101,56390.6,8427
13,2118,57039.4,8512
13,2129,57822.2,8614
13,2103,58091,8685
13,2103,58317.6,8759
13,2116,59019.5,8849
13,2129,59487.4,8935
13,2108,59956.7,9024
13,2115,60680.5,9122
13,2109,61262.2,9210
13,2119,61742.2,9297
13,2124,62523.6,9399
13,2112,63055.6,9485
13,2109,63660.6,9574
13,2119,64493.9,9688
13,2108,65146.7,9778
13,2129,65568.1,9871
13,2104,65863.4,9956
13,2106,66636.5,10051
13,2127,67598.7,10151
13,2095,68109.3,10230
13,2124,69267.5,10335
13,2109,69852,10426
13,2122,70788.7,10531
13,2116,71420.8,10612
13,2117,72215.6,10703
13,2123,72572.3,10786
13,2119,73175.3,10876
13,2114,73703.9,10956
13,2102,74034.5,11028
13,2104,74553.7,11113
13,2102,74889.5,11186
13,2096,75377.2,11268
13,2100,75955.1,11352
13,2105,76583.8,11429
13,2135,77461.9,11536
13,2096,77956,11607
13,2113,78531,11709
13,2108,79110.9,11795
13,2117,80244.4,11903
13,2113,80746.9,11981
13,2109,81263.5,12065
13,2111,81722.6,12148
13,2116,82182.7,12230
13,2104,82697,12309
13,2102,83093,12388
13,2119,83750.7,12483
13,2139,84669.5,12599
13,2096,85063.2,12678
13,2121,85780.6,12775
13,2105,86310.1,12863
13,2105,86632.1,12935
13,2120,87288.1,13026
13,2118,88186.2,13131
13,2115,88985.1,13224
13,2090,89446.7,13292
13,2117,90019.4,13375
13,2113,90546.9,13462
13,2104,91037.8,13534
13,2111,91570.9,13623
13,2121,92180.1,13726
13,2117,92715.4,13816
13,2112,93407.1,13905
13,2114,93945.9,13976
13,2120,94230.5,14055
13,2106,94609.6,14127
13,2121,95267.9,14222
13,2093,95656.1,14296
13,2102,96238.1,14379
13,2109,97184.8,14478
13,2107,97873.3,14561
13,2111,98354.6,14630
13,2122,98941.1,14716
13,2112,99456.8,14799
13,2093,99831.7,14865
13,2109,100278,14941
13,2095,100659,15011
13,2117,101558,15117
13,2111,102216,15214
13,2109,102861,15304
13,2098,103140,15379
13,2120,103733,15470
13,2128,104085,15553
13,2124,104689,15650
13,2109,105330,15740
13,2124,105913,15830
13,2128,106703,15934
13,2120,107184,16026
13,2113,107629,16102
13,2130,108358,16207
13,2120,108883,16293
13,2124,109302,16382
13,2103,109593,16464
13,2117,110665,16574
13,2130,111207,16670
13,2101,111700,16742
13,2105,112322,16827
13,2128,112934,16933
13,2133,113465,17022
13,2115,114358,17121
13,2113,115175,17217
13,2110,115767,17310
13,2100,116356,17403
13,2115,116816,17487
13,2112,117677,17580
13,2115,118493,17673
13,2115,118967,17759
13,2127,119580,17863
13,2112,119996,17950
13,2106,120259,18016
13,2103,121043,18121
13,2085,121404,18187
13,2119,122291,18288
13,2107,122926,18375
13,2128,123701,18471
13,2118,124232,18562
13,2125,124777,18655
13,2098,125401,18734
13,2120,126416,18841
13,2110,126943,18931
13,2113,127388,19009
13,2098,127825,19081
13,2108,128469,19173
13,2095,128989,19253
13,2086,129192,19320
13,2117,129662,19406
13,2100,130167,19484
13,2102,130516,19562
13,2120,131360,19670
13,2107,131884,19756
13,2116,132364,19846
13,2122,132901,19938
13,2123,133450,20035
13,2116,134037,20124
13,2119,134386,20206
13,2107,134784,20283
13,2108,135436,20375
13,2103,135949,20456
13,2111,136349,20537
13,2133,136964,20633
13,2110,137669,20728
13,2104,138063,20800
13,2112,138575,20881
13,2104,138909,20955
13,2111,139310,21035
13,2115,139721,21120
13,2118,140681,21222
13,2118,141025,21298
13,2103,141248,21370
13,2098,141890,21454
13,2107,142184,21534
13,2099,142513,21599
13,2103,143278,21693
13,2093,143783,21768
13,2118,144209,21853
13,2113,144485,21926
13,2115,144983,22024
13,2115,145636,22116
13,2122,146215,22199
13,2098,146732,22277
13,2105,147179,22353
13,2104,147832,22446
13,2100,148446,22518
13,2110,149230,22612
13,2103,149585,22684
13,2100,149934,22762
14,2108,398.527,74
14,2116,1181.48,169
14,2120,2159.92,276
14,2112,2737.1,354
14,2125,3339.66,451
14,2116,3638.07,535
14,2102,3914.9,608
14,2101,4141.91,683
14,2110,4737.57,768
14,2113,5506.34,865
14,2110,6154.33,952
14,2120,6565.08,1029
14,2096,7197.36,1110
14,2098,7525.68,1182
14,2115,8158.53,1263
14,2116,8811.65,1347
14,2117,9695.22,1439
14,2118,10586,1538
14,2114,11068.8,1626
14,2100,11407.3,1703
14,2114,12180.9,1795
14,2104,12497.1,1871
14,2116,13014.2,1963
14,2123,13859.2,2062
14,2110,14381.8,2142
14,2111,14711.7,2211
14,2109,15179.8,2296
14,2115,15638.8,2373
14,2108,16360.7,2465
14,2115,16848.7,2554
14,2120,17379,2641
14,2115,18062.9,2743
14,2089,18403.1,2815
14,2125,18830.6,2905
14,2122,19438.1,2996
14,2119,20315.6,3104
14,2114,21126.3,3209
14,2124,21781.5,3299
14,2101,22245.6,3380
14,2105,23074.5,3470
14,2113,23498,3555
14,2107,23903.3,3635
14,2108,24445.9,3722
14,2099,25111.3,3809
14,2118,25673.7,3905
14,2120,26278,3997
14,2105,26940.3,4083
14,2096,27337.4,4159
14,2112,27755,4243
14,2116,28715.2,4338
14,2117,29130.7,4424
14,2109,29608.3,4509
14,2114,30378.5,4600
14,2105,30841.2,4681
14,2095,31298.7,4754
14,2114,31683,4839
14,2112,32512,4924
14,2106,32995.1,5008
14,2122,33866.2,5107
14,2114,34658.5,5200
14,2119,35560.5,5294
14,2109,36182.2,5387
14,2096,36726,5469
14,2114,37216.1,5558
14,2119,37961,5657
14,2105,38328.9,5741
14,2113,38936.4,5831
14,2117,39510.1,5927
14,2125,40186.3,6026
14,2119,40791.5,6114
14,2092,41139.7,6191
14,2108,41507.1,6276
14,2103,42164.4,6364
14,2103,42381.6,6433
14,2106,42874.6,6523
14,2124,43592.3,6611
14,2123,44664.9,6723
14,2121,45589.1,6820
14,2110,46409.1,6923
14,2112,46792.8,7014
14,2122,47062.9,7107
14,2096,47793.2,7199
14,2114,48294.9,7286
14,2120,49049.3,7383
14,2107,49875,7485
14,2106,50306,7574
14,2091,51022.2,7654
14,2114,51613.7,7734
14,2114,52489.1,7835
14,2111,53109.9,7923
14,2103,53658,8010
14,2115,54769.1,8111
14,2099,55301.3,8192
14,2103,55819.6,8264
14,2111,56810.1,8364
14,2105,57337.2,8441
14,2104,57803.3,8514
14,2106,58605.2,8614
14,2090,58934.3,8678
14,2107,59782.5,8767
14,2112,60379.9,8847
14,2097,60914.6,8921
14,2115,61724.9,9016
14,2111,62456.9,9104
14,2122,63263.9,9201
14,2117,64218,9312
14,2107,64580.3,9390
14,2118,64967.3,9479
14,2103,65327.4,9557
14,2122,66108.3,9648
14,2109,66648.6,9730
14,2117,67197.3,9816
14,2114,68082.1,9923
14,2114,68701.8,10013
14,2134,69599.3,10126
14,2108,70261.5,10211
14,2109,70741.4,10293
14,2114,71775.8,10389
14,2104,72132.1,10467
14,2124,72824.9,10561
14,2125,73267.9,10650
14,2109,73921.6,10730
14,2115,74471.3,10815
14,2121,75301.1,10917
14,2124,76008.6,11022
14,2114,76307.3,11101
14,2122,76948.5,11202
14,2104,77478.5,11280
14,2118,78211.5,11371
14,2123,78888.1,11459
14,2125,79774.2,11562
14,2118,80524.7,11656
14,2115,80992.8,11736
14,2097,81465.4,11814
14,2126,82022.7,11901
14,2123,82794.9,12005
14,2119,83627.6,12113
14,2117,84497.1,12212
14,2105,84960.8,12287
14,2120,85606.5,12387
14,2133,86406.9,12491
14,2119,86966.2,12581
14,2103,87330.1,12656
14,2122,88198.5,12754
14,2110,88484.1,12824
14,2107,89037.3,12910
14,2116,89552.3,13001
14,2112,89926,13087
14,2113,90664.7,13178
14,2114,91209.9,13263
14,2106,91701.6,13350
14,2106,92049.9,13426
14,2115,92724.1,13514
14,2105,93386,13598
14,2113,94187.2,13693
14,2122,95272.6,13808
14,2099,95743.2,13883
14,2120,96599.4,13978
14,2105,97202.1,14063
14,2120,97973.9,14148
14,2107,98517.5,14234
14,2114,98819.7,14315
14,2106,99295.1,14396
14,2099,99831.7,14474
14,2110,100188,14554
14,2096,100750,14643
14,2116,101357,14729
14,2116,101914,14816
14,2113,102465,14902
14,2110,103339,15001
14,2108,103692,15077
14,2123,104296,15164
14,2109,104801,15251
14,2103,105092,15327
14,2122,105528,15417
14,2108,106072,15501
14,2104,106578,15591
14,2098,107118,15672
14,2108,107783,15758
14,2103,108413,15845
14,2094,108720,15923
14,2105,109380,16004
14,2126,109934,16094
14,2122,110778,16202
14,2120,111390,16293
14,2112,112402,16399
14,2108,112754,16469
14,2106,113376,16560
14,2105,114112,16649
14,2102,114848,16740
14,2109,115599,16836
14,2110,116337,16926
14,2116,116906,17021
14,2120,117423,17116
14,2103,117974,17203
14,2120,119039,17309
14,2112,119461,17392
14,2107,120007,17476
14,2115,120483,17553
14,2118,121041,17646
14,2133,121974,17747
14,2110,122477,17839
14,2120,122920,17929
14,2118,124165,18035
14,2108,124835,18119
14,2104,125187,18195
14,2114,125620,18281
14,2109,126189,18376
14,2118,126754,18466
14,2103,127469,18550
14,2128,127963,18639
14,2113,128388,18722
14,2114,129013,18811
14,2111,129419,18885
14,2111,129972,18969
14,2119,130398,19051
14,2122,130934,19131
14,2115,131939,19239
14,2107,132535,19320
14,2109,133216,19412
14,2108,134323,19507
14,2098,134611,19577
14,2112,135273,19661
14,2123,135839,19753
14,2110,136643,19842
14,2108,137137,19932
14,2105,138128,20031
14,2117,138509,20121
14,2103,138897,20185
14,2108,139274,20268
14,2112,140198,20360
14,2121,140777,20455
14,2105,141431,20548
14,2107,142165,20637
14,2106,142797,20724
14,2121,143313,20808
14,2117,144243,20906
14,2121,144816,20998
14,2116,146189,21102
14,2105,146733,21184
14,2113,147737,21285
14,2116,148226,21372
14,2127,148815,21470
14,2116,149289,21563
14,2106,149842,21643
15,2118,788.906,93
15,2119,1511.15,180
15,2117,2244.59,273
15,2096,2659.58,347
15,2132,3417.04,446
15,2093,4071.75,525
15,2105,4638.55,613
15,2125,5349.97,714
15,2105,5970.52,804
15,2113,6663.5,895
15,2100,7148.12,977
15,2110,7816.78,1061
15,2111,8417.51,1142
15,2113,8925.66,1231
15,2117,9861.99,1328
15,2122,10466.6,1411
15,2115,11424.6,1511
15,2101,11932.7,1599
15,2109,12743,1696
15,2112,13260.1,1779
15,2109,13906.1,1866
15,2118,14764.5,1965
15,2103,15580.1,2063
15,2120,16529.9,2169
15,2111,17233.5,2262
15,2118,17858.4,2355
15,2125,18863,2456
15,2130,19632.5,2559
15,2101,20061.3,2643
15,2113,20763.6,2741
15,2123,21483.1,2825
15,2107,22090.9,2912
15,2114,22778.7,3005
15,2129,23774.3,3106
15,2112,24395.8,3196
15,2106,24955,3283
15,2131,25586.6,3376
15,2114,26145.9,3463
15,2109,26650.2,3551
15,2101,27191.5,3634
15,2103,28236.3,3732
15,2112,28591.6,3809
15,2097,28957.9,3890
15,2106,29324.7,3972
15,2109,29758.3,4056
15,2111,30228,4130
15,2128,31412.8,4238
15,2106,31907.4,4326
15,2107,32382.3,4406
15,2126,33006.8,4499
15,2090,33408.9,4570
15,2117,34158.9,4663
15,2111,34587.1,4742
15,2115,35069.4,4822
15,2128,35874.1,4915
15,2111,36293,4996
15,2115,36997.7,5097
15,2117,37453,5191
15,2088,37872.6,5271
15,2112,38296.5,5350
15,2108,38827.7,5424
15,2120,39380.5,5511
15,2118,40576,5625
15,2110,41076.4,5713
15,2112,41747.5,5800
15,2121,42459.2,5900
15,2116,42836.7,5982
15,2112,43136.6,6058
15,2117,43705,6152
15,2111,44705.3,6253
15,2124,45585.7,6353
15,2119,46141.1,6441
15,2101,46699.6,6527
15,2093,47271.6,6617
15,2121,47749.8,6696
15,2117,48669.6,6789
15,2100,49198.3,6865
15,2099,49660.3,6935
15,2106,50284.1,7023
15,2116,50687.7,7088
15,2106,50976.7,7161
15,2101,51306.9,7229
15,2109,52192.7,7326
15,2110,52949.1,7418
15,2134,53638.9,7516
15,2125,54100.6,7611
15,2102,54714.4,7695
15,2120,55277.4,7784
15,2128,56107.7,7887
15,2105,56709.3,7966
15,2116,57341.9,8064
15,2109,58022,8152
15,2103,58697.8,8238
15,2125,59409.8,8344
15,2128,60435.4,8457
15,2121,61004.8,8548
15,2107,61566.2,8638
15,2127,62441,8735
15,2101,63176.5,8820
15,2098,63533.6,8897
15,2118,63974,8987
15,2110,64398.3,9066
15,2121,65045.9,9164
15,2110,65714.8,9251
15,2112,66426.9,9352
15,2120,66980,9439
15,2112,67739.9,9541
15,2116,68353.8,9627
15,2108,69164.7,9724
15,2110,69712.7,9808
15,2121,70526.5,9907
15,2098,70850,9970
15,2109,71710,10063
15,2096,72128.2,10143
15,2109,72614.9,10226
15,2116,73191.1,10325
15,2114,73929,10415
15,2106,74737.5,10506
15,2117,75430.7,10603
15,2108,75660.1,10674
15,2095,75986.9,10738
15,2111,76613.4,10829
15,2099,77434.8,10929
15,2124,77719.7,11001
15,2109,78270.5,11085
15,2116,79043.3,11187
15,2109,79792.6,11282
15,2087,80246.7,11353
15,2084,80661.9,11430
15,2107,81199.5,11512
15,2113,81560.6,11594
15,2113,82449.8,11696
15,2094,83040.1,11773
15,2106,83458.3,11854
15,2119,84377.4,11950
15,2110,84803.5,12032
15,2114,85165.9,12112
15,2121,85772.1,12199
15,2132,86405,12297
15,2118,87339.1,12393
15,2107,87764.5,12474
15,2098,88129.6,12555
15,2110,88705.2,12652
15,2113,89418.2,12731
15,2105,90041.8,12822
15,2103,90762.4,12905
15,2105,91686.5,13003
15,2132,92497.1,13099
15,2130,93743.6,13208
15,2116,94178.2,13296
15,2110,94549,13379
15,2094,94896.5,13453
15,2113,95302.2,13528
15,2100,96018.3,13607
15,2103,96748.6,13693
15,2100,97074.2,13783
15,2109,97759.9,13876
15,2110,98059.4,13952
15,2118,98507.4,14047
15,2107,99065.3,14136
15,2120,100272,14253
15,2124,100920,14352
15,2138,101492,14448
15,2122,102930,14565
15,2099,103520,14645
15,2107,104256,14733
15,2110,104750,14816
15,2108,105432,14912
15,2117,105823,15002
15,2107,106432,15086
15,2104,107028,15172
15,2099,107423,15242
15,2127,108645,15365
15,2095,109136,15449
15,2106,109714,15520
15,2117,110839,15620
15,2117,111445,15703
15,2096,111722,15772
15,2114,112621,15858
15,2127,113076,15952
15,2113,113512,16040
15,2099,113806,16115
15,2125,114566,16214
15,2113,115095,16293
15,2119,115848,16389
15,2113,116345,16478
15,2105,116812,16553
15,2103,117239,16635
15,2109,117478,16713
15,2117,118212,16802
15,2124,118773,16891
15,2113,119802,16986
15,2099,120080,17056
15,2124,121350,17170
15,2109,121649,17244
15,2099,122005,17323
15,2122,122532,17418
15,2114,123356,17515
15,2119,124078,17614
15,2116,125037,17722
15,2098,125457,17801
15,2119,125961,17890
15,2114,126421,17985
15,2107,127023,18067
15,2125,127631,18151
15,2090,128287,18232
15,2105,129012,18316
15,2112,129506,18404
15,2098,130125,18495
15,2086,130568,18558
15,2130,131640,18668
15,2118,132460,18768
15,2125,133516,18871
15,2107,134099,18948
15,2120,134648,19034
15,2104,134944,19110
15,2116,135957,19220
15,2116,136774,19318
15,2103,137394,19408
15,2117,137875,19488
15,2113,139011,19594
15,2112,139632,19683
15,2103,140172,19760
15,2122,140793,19851
15,2114,141401,19937
15,2119,141919,20033
15,2102,142394,20109
15,2113,142938,20191
15,2113,143513,20262
15,2111,144342,20366
15,2101,144715,20448
15,2119,145220,20537
15,2128,146040,20639
15,2109,146318,20709
15,2109,146816,20797
15,2115,147354,20877
15,2108,148155,20971
15,2111,148638,21052
15,2088,149269,21122
15,2111,149824,21210
16,2114,751.646,97
16,2114,1174.77,176
16,2118,1905.98,263
16,2118,2522.79,352
16,2116,3082.8,439
16,2112,3696.93,526
16,2106,4224.42,598
16,2121,4832.77,683
16,2109,5309.15,759
16,2120,6622.66,864
16,2098,7105.56,944
16,2106,7629.7,1019
16,2107,8369.38,1111
16,2120,8981.94,1197
16,2112,9550.15,1290
16,2109,9997.45,1381
16,2113,10373.1,1467
16,2106,10871,1553
16,2118,11667.3,1645
16,2112,12441.2,1747
16,2123,12987.3,1829
16,2113,13410.5,1912
16,2115,14025.6,1997
16,2096,14499.4,2075
16,2107,15028.6,2148
16,2115,15749.9,2234
16,2109,16110.5,2313
16,2102,16973.4,2403
16,2116,17722.8,2498
16,2112,18455.6,2587
16,2123,18789.6,2681
16,2102,19396,2764
16,2105,20068.1,2852
16,2111,20439,2936
16,2113,20933.5,3018
16,2112,21432.4,3107
16,2097,22026.9,3187
16,2117,22781.5,3285
16,2116,23454.9,3371
16,2098,24051.8,3450
16,2109,24815.5,3546
16,2115,25502.3,3641
16,2106,26212.4,3717
16,2117,26732.3,3812
16,2118,27502.1,3915
16,2105,28122.8,4003
16,2118,28667.8,4085
16,2123,29130.7,4183
16,2114,29681.6,4265
16,2104,30362.5,4351
16,2127,31136.7,4453
16,2100,31734.4,4533
16,2091,32533.8,4619
16,2114,33148.7,4707
16,2112,33762.4,4795
16,2106,34572.4,4892
16,2121,35321.5,4987
16,2104,36007.6,5078
16,2118,36436.5,5161
16,2116,37016.5,5259
16,2123,37741.9,5345
16,2100,38191.1,5435
16,2137,39033.6,5541
16,2102,39538.7,5631
16,2118,40056.6,5727
16,2123,40371.4,5811
16,2103,40988.9,5893
16,2117,41407.6,5972
16,2111,42203,6062
16,2113,42890.5,6155
16,2120,43618.8,6264
16,2112,43983.2,6342
16,2114,44540.8,6426
16,2108,45161.8,6512
16,2107,45558.3,6604
16,2121,46173.9,6687
16,2103,46868.1,6777
16,2116,47615,6869
16,2114,48290.8,6955
16,2128,49496.1,7070
16,2106,50052.3,7157
16,2119,50881.9,7256
16,2123,51313.5,7340
16,2117,52183.9,7440
16,2115,52818.7,7534
16,2106,53423.7,7618
16,2104,54211.9,7708
16,2113,54686.2,7783
16,2126,55239.8,7865
16,2107,55743.8,7952
16,2113,56500,8045
16,2117,57663.2,8144
16,2120,58660.7,8243
16,2118,59515.9,8331
16,2097,59855.6,8403
16,2104,60408.9,8488
16,2122,61363,8591
16,2120,61790.3,8674
16,2118,62236.8,8764
16,2124,62949,8865
16,2111,63757.7,8958
16,2109,64622.7,9047
16,2110,64967.8,9120
16,2125,65910.9,9220
16,2117,66490.5,9315
16,2120,66942.6,9404
16,2100,67377.8,9491
16,2111,67946.9,9582
16,2120,68689.6,9675
16,2098,69054.9,9756
16,2100,69516.3,9828
16,2118,70125.9,9913
16,2108,70688.8,10004
16,2114,71159.6,10077
16,2115,71480.9,10163
16,2112,72048.8,10255
16,2104,72787.8,10345
16,2112,73215.7,10428
16,2119,74182.3,10533
16,2125,74677.1,10618
16,2127,75593,10729
16,2108,76143,10816
16,2112,76898.9,10910
16,2107,77387.4,10994
16,2110,77967.4,11089
16,2109,78507.4,11165
16,2117,79217.1,11265
16,2109,79761.2,11347
16,2110,80296.5,11446
16,2092,80915.6,11532
16,2103,81206.7,11602
16,2132,82189.1,11697
16,2111,83062.1,11793
16,2101,83559.3,11878
16,2119,84394.2,11983
16,2122,84829.6,12067
16,2108,85388.2,12153
16,2124,86067.5,12244
16,2111,86689.4,12334
16,2103,87551.9,12422
16,2122,88036,12508
16,2120,88538.8,12595
16,2118,89292.1,12688
16,2110,89584.4,12759
16,2113,90068.5,12840
16,2118,90318.4,12921
16,2123,90955.1,13017
16,2102,91239.3,13090
16,2115,91602.3,13171
16,2128,92356.1,13268
16,2117,92908,13349
16,2120,93739.8,13451
16,2114,94565.3,13551
16,2116,95242.5,13640
16,2115,95782.1,13722
16,2112,96258.2,13795
16,2104,97265.4,13898
16,2103,97635.8,13973
16,2109,98245,14057
16,2105,98932.7,14138
16,2105,99355.2,14210
16,2096,99714.3,14282
16,2124,100371,14381
16,2111,101059,14466
16,2127,101698,14555
16,2104,102167,14623
16,2108,102417,14697
16,2123,102997,14789
16,2114,103317,14872
16,2105,103873,14959
16,2111,104886,15057
16,2105,105180,15127
16,2099,105793,15212
16,2104,106353,15294
16,2095,106943,15370
16,2106,107698,15459
16,2101,108120,15535
16,2099,108558,15617
16,2117,108933,15698
16,2111,109480,15772
16,2105,109915,15854
16,2080,110363,15920
16,2121,111073,16015
16,2113,111668,16106
16,2115,112136,16199
16,2116,112528,16285
16,2122,113417,16378
16,2121,113965,16453
16,2104,114480,16543
16,2115,115137,16634
16,2118,115964,16724
16,2095,116464,16802
16,2098,116824,16874
16,2102,117574,16958
16,2113,118215,17050
16,2098,118668,17132
16,2113,119449,17229
16,2117,120011,17314
16,2096,120590,17404
16,2120,121339,17490
16,2115,121934,17575
16,2106,122709,17667
16,2109,123224,17747
16,2113,124226,17847
16,2114,124735,17938
16,2121,125191,18031
16,2121,125927,18136
16,2106,126501,18221
16,2129,127388,18314
16,2116,127715,18392
16,2097,128221,18474
16,2123,129128,18579
16,2114,129832,18668
16,2114,130386,18753
16,2105,131349,18836
16,2117,131784,18917
16,2121,132425,19006
16,2117,132737,19082
16,2113,133441,19169
16,2100,133930,19248
16,2126,134528,19355
16,2113,135347,19442
16,2132,135940,19534
16,2116,136972,19640
16,2095,137279,19717
16,2105,137884,19801
16,2110,138738,19906
16,2105,139644,20008
16,2104,140034,20086
16,2115,140862,20183
16,2117,141237,20258
16,2109,141925,20343
16,2102,142534,20419
16,2118,143503,20526
16,2117,143833,20609
16,2130,144737,20712
16,2114,145255,20795
16,2116,146081,20892
16,2098,146488,20961
16,2107,146878,21046
16,2112,147753,21134
16,2103,148332,21221
16,2112,148941,21298
16,2111,149268,21376
17,2131,900.67,96
17,2124,1512.78,174
17,2097,1922.82,246
17,2109,2625.29,342
17,2101,3265.62,429
17,2112,4078.42,518
17,2109,4755.32,600
17,2117,5391.95,683
17,2129,6002.53,779
17,2138,6921.92,893
17,2108,7484.11,973
17,2107,7921.57,1049
17,2101,8547.63,1132
17,2091,9023.9,1206
17,2119,9676.31,1308
17,2106,10484.3,1400
17,2121,11038.8,1483
17,2105,11577.5,1560
17,2108,12624.9,1663
17,2110,13082.3,1747
17,2118,13500.3,1830
17,2124,14719,1941
17,2108,15259.9,2014
17,2099,15611.8,2084
17,2110,16406,2170
17,2096,16883.8,2246
17,2119,17384.5,2332
17,2108,17907.2,2421
17,2116,18798,2519
17,2086,19157.2,2588
17,2114,19893.5,2688
17,2102,20235.8,2763
17,2116,20735.1,2844
17,2110,21484.5,2931
17,2122,22109.1,3019
17,2122,22955.9,3121
17,2093,23546.8,3203
17,2123,23984.2,3283
17,2139,25796.7,3426
17,2123,26241.4,3513
17,2117,27087.5,3624
17,2121,27658.3,3715
17,2099,28448,3802
17,2105,28938.6,3878
17,2109,29454.7,3965
17,2110,29807.6,4040
17,2108,30515.5,4132
17,2100,30875.8,4205
17,2110,31633.1,4302
17,2104,32188.3,4384
17,2118,32880,4469
17,2107,33549.5,4556
17,2108,34312.3,4641
17,2115,34796.7,4718
17,2109,35297.8,4799
17,2094,35722.3,4876
17,2108,36145.6,4951
17,2115,36448.8,5024
17,2130,37423.6,5137
17,2111,37788.7,5215
17,2117,38559.5,5319
17,2113,39312.4,5411
17,2122,40016.1,5502
17,2106,40509.7,5584
17,2117,41145.9,5676
17,2112,41924.6,5775
17,2120,43094.2,5881
17,2114,43642.2,5961
17,2110,44266.6,6050
17,2110,44891.7,6130
17,2106,45443.1,6212
17,2118,45899.7,6307
17,2096,46390.8,6385
17,2111,47015.9,6469
17,2103,47625,6545
17,2109,48453.6,6643
17,2106,48765.8,6720
17,2116,50000.1,6837
17,2116,50985.3,6929
17,2101,51922,7022
17,2111,52365,7107
17,2081,52782.7,7182
17,2107,53333.9,7263
17,2096,53604.1,7326
17,2113,54250,7417
17,2124,54890.7,7509
17,2127,55532.3,7596
17,2113,56672,7702
17,2102,57016.9,7786
17,2121,57860.2,7889
17,2093,58548.1,7975
17,2114,58898.2,8069
17,2105,59392.2,8154
17,2113,60172.7,8233
17,2116,60766.8,8317
17,2119,61422.2,8411
17,2098,61812.7,8471
17,2112,62564,8559
17,2109,63188.2,8641
17,2114,63782.7,8731
17,2125,64392.6,8827
17,2104,65062.7,8908
17,2108,65875.5,8997
17,2121,66641.1,9090
17,2109,67080.6,9169
17,2112,67610.6,9251
17,2096,68159.8,9328
17,2112,68995.5,9433
17,2105,69828.4,9528
17,2101,70312.7,9603
17,2105,70859.6,9678
17,2111,71578.8,9773
17,2126,72219.4,9863
17,2115,72812.9,9958
17,2103,73579.5,10055
17,2119,74016.5,10138
17,2103,74454.5,10219
17,2110,75203.7,10304
17,2102,75751.3,10383
17,2105,76391.3,10471
17,2101,76860.5,10563
17,2102,77536.5,10645
17,2113,78063.9,10726
17,2116,78861.3,10816
17,2108,79407.7,10886
17,2126,80297.3,10989
17,2108,80839.8,11069
17,2104,81197.4,11145
17,2102,81909.3,11236
17,2123,82282.5,11317
17,2115,82938.3,11391
17,2104,83361.2,11464
17,2108,84000.9,11553
17,2110,84625.4,11639
17,2099,85062.9,11718
17,2102,85641.1,11808
17,2109,86094.6,11893
17,2130,86891.2,11999
17,2111,87578.9,12084
17,2110,88204.3,12169
17,2091,88438.6,12235
17,2110,89297.2,12319
17,2121,89767.2,12409
17,2107,90141.2,12485
17,2115,91049.1,12583
17,2105,91672.3,12668
17,2115,92610.4,12759
17,2119,93578.7,12869
17,2110,94594.2,12967
17,2123,95469.3,13078
17,2119,95955.6,13155
17,2113,96924.1,13252
17,2107,97610.5,13345
17,2103,98391.5,13437
17,2118,98906.8,13529
17,2132,99469.5,13615
17,2110,100173,13713
17,2108,100798,13800
17,2121,101376,13891
17,2112,102048,13972
17,2101,102657,14048
17,2113,103408,14133
17,2115,104048,14222
17,2129,104767,14316
17,2128,106032,14423
17,2104,106424,14511
17,2113,106986,14600
17,2100,107735,14685
17,2123,108705,14790
17,2100,109084,14867
17,2120,109602,14960
17,2112,110377,15056
17,2114,110939,15136
17,2120,111455,15228
17,2118,112305,15317
17,2113,113017,15411
17,2123,113540,15505
17,2100,113816,15572
17,2131,114766,15672
17,2127,115111,15760
17,2111,115673,15840
17,2110,116251,15927
17,2122,117095,16029
17,2104,117532,16111
17,2133,118736,16221
17,2122,119454,16316
17,2104,119938,16396
17,2096,120751,16484
17,2118,121267,16568
17,2093,121626,16637
17,2113,122563,16731
17,2096,122985,16803
17,2107,123548,16883
17,2115,124002,16972
17,2117,124871,17065
17,2107,125142,17146
17,2099,126032,17242
17,2127,126548,17330
17,2105,126976,17406
17,2112,127403,17484
17,2116,128345,17578
17,2100,128725,17660
17,2122,129010,17730
17,2115,129704,17817
17,2120,130110,17910
17,2117,130829,18005
17,2125,131501,18107
17,2119,132110,18193
17,2107,132876,18288
17,2112,133455,18374
17,2111,134157,18466
17,2131,134751,18562
17,2117,135580,18655
17,2109,136111,18729
17,2115,136816,18825
17,2103,137564,18912
17,2102,138001,18988
17,2117,138892,19084
17,2121,139316,19164
17,2125,140077,19266
17,2112,140470,19351
17,2094,140977,19438
17,2105,141294,19524
17,2107,142314,19626
17,2110,143158,19727
17,2114,143861,19823
17,2098,144595,19902
17,2120,145220,19988
17,2103,145533,20064
17,2108,146173,20154
17,2118,146938,20246
17,2109,147342,20314
17,2099,147765,20392
17,2105,148002,20463
17,2109,148356,20539
17,2122,149189,20634
17,2118,149630,20709
18,2110,574.795,87
18,2124,1121.16,186
18,2125,1903.4,283
18,2117,2496.52,370
18,2107,2824.64,447
18,2122,3247.74,542
18,2109,3871.63,623
18,2104,4605.79,708
18,2111,5184,795
18,2097,5808.7,878
18,2113,6121.6,952
18,2112,6809.14,1035
18,2103,7496.18,1120
18,2128,8014.37,1208
18,2113,8746.96,1294
18,2103,9259.57,1382
18,2110,10122.2,1473
18,2126,10996.3,1584
18,2105,11795,1667
18,2111,12684.5,1762
18,2099,13179.5,1842
18,2104,13459.2,1923
18,2116,14621.6,2027
18,2109,14993.5,2106
18,2113,15592.6,2187
18,2102,15960.2,2265
18,2129,16280.6,2347
18,2108,16840.4,2428
18,2094,17382.7,2504
18,2113,18044.6,2585
18,2099,18591.7,2664
18,2119,18808,2729
18,2128,19527.8,2825
18,2114,20169.7,2911
18,2111,20793.2,2994
18,2100,21418.9,3083
18,2128,22340.3,3190
18,2099,22905,3269
18,2100,23246.4,3343
18,2124,24170.8,3432
18,2097,24652.8,3514
18,2107,25074.6,3607
18,2099,25793.3,3698
18,2103,26356.5,3781
18,2106,26809,3863
18,2122,27466.2,3955
18,2111,28294.3,4051
18,2111,28887.7,4147
18,2105,29418.3,4236
18,2106,29965.3,4315
18,2122,31043.5,4420
18,2105,31528.7,4495
18,2107,32075.2,4567
18,2117,32603.7,4664
18,2116,32921.5,4746
18,2099,33430.6,4831
18,2107,33867.4,4917
18,2105,34340.3,4991
18,2109,34841.3,5075
18,2132,35184.6,5162
18,2106,35559.4,5238
18,2112,36059.2,5318
18,2109,36387.8,5400
18,2107,36805,5473
18,2122,37501.1,5567
18,2122,38325.1,5683
18,2095,38825.1,5758
18,2104,39279.1,5838
18,2112,39731.1,5920
18,2121,40387.8,6019
18,2096,40809.1,6095
18,2104,41481.6,6174
18,2120,42309.5,6272
18,2102,42700.4,6357
18,2105,43278.7,6448
18,2103,43787.3,6534
18,2098,44522.8,6624
18,2111,45309.2,6722
18,2101,45699.7,6803
18,2119,46388,6889
18,2123,47278.2,6986
18,2106,47887.2,7061
18,2106,48387.6,7140
18,2095,48950.8,7218
18,2101,49387.4,7295
18,2097,50215.5,7385
18,2109,51278.6,7475
18,2120,52153,7569
18,2123,52545.3,7652
18,2119,52966.1,7745
18,2117,53278.6,7824
18,2116,54246.7,7929
18,2114,55262.7,8025
18,2107,55700.6,8098
18,2113,56481.4,8198
18,2117,57121.9,8288
18,2111,57623.4,8370
18,2120,57950.8,8456
18,2115,58513.6,8542
18,2125,59310,8646
18,2117,59748.1,8731
18,2125,60201.9,8821
18,2108,60580.7,8904
18,2108,61479.4,9002
18,2101,61958.5,9077
18,2110,62791.3,9177
18,2124,63257.3,9268
18,2104,63796.4,9345
18,2124,64434.4,9439
18,2114,64841.1,9527
18,2090,65342,9606
18,2112,65872.2,9700
18,2109,66560.2,9786
18,2119,67215.6,9882
18,2116,67856.9,9974
18,2099,68231.4,10053
18,2103,68950,10150
18,2109,69544,10233
18,2106,70044.7,10310
18,2113,70420.6,10393
18,2124,70922.7,10479
18,2115,71697.6,10583
18,2107,72246.7,10663
18,2115,72615.4,10743
18,2098,73311.4,10834
18,2114,74004.9,10929
18,2109,74627.4,11018
18,2112,75193.7,11103
18,2125,76270.5,11206
18,2127,76930.9,11310
18,2103,77486.3,11390
18,2101,78030.2,11471
18,2115,83494.4,11547
18,2114,84369.6,11649
18,2111,85189.9,11754
18,2110,85697.4,11834
18,2101,86086.2,11904
18,2105,86609.1,11984
18,2121,87097.1,12074
18,2107,87696.7,12163
18,2107,88063.9,12252
18,2133,88789.5,12346
18,2099,89612.3,12430
18,2119,90025.4,12511
18,2114,90571.8,12600
18,2123,91231.4,12688
18,2121,92039.9,12794
18,2112,92509.1,12875
18,2127,93162.2,12965
18,2111,93668.4,13039
18,2109,94178,13116
18,2118,94873.6,13195
18,2128,95655.7,13290
18,2107,96058.8,13368
18,2111,96688.7,13448
18,2115,97319.2,13547
18,2106,98038.3,13641
18,2118,98861.5,13739
18,2123,99221,13818
18,2112,99869.2,13904
18,2123,100604,14010
18,2121,100830,14087
18,2122,101429,14175
18,2103,101943,14254
18,2102,102293,14331
18,2110,102895,14423
18,2114,103227,14492
18,2124,104078,14593
18,2114,104825,14692
18,2100,105104,14761
18,2128,105722,14860
18,2123,106731,14961
18,2125,106996,15028
18,2115,107584,15112
18,2113,108101,15192
18,2095,108494,15264
18,2107,108947,15338
18,2118,109754,15420
18,2112,110230,15499
18,2111,110678,15589
18,2094,111036,15667
18,2115,111549,15759
18,2122,112055,15854
18,2093,112510,15926
18,2101,113168,16013
18,2109,113581,16092
18,2102,114072,16181
18,2128,115048,16283
18,2104,115466,16368
18,2116,116121,16458
18,2102,116743,16552
18,2115,117232,16634
18,2106,118185,16733
18,2096,118690,16811
18,2115,119466,16901
18,2117,120103,16981
18,2107,120891,17067
18,2107,121339,17141
18,2106,121812,17211
18,2112,122449,17307
18,2123,122989,17389
18,2112,123873,17480
18,2121,124617,17572
18,2117,125281,17663
18,2109,126159,17750
18,2109,126965,17837
18,2115,127662,17914
18,2120,128330,17998
18,2124,128933,18101
18,2104,129642,18189
18,2118,130248,18279
18,2111,130915,18371
18,2091,131438,18443
18,2104,131989,18531
18,2111,132538,18621
18,2114,133446,18721
18,2116,134236,18817
18,2099,134791,18903
18,2104,135243,18992
18,2123,136173,19094
18,2103,136558,19181
18,2123,137107,19268
18,2101,138086,19360
18,2104,138699,19448
18,2114,139653,19552
18,2119,140158,19638
18,2105,140385,19708
18,2115,141006,19795
18,2103,141572,19882
18,2126,142644,19985
18,2108,143327,20071
18,2102,143904,20146
18,2123,144799,20252
18,2084,145064,20312
18,2116,145684,20405
18,2118,146249,20497
18,2114,146991,20594
18,2122,147675,20689
18,2124,148806,20801
18,2100,149168,20880
18,2115,149590,20958
19,2099,386.656,68
19,2130,915.66,167
19,2113,1341.78,245
19,2107,2076.14,330
19,2113,2786.13,421
19,2104,3640.9,511
19,2128,4579.65,616
19,2113,5241.05,700
19,2111,5658.76,777
19,2113,6655.38,881
19,2102,7325.48,967
19,2096,7849.74,1043
19,2117,8329.37,1122
19,2125,8689.9,1198
19,2119,9427.93,1290
19,2104,9952.28,1363
19,2127,11164,1484
19,2109,11853,1577
19,2112,12542.6,1671
19,2125,13048.8,1762
19,2108,13710.2,1849
19,2128,14139,1933
19,2112,14749.5,2024
19,2105,15176.7,2105
19,2117,15621.2,2193
19,2125,16019.7,2286
19,2116,16602.7,2385
19,2104,16948.8,2456
19,2115,17764.4,2555
19,2103,18385.1,2645
19,2107,18927.8,2729
19,2129,19800.4,2828
19,2118,20191.9,2916
19,2112,20729.1,3000
19,2106,21508.6,3082
19,2121,22313.7,3177
19,2100,22999.6,3268
19,2107,23363.1,3344
19,2118,23927.3,3429
19,2112,24617.1,3523
19,2114,25290.4,3613
19,2101,25775.5,3696
19,2117,26518.5,3790
19,2103,26995,3871
19,2119,27752.2,3970
19,2125,28109.8,4049
19,2134,29054.8,4157
19,2105,29391.6,4253
19,2107,30313.4,4351
19,2108,31047.5,4432
19,2107,31634.4,4510
19,2125,32172.9,4595
19,2116,32908.6,4688
19,2115,33347.6,4772
19,2109,34035.1,4864
19,2103,34635.6,4946
19,2113,34938.4,5023
19,2110,35498.4,5110
19,2111,35998.1,5201
19,2117,36533.1,5279
19,2114,37117.6,5359
19,2112,37471.9,5436
19,2109,38076.3,5517
19,2111,38990.9,5609
19,2105,39478.5,5692
19,2114,39922.7,5781
19,2118,40486.1,5868
19,2116,41458.1,5971
19,2125,42378.8,6067
19,2095,42806.2,6147
19,2123,43390.3,6242
19,2094,44065.6,6319
19,2116,44752.8,6418
19,2101,45174.7,6495
19,2113,45733.6,6582
19,2120,46395.2,6668
19,2100,46981.3,6742
19,2103,47420.3,6825
19,2125,47947.6,6925
19,2115,48450.7,7015
19,2122,49264,7111
19,2089,50006.3,7202
19,2102,50597.5,7284
19,2130,51179.4,7382
19,2103,51819.4,7457
19,2120,52456.4,7551
19,2119,53142.6,7644
19,2106,53697.5,7727
19,2114,54257.4,7815
19,2126,54892.4,7909
19,2087,55175.7,7977
19,2107,55607,8059
19,2111,56590.9,8156
19,2097,56828.3,8230
19,2108,57473.9,8322
19,2123,57972.7,8410
19,2107,58830.1,8505
19,2115,59135.7,8579
19,2104,59628.4,8661
19,2106,59938.8,8739
19,2118,60831.2,8841
19,2104,61455,8932
19,2100,62418.5,9018
19,2116,63487.2,9120
19,2110,64187.2,9215
19,2113,64683.1,9299
19,2108,64980.4,9374
19,2094,65758.8,9457
19,2117,66937.6,9565
19,2120,67510.6,9654
19,2130,68443.6,9756
19,2115,69388.7,9854
19,2110,69864.5,9934
19,2120,70369.6,10023
19,2106,70846.5,10102
19,2108,71245.3,10191
19,2109,71787.4,10273
19,2108,72614.2,10374
19,2091,73174.4,10458
19,2108,73488.8,10535
19,2110,74141.4,10634
19,2118,75095.9,10740
19,2087,75517.1,10820
19,2128,76534.7,10929
19,2127,77213.9,11022
19,2107,77960.9,11116
19,2121,78667.6,11218
19,2124,79303.7,11310
19,2095,79817.8,11379
19,2112,80451.1,11472
19,2121,80996.1,11556
19,2114,81551.3,11639
19,2111,82349.9,11731
19,2111,83089.8,11820
19,2119,83738.7,11917
19,2110,84218,11993
19,2121,84998,12095
19,2120,86020.2,12197
19,2107,86651.9,12288
19,2108,87329.5,12372
19,2104,88444.9,12467
19,2108,88945.1,12552
19,2101,89623.3,12632
19,2100,90043.9,12708
19,2104,90798.8,12800
19,2105,91274.2,12873
19,2109,91953.2,12961
19,2116,92674.1,13068
19,2099,93615.3,13166
19,2107,93974.3,13242
19,2113,94380.3,13316
19,2111,95020.9,13408
19,2120,95562,13483
19,2104,96131.7,13570
19,2121,96680.7,13668
19,2121,97327.4,13760
19,2109,97922,13843
19,2103,98466.3,13920
19,2114,98939.8,13994
19,2111,99924,14090
19,2115,100576,14185
19,2108,101423,14283
19,2116,102060,14373
19,2105,102499,14456
19,2126,103879,14574
19,2109,104687,14669
19,2119,105672,14776
19,2108,106163,14851
19,2124,106977,14959
19,2106,107784,15061
19,2120,108752,15162
19,2111,109735,15255
19,2109,110289,15338
19,2118,110549,15422
19,2116,111374,15515
19,2111,112203,15610
19,2119,112843,15699
19,2117,113889,15805
19,2105,114522,15895
19,2116,115658,16006
19,2116,116172,16090
19,2095,116859,16172
19,2108,117339,16243
19,2102,118187,16344
19,2118,119202,16438
19,2095,119842,16522
19,2104,120481,16614
19,2099,120849,16689
19,2118,121240,16770
19,2116,122076,16870
19,2102,122368,16939
19,2123,122738,17017
19,2114,123219,17111
19,2112,123926,17201
19,2110,124666,17291
19,2105,125374,17382
19,2126,125870,17481
19,2124,126344,17569
19,2128,126791,17648
19,2107,127231,17729
19,2124,127893,17829
19,2117,128475,17918
19,2104,128958,17995
19,2101,129535,18079
19,2110,130186,18169
19,2113,131329,18265
19,2096,132092,18348
19,2112,132796,18442
19,2108,133577,18543
19,2097,134326,18630
19,2093,134784,18713
19,2110,135250,18811
19,2119,136062,18906
19,2107,136890,19001
19,2111,137370,19092
19,2116,137748,19171
19,2110,138036,19238
19,2111,138561,19325
19,2098,139479,19410
19,2124,139853,19490
19,2112,140298,19579
19,2106,140624,19655
19,2116,141072,19741
19,2106,142061,19836
19,2115,142701,19921
19,2121,143421,20016
19,2127,144249,20110
19,2121,144771,20203
19,2104,145387,20286
19,2106,146094,20378
19,2104,146675,20467
19,2117,147312,20557
19,2118,147967,20645
19,2109,148780,20731
19,2123,149780,20826
20,2118,787.73,97
20,2113,1631.91,180
20,2099,2286.58,260
20,2108,3146.43,350
20,2119,3927.51,441
20,2110,4373.54,526
20,2098,4995.66,607
20,2131,5944.25,702
20,2109,6279.39,786
20,2109,7071.15,871
20,2103,7614.67,948
20,2116,8057.71,1031
20,2117,8621.96,1118
20,2116,9114.26,1195
20,2123,9725.17,1295
20,2121,10536.1,1388
20,2100,11113.5,1467
20,2120,11630.4,1556
20,2107,12183.9,1640
20,2107,12946.1,1735
20,2117,13602,1826
20,2121,14381,1921
20,2105,14997.3,2000
20,2120,15598.7,2090
20,2097,15894.5,2154
20,2122,16198.8,2227
20,2093,16544.1,2298
20,2104,17042.6,2380
20,2105,17336.8,2453
20,2105,18115.1,2531
20,2107,19021.1,2638
20,2108,19648.2,2727
20,2109,20379.8,2820
20,2128,21360.7,2926
20,2115,21886.5,3012
20,2126,22606.7,3103
20,2116,23411.6,3192
20,2117,23971.3,3281
20,2111,24863.4,3373
20,2121,25708.7,3472
20,2110,26193.4,3563
20,2126,27056.5,3651
20,2105,27572.5,3734
20,2114,28123.3,3815
20,2116,29020.3,3926
20,2110,29662.6,4013
20,2104,30519.9,4107
20,2130,31021.6,4192
20,2104,31520.1,4270
20,2109,32160.1,4354
20,2116,32754.6,4446
20,2124,33032.7,4534
20,2102,33447.9,4603
20,2096,33881.7,4676
20,2097,34300.4,4750
20,2115,34628.2,4822
20,2111,35285,4914
20,2102,35713.1,4992
20,2115,36338.4,5079
20,2128,37128.2,5175
20,2111,38019.4,5262
20,2118,38738.2,5360
20,2108,39121.4,5444
20,2105,39488.3,5519
20,2101,39754.5,5598
20,2136,40676.3,5702
20,2118,41317,5787
20,2114,41762.6,5870
20,2103,42235.1,5946
20,2108,43255.4,6045
20,2109,43954.3,6146
20,2103,44457.5,6226
20,2101,45159.5,6313
20,2127,45707.1,6408
20,2126,46378.1,6508
20,2122,46995.6,6601
20,2114,47951.1,6703
20,2116,48405.7,6789
20,2124,49400.2,6885
20,2103,49816.2,6956
20,2115,50335.8,7046
20,2111,51210.3,7152
20,2121,51832.6,7243
20,2114,52128.5,7315
20,2117,52630.3,7397
20,2094,53149.6,7483
20,2110,53629.2,7556
20,2124,54424.9,7659
20,2118,55332.5,7758
20,2127,56035.2,7852
20,2104,56418.6,7934
20,2103,57004.8,8027
20,2112,57416.6,8111
20,2117,57850.5,8188
20,2113,58518.7,8281
20,2104,59159.5,8367
20,2118,59863.8,8453
20,2106,60502.2,8541
20,2121,61331.5,8636
20,2106,61736.6,8705
20,2105,62324.2,8801
20,2107,62958,8887
20,2122,63967.4,8987
20,2116,64549.7,9073
20,2105,65045.8,9150
20,2123,65945.7,9253
20,2106,66395.4,9338
20,2109,66772.9,9419
20,2111,67158.4,9498
20,2117,68300.7,9598
20,2117,69205.8,9695
20,2120,70064.8,9793
20,2117,70783.8,9881
20,2114,71786.9,9995
20,2108,72995.3,10097
20,2122,73758.4,10184
20,2113,74585.9,10282
20,2126,75669.1,10379
20,2114,76116.6,10462
20,2115,77088.9,10567
20,2099,77589.2,10648
20,2099,77898.2,10721
20,2109,80130.9,10813
20,2089,80560.8,10892
20,2126,81427,10997
20,2117,82318.3,11090
20,2125,83019.2,11193
20,2109,83650.8,11276
20,2124,84331.3,11381
20,2104,87071.8,11463
20,2132,87593.6,11555
20,2119,88374.4,11650
20,2091,88996.2,11730
20,2119,89616.3,11821
20,2108,90135.6,11896
20,2128,90638.9,11979
20,2124,91368.3,12082
20,2111,91882.5,12169
20,2107,92582.7,12260
20,2115,93475.8,12356
20,2120,93856.6,12438
20,2111,94798.5,12528
20,2106,95202.7,12603
20,2121,95760.9,12693
20,2105,96004,12766
20,2120,96581.9,12855
20,2112,97432.3,12958
20,2109,98035.7,13054
20,2127,98329.4,13150
20,2126,98898.6,13236
20,2106,99910.1,13338
20,2115,100290,13421
20,2118,101112,13509
20,2120,101631,13584
20,2117,102733,13692
20,2118,103204,13781
20,2105,103901,13871
20,2122,104299,13962
20,2113,105118,14051
20,2118,105765,14144
20,2104,106439,14226
20,2118,107142,14317
20,2103,107702,14398
20,2114,108453,14498
20,2114,109326,14592
20,2111,109950,14682
20,2115,110364,14752
20,2097,110990,14835
20,2103,111569,14923
20,2105,112190,15003
20,2112,113051,15089
20,2121,113557,15173
20,2105,113930,15248
20,2110,114436,15330
20,2129,115557,15446
20,2102,116117,15527
20,2117,116699,15620
20,2112,117003,15694
20,2128,118011,15809
20,2099,118864,15900
20,2115,119508,15991
20,2123,120246,16096
20,2111,120748,16178
20,2130,121629,16280
20,2117,122188,16372
20,2112,122876,16468
20,2102,123247,16547
20,2122,124002,16637
20,2111,124565,16722
20,2123,125193,16811
20,2109,125581,16893
20,2116,125986,16982
20,2112,126669,17065
20,2116,127103,17146
20,2109,127481,17229
20,2123,128139,17323
20,2095,128626,17401
20,2112,129530,17502
20,2115,130229,17593
20,2108,130891,17691
20,2132,132179,17812
20,2117,133075,17908
20,2119,133392,17988
20,2103,133951,18070
20,2114,134873,18180
20,2113,135441,18263
20,2113,135934,18343
20,2099,136248,18418
20,2107,136684,18494
20,2108,137382,18585
20,2115,138353,18684
20,2119,139132,18779
20,2100,139595,18853
20,2116,140008,18930
20,2103,140624,19012
20,2110,141000,19090
20,2110,141939,19182
20,2102,142846,19268
20,2101,143346,19349
20,2128,144178,19448
20,2103,144793,19530
20,2132,145463,19629
20,2128,145931,19719
20,2109,146201,19801
20,2108,146527,19885
20,2127,147482,19981
20,2119,148085,20076
20,2108,149010,20166
20,2131,149657,20259
