16,1054,2.64251,1,1
16,1059,5.46858,1,2
16,1063,8.48256,1,3
16,1067,10.516,1,4
16,1070,12.5067,1,5
16,1073,14.7462,1,6
16,1076,17.3405,1,7
16,1079,19.9408,1,8
16,1082,22.9193,1,9
16,1085,26.1981,1,10
16,1087,28.2655,1,11
16,1089,30.6917,1,12
16,1091,32.9244,1,13
16,1093,35.79,1,14
16,1096,40.0735,1,15
16,1098,43.4226,1,16
16,1100,46.0434,1,17
16,1102,49.3783,1,18
16,1104,52.6161,1,19
16,1106,55.2732,1,20
16,1108,57.9536,1,21
16,1110,60.2792,1,22
16,1112,62.5443,1,23
16,1114,64.991,1,24
16,1116,67.3813,1,25
16,1118,69.8378,1,26
16,1120,73.5336,1,27
16,1122,76.2846,1,28
16,1124,78.4605,1,29
16,1126,80.6234,1,30
16,1128,82.6047,1,31
16,1131,85.5804,1,32
16,1133,87.5601,1,33
16,1135,89.4917,1,34
16,1136,91.4919,1,35
16,1137,93.2505,1,36
16,1138,95.2733,1,37
16,1139,97.1385,1,38
16,1140,98.9761,1,39
16,1141,100.846,1,40
16,1142,102.728,1,41
16,1143,104.556,1,42
16,1144,106.562,1,43
16,1145,108.617,1,44
16,1146,110.805,1,45
16,1147,112.782,1,46
16,1148,115.601,1,47
16,1149,117.527,1,48
16,1150,119.297,1,49
16,1151,121.032,1,50
16,1152,122.892,1,51
16,1153,124.958,1,52
16,1154,126.774,1,53
16,1155,128.525,1,54
16,1156,130.265,1,55
16,1157,131.989,1,56
16,1158,133.804,1,57
16,1159,135.854,1,58
16,1160,202.542,1,59
16,1161,271.673,1,60
16,1162,338.812,1,61
16,1163,403.911,1,62
16,1164,470.512,1,63
16,1165,537.183,1,64
16,1166,539.7,1,65
16,1167,602.089,1,66
16,1168,667.217,1,67
16,1169,729.601,1,68
16,1170,979.994,1,72
16,1171,1108.25,1,74
16,1172,1232.07,1,76
16,1173,1970.21,1,88
16,1174,2032.31,1,89
16,1175,2097.3,1,90
16,1176,2341.25,1,94
16,1177,3075.26,1,106
16,1178,3447.36,1,112
16,1179,3819.96,1,118
16,1180,4126.43,1,123
16,1181,4495.48,1,129
16,1182,4619.34,1,132
16,1183,5054.5,1,139
16,1184,5365.31,1,145
16,1185,5429.51,1,146
16,1186,10381.9,1,227
16,1187,11010.3,1,238
16,1188,12786.1,1,267
16,1189,13459.3,1,279
16,1190,20301.1,1,392
16,1191,123822,1,2069
16,1192,123891,1,2070
17,1047,3.03806,1,1
17,1050,5.86216,1,2
17,1053,8.25005,1,3
17,1056,10.5862,1,4
17,1059,12.8991,1,5
17,1062,15.319,1,6
17,1065,18.5959,1,7
17,1068,21.6702,1,8
17,1071,24.0258,1,9
17,1074,26.806,1,10
17,1076,29.2812,1,11
17,1078,31.5601,1,12
17,1080,36.7204,1,13
17,1082,39.5934,1,14
17,1084,42.1823,1,15
17,1086,44.5267,1,16
17,1088,46.6174,1,17
17,1090,48.7293,1,18
17,1092,51.0438,1,19
17,1094,53.2576,1,20
17,1096,55.2835,1,21
17,1098,57.2585,1,22
17,1100,59.237,1,23
17,1102,61.1986,1,24
17,1104,63.1293,1,25
17,1106,65.4454,1,26
17,1108,67.6596,1,27
17,1110,69.9385,1,28
17,1112,72.0311,1,29
17,1113,74.0258,1,30
17,1114,76.0059,1,31
17,1115,77.9813,1,32
17,1116,80.25,1,33
17,1117,84.2536,1,34
17,1118,87.2664,1,35
17,1119,89.7585,1,36
17,1120,93.1329,1,37
17,1122,95.9882,1,38
17,1123,100.165,1,39
17,1124,103.774,1,40
17,1125,106.711,1,41
17,1127,110.254,1,42
17,1128,113.325,1,43
17,1129,115.947,1,44
17,1130,118.481,1,45
17,1131,121.568,1,46
17,1132,124.169,1,47
17,1133,126.769,1,48
17,1134,129.065,1,49
17,1135,131.188,1,50
17,1136,133.448,1,51
17,1137,135.713,1,52
17,1138,137.816,1,53
17,1139,139.897,1,54
17,1140,142.273,1,55
17,1142,145.539,1,56
17,1143,148.444,1,57
17,1144,150.85,1,58
17,1145,153.122,1,59
17,1146,155.097,1,60
17,1147,157.117,1,61
17,1148,159.14,1,62
17,1150,161.074,1,63
17,1151,162.93,1,64
17,1152,164.765,1,65
17,1153,166.856,1,66
17,1154,169.511,1,67
17,1155,171.766,1,68
17,1156,173.975,1,69
17,1157,236.703,1,70
17,1158,304.286,1,71
17,1159,373.468,1,72
17,1160,439.944,1,73
17,1161,506.745,1,74
17,1162,574.874,1,75
17,1163,577.454,1,76
17,1164,579.771,1,77
17,1165,581.881,1,78
17,1166,645.21,1,79
17,1167,714.703,1,80
17,1168,1100.44,1,86
17,1169,1294.05,1,89
17,1170,1424.07,1,91
17,1171,1489.52,1,92
17,1172,1553.26,1,93
17,1173,2142.88,1,102
17,1174,2338.35,1,105
17,1175,2474.79,1,107
17,1176,2541.25,1,108
17,1177,2671.12,1,110
17,1178,2864.94,1,113
17,1179,3249.72,1,119
17,1180,3575.47,1,125
17,1181,4554.69,1,141
17,1182,4620.96,1,142
17,1183,7233.5,1,183
17,1184,11721.3,1,252
17,1185,13212.1,1,276
17,1186,13608.6,1,282
17,1187,95129.6,1,1567
17,1188,95194.8,1,1568
17,1189,95844.1,1,1578
17,1190,100840,1,1658
17,1191,101168,1,1663
18,1061,3.45532,1,1
18,1065,6.85695,1,2
18,1068,10.893,1,3
18,1071,15.0888,1,4
18,1074,19.5907,1,5
18,1077,23.7352,1,6
18,1080,28.8781,1,7
18,1083,33.3294,1,8
18,1085,37.425,1,9
18,1087,42.2952,1,10
18,1089,46.8783,1,11
18,1091,50.1327,1,12
18,1093,53.1186,1,13
18,1096,56.0197,1,14
18,1098,60.0463,1,15
18,1100,64.8047,1,16
18,1102,68.9141,1,17
18,1104,72.238,1,18
18,1106,75.4612,1,19
18,1108,78.8592,1,20
18,1110,81.8787,1,21
18,1111,84.6373,1,22
18,1112,87.2956,1,23
18,1114,89.77,1,24
18,1115,92.1847,1,25
18,1116,95.2176,1,26
18,1118,97.7524,1,27
18,1119,100.158,1,28
18,1120,102.563,1,29
18,1121,106.876,1,30
18,1122,112.173,1,31
18,1123,115.555,1,32
18,1124,118.507,1,33
18,1126,121.305,1,34
18,1128,123.987,1,35
18,1130,126.677,1,36
18,1131,129.559,1,37
18,1132,132.073,1,38
18,1133,134.509,1,39
18,1134,137.095,1,40
18,1136,139.547,1,41
18,1138,141.943,1,42
18,1139,144.487,1,43
18,1140,148.017,1,44
18,1141,150.554,1,45
18,1143,153.121,1,46
18,1144,155.563,1,47
18,1145,157.96,1,48
18,1147,160.583,1,49
18,1148,163.269,1,50
18,1149,165.721,1,51
18,1150,168.284,1,52
18,1151,170.694,1,53
18,1152,173.065,1,54
18,1153,175.393,1,55
18,1155,178.073,1,56
18,1156,180.585,1,57
18,1157,183.064,1,58
18,1158,185.462,1,59
18,1159,187.821,1,60
18,1160,190.174,1,61
18,1161,192.52,1,62
18,1162,195.215,1,63
18,1164,197.68,1,64
18,1165,201.196,1,65
18,1166,205.329,1,66
18,1167,208.488,1,67
18,1168,211.832,1,68
18,1169,281.381,1,69
18,1170,284.423,1,70
18,1171,287.134,1,71
18,1172,289.995,1,72
18,1173,353.85,1,73
18,1174,356.793,1,74
18,1175,421.535,1,75
18,1176,489.671,1,76
18,1177,555.551,1,77
18,1178,619.931,1,78
18,1179,947.8,1,83
18,1180,1016.51,1,84
18,1181,1403.69,1,90
18,1182,1542.08,1,92
18,1183,3230.46,1,118
18,1184,3693.95,1,125
18,1185,7718.99,1,189
18,1186,25926.4,1,473
18,1187,33733.9,1,597
18,1188,35370.5,1,622
18,1189,36153.1,1,634
18,1190,59895,1,1013
18,1191,67589,1,1138
18,1192,113141,1,1862
19,1054,4.04666,1,1
19,1058,8.25439,1,2
19,1062,12.4499,1,3
19,1065,16.1353,1,4
19,1068,20.4528,1,5
19,1071,23.9117,1,6
19,1074,28.2548,1,7
19,1077,32.8506,1,8
19,1080,37.3986,1,9
19,1083,41.6351,1,10
19,1085,46.3493,1,11
19,1087,50.8038,1,12
19,1089,54.8489,1,13
19,1091,59.7391,1,14
19,1093,65.2563,1,15
19,1095,70.0897,1,16
19,1097,73.6232,1,17
19,1099,78.0295,1,18
19,1101,82.8688,1,19
19,1103,87.4792,1,20
19,1105,92.7484,1,21
19,1107,97.6959,1,22
19,1109,101.698,1,23
19,1111,105.098,1,24
19,1113,108.234,1,25
19,1115,112.322,1,26
19,1117,118.638,1,27
19,1119,122.422,1,28
19,1120,125.843,1,29
19,1122,129.843,1,30
19,1123,133.05,1,31
19,1124,136.137,1,32
19,1125,139.132,1,33
19,1126,142.3,1,34
19,1127,145.96,1,35
19,1128,149.058,1,36
19,1129,152.043,1,37
19,1130,155.001,1,38
19,1132,158.401,1,39
19,1133,162.005,1,40
19,1134,165.505,1,41
19,1135,168.793,1,42
19,1136,171.948,1,43
19,1137,175.465,1,44
19,1138,179.2,1,45
19,1139,182.545,1,46
19,1140,185.736,1,47
19,1141,188.825,1,48
19,1142,191.851,1,49
19,1143,195.402,1,50
19,1144,198.769,1,51
19,1145,202.077,1,52
19,1146,205.368,1,53
19,1147,210.019,1,54
19,1148,214.303,1,55
19,1149,218.122,1,56
19,1150,222.105,1,57
19,1151,226.053,1,58
19,1152,228.968,1,59
19,1153,231.183,1,60
19,1154,295.05,1,61
19,1155,299.179,1,62
19,1156,302.887,1,63
19,1157,305.709,1,64
19,1158,309.468,1,65
19,1159,312.624,1,66
19,1160,380.25,1,67
19,1161,383.859,1,68
19,1162,386.85,1,69
19,1163,389.435,1,70
19,1164,456.953,1,71
19,1165,522.482,1,72
19,1166,589.512,1,73
19,1167,655.405,1,74
19,1168,722.726,1,75
19,1169,790.408,1,76
19,1170,855.414,1,77
19,1171,922.401,1,78
19,1172,989.475,1,79
19,1173,1055.86,1,80
19,1174,1387.69,1,85
19,1175,1391.12,1,86
19,1176,1457.86,1,87
19,1177,1526.76,1,88
19,1178,1724.32,1,91
19,1179,1792.56,1,92
19,1180,1989.87,1,95
19,1181,2126.1,1,97
19,1182,2128.62,1,98
19,1183,2392.69,1,103
19,1184,4548.88,1,136
19,1185,4618.43,1,137
19,1186,9051.3,1,206
19,1187,20301,1,382
19,1188,20896.7,1,391
19,1189,25797.6,1,470
19,1190,26120,1,475
19,1191,26122.5,1,476
19,1192,28611.2,1,514
19,1193,28871.2,1,518
20,1066,5.92927,1,1
20,1070,10.4342,1,2
20,1073,14.8409,1,3
20,1076,19.1418,1,4
20,1079,23.4384,1,5
20,1082,27.7811,1,6
20,1085,32.4748,1,7
20,1088,36.5514,1,8
20,1090,41.2518,1,9
20,1092,46.1247,1,10
20,1094,51.1145,1,11
20,1096,55.5263,1,12
20,1099,59.706,1,13
20,1101,64.2181,1,14
20,1103,68.2754,1,15
20,1105,72.2447,1,16
20,1107,76.2084,1,17
20,1109,80.9045,1,18
20,1111,85.3499,1,19
20,1113,89.5797,1,20
20,1115,94.3338,1,21
20,1117,100.522,1,22
20,1119,108.368,1,23
20,1121,114.939,1,24
20,1123,120.725,1,25
20,1125,127.503,1,26
20,1126,133.421,1,27
20,1127,136.467,1,28
20,1128,138.811,1,29
20,1129,140.927,1,30
20,1130,143.126,1,31
20,1131,145.133,1,32
20,1132,147.05,1,33
20,1133,148.927,1,34
20,1134,150.765,1,35
20,1136,152.583,1,36
20,1137,154.383,1,37
20,1138,156.171,1,38
20,1139,158.292,1,39
20,1140,162.281,1,40
20,1141,165.306,1,41
20,1142,167.634,1,42
20,1143,169.715,1,43
20,1144,171.7,1,44
20,1145,173.694,1,45
20,1146,175.666,1,46
20,1147,177.546,1,47
20,1148,179.4,1,48
20,1149,181.227,1,49
20,1150,183.044,1,50
20,1151,246.45,1,51
20,1152,308.901,1,52
20,1153,379.301,1,53
20,1154,381.454,1,54
20,1155,443.312,1,55
20,1156,447.027,1,56
20,1157,509.827,1,57
20,1158,571.834,1,58
20,1159,575.502,1,59
20,1160,578.286,1,60
20,1161,580.548,1,61
20,1162,582.479,1,62
20,1163,643.029,1,63
20,1164,706.846,1,64
20,1165,772.565,1,65
20,1166,833.264,1,66
20,1167,896.927,1,67
20,1168,972.487,1,68
20,1169,1039.03,1,69
20,1170,1106.34,1,70
20,1171,1170.14,1,71
20,1172,1486.41,1,76
20,1173,1550.71,1,77
20,1174,1625.01,1,78
20,1175,1753.6,1,81
20,1176,2066.62,1,86
20,1177,2439.6,1,92
20,1178,2894.37,1,99
20,1179,3033.78,1,101
20,1180,3791.04,1,113
20,1181,5400.81,1,140
20,1182,8723.36,1,194
20,1183,10042.8,1,216
20,1184,10113.7,1,217
20,1185,12918.5,1,262
20,1186,13108,1,266
20,1187,13357.5,1,271
20,1188,13986.4,1,281
20,1189,14727,1,293
20,1190,15052.7,1,298
20,1191,34528.7,1,619
20,1192,34661.3,1,621
1,1052,2.31368,1,1
1,1055,4.77262,1,2
1,1058,7.48422,1,3
1,1061,9.58433,1,4
1,1064,11.6004,1,5
1,1067,13.5876,1,6
1,1070,15.5472,1,7
1,1073,17.7614,1,8
1,1076,20.3127,1,9
1,1078,23.0254,1,10
1,1080,25.8042,1,11
1,1082,28.0973,1,12
1,1084,30.5551,1,13
1,1086,33.3022,1,14
1,1088,35.9688,1,15
1,1090,38.6176,1,16
1,1092,41.4658,1,17
1,1094,44.0021,1,18
1,1096,46.3126,1,19
1,1098,48.3681,1,20
1,1100,50.503,1,21
1,1102,52.4156,1,22
1,1104,54.2895,1,23
1,1106,56.4863,1,24
1,1107,58.6911,1,25
1,1109,60.5847,1,26
1,1110,62.4365,1,27
1,1111,64.3302,1,28
1,1112,66.4382,1,29
1,1113,68.9374,1,30
1,1114,70.7616,1,31
1,1115,72.8412,1,32
1,1116,74.8868,1,33
1,1118,76.6494,1,34
1,1119,78.3974,1,35
1,1120,80.216,1,36
1,1121,83.1045,1,37
1,1122,86.049,1,38
1,1123,88.2663,1,39
1,1124,90.8883,1,40
1,1125,93.0891,1,41
1,1126,95.1931,1,42
1,1127,97.8388,1,43
1,1128,102.076,1,44
1,1129,105.825,1,45
1,1130,109.687,1,46
1,1131,112.872,1,47
1,1132,115.879,1,48
1,1133,118.747,1,49
1,1134,121.395,1,50
1,1136,124.646,1,51
1,1137,128.392,1,52
1,1138,130.955,1,53
1,1139,133.097,1,54
1,1140,135.127,1,55
1,1141,137.107,1,56
1,1142,139.222,1,57
1,1143,141.469,1,58
1,1144,143.461,1,59
1,1145,145.38,1,60
1,1146,147.231,1,61
1,1147,149.091,1,62
1,1148,150.924,1,63
1,1149,152.724,1,64
1,1150,154.52,1,65
1,1151,221.626,1,66
1,1152,287.57,1,67
1,1153,289.992,1,68
1,1154,353.032,1,69
1,1155,417.424,1,70
1,1156,420.664,1,71
1,1157,481.97,1,72
1,1158,550.646,1,73
1,1159,553.936,1,74
1,1160,618.417,1,75
1,1161,682.326,1,76
1,1162,746.137,1,77
1,1163,809.644,1,78
1,1164,874.252,1,79
1,1165,936.896,1,80
1,1166,1003.93,1,81
1,1167,1070.01,1,82
1,1168,1381.74,1,87
1,1169,1384.08,1,88
1,1170,2141.3,1,100
1,1171,2205.25,1,101
1,1172,2522.37,1,106
1,1173,2780.71,1,111
1,1174,2847.23,1,112
1,1175,3350.16,1,121
1,1176,3540.06,1,124
1,1177,3602.14,1,125
1,1178,3787.92,1,128
1,1179,3975.31,1,132
1,1180,4223.41,1,136
1,1181,5793.58,1,161
1,1182,6667.15,1,175
1,1183,8741.59,1,208
1,1184,9630.91,1,222
1,1185,17526.5,1,346
1,1186,17910.9,1,352
1,1187,22034.5,1,415
1,1188,28595.9,1,518
1,1189,28861.2,1,522
1,1190,47296.5,1,817
2,1057,2.57461,1,1
2,1061,6.24626,1,2
2,1064,8.9764,1,3
2,1067,11.6821,1,4
2,1070,14.4481,1,5
2,1073,17.0512,1,6
2,1076,19.4853,1,7
2,1079,23.016,1,8
2,1082,26.2439,1,9
2,1084,29.0491,1,10
2,1086,31.8432,1,11
2,1088,34.9116,1,12
2,1090,38.5742,1,13
2,1092,41.6983,1,14
2,1094,44.5915,1,15
2,1096,47.6169,1,16
2,1098,50.4288,1,17
2,1100,53.6405,1,18
2,1102,57.2798,1,19
2,1104,60.4509,1,20
2,1106,63.2691,1,21
2,1108,65.8997,1,22
2,1110,68.7708,1,23
2,1112,71.5914,1,24
2,1113,74.8821,1,25
2,1115,77.5775,1,26
2,1116,80.3372,1,27
2,1118,83.1712,1,28
2,1119,85.824,1,29
2,1121,88.9615,1,30
2,1123,91.891,1,31
2,1124,94.4396,1,32
2,1126,96.9664,1,33
2,1127,99.691,1,34
2,1128,102.246,1,35
2,1129,104.744,1,36
2,1130,108.037,1,37
2,1131,110.921,1,38
2,1132,113.835,1,39
2,1133,116.814,1,40
2,1134,119.256,1,41
2,1135,121.642,1,42
2,1136,124.196,1,43
2,1137,126.428,1,44
2,1138,128.631,1,45
2,1139,131.079,1,46
2,1140,133.278,1,47
2,1141,135.398,1,48
2,1142,137.512,1,49
2,1143,139.821,1,50
2,1144,142.016,1,51
2,1145,144.054,1,52
2,1146,146.681,1,53
2,1147,150.216,1,54
2,1148,152.823,1,55
2,1149,155.53,1,56
2,1150,158.263,1,57
2,1151,160.351,1,58
2,1152,163.813,1,59
2,1153,167.633,1,60
2,1154,170.391,1,61
2,1155,173.369,1,62
2,1156,240.44,1,63
2,1157,312.031,1,64
2,1158,380.227,1,65
2,1159,446.318,1,66
2,1160,514.389,1,67
2,1161,583.3,1,68
2,1162,651.198,1,69
2,1163,717.814,1,70
2,1164,783.326,1,71
2,1165,849.892,1,72
2,1166,920.123,1,73
2,1167,991.924,1,74
2,1168,1059.02,1,75
2,1169,1194.69,1,78
2,1170,1260.22,1,79
2,1171,1330.8,1,80
2,1172,1400.04,1,81
2,1173,1472.05,1,82
2,1174,1942.62,1,89
2,1175,2145.62,1,92
2,1176,2548.66,1,98
2,1177,2756.93,1,101
2,1178,3636.08,1,114
2,1179,3701.56,1,115
2,1180,4319.16,1,124
2,1181,4394.37,1,125
2,1182,5082.53,1,136
2,1183,5220.14,1,138
2,1184,5767.85,1,146
2,1185,11192.5,1,229
2,1186,24971.5,1,440
2,1187,25233.5,1,444
2,1188,25502,1,448
2,1189,27036.3,1,471
2,1190,27105,1,472
2,1191,27308.7,1,475
2,1192,56019.6,1,930
3,1049,1.90708,1,1
3,1052,5.52346,1,2
3,1055,8.53388,1,3
3,1058,11.4796,1,4
3,1061,13.8469,1,5
3,1064,16.2581,1,6
3,1067,18.7542,1,7
3,1069,21.3919,1,8
3,1071,24.2097,1,9
3,1073,28.1909,1,10
3,1075,32.1755,1,11
3,1077,34.9148,1,12
3,1079,37.3954,1,13
3,1081,39.8342,1,14
3,1083,42.2644,1,15
3,1085,45.3581,1,16
3,1087,48.3444,1,17
3,1089,51.4386,1,18
3,1091,53.7874,1,19
3,1093,56.1705,1,20
3,1095,58.3772,1,21
3,1098,60.7746,1,22
3,1100,63.6271,1,23
3,1102,65.9033,1,24
3,1104,68.2189,1,25
3,1106,70.3601,1,26
3,1108,72.3714,1,27
3,1110,74.361,1,28
3,1112,76.3762,1,29
3,1114,79.0764,1,30
3,1115,81.1046,1,31
3,1116,83.0374,1,32
3,1117,84.931,1,33
3,1118,86.8168,1,34
3,1119,88.684,1,35
3,1120,90.5409,1,36
3,1121,92.39,1,37
3,1122,96.2602,1,38
3,1123,98.5431,1,39
3,1125,100.52,1,40
3,1127,102.624,1,41
3,1128,104.894,1,42
3,1129,107.857,1,43
3,1130,110.41,1,44
3,1131,112.538,1,45
3,1132,114.404,1,46
3,1133,116.257,1,47
3,1134,118.078,1,48
3,1135,119.892,1,49
3,1136,121.706,1,50
3,1137,123.52,1,51
3,1138,125.605,1,52
3,1139,128.116,1,53
3,1140,130.971,1,54
3,1141,133.045,1,55
3,1142,134.886,1,56
3,1143,136.827,1,57
3,1144,138.69,1,58
3,1145,140.899,1,59
3,1146,144.689,1,60
3,1147,147.87,1,61
3,1148,150.096,1,62
3,1149,152.147,1,63
3,1150,155.218,1,64
3,1151,158.446,1,65
3,1152,163.639,1,66
3,1153,167.001,1,67
3,1154,236.627,1,68
3,1155,240.056,1,69
3,1156,243.501,1,70
3,1157,245.969,1,71
3,1158,248.097,1,72
3,1159,249.974,1,73
3,1160,317.414,1,74
3,1161,387.247,1,75
3,1162,389.419,1,76
3,1163,391.42,1,77
3,1164,460.283,1,78
3,1165,529.292,1,79
3,1166,597.046,1,80
3,1167,663.602,1,81
3,1168,940.454,1,86
3,1169,1008.14,1,87
3,1170,1082.69,1,88
3,1171,1289.29,1,91
3,1172,1496.11,1,94
3,1173,1565.04,1,95
3,1174,1702.64,1,97
3,1175,1775.25,1,98
3,1176,2054.31,1,102
3,1177,2251.6,1,105
3,1178,2320.59,1,106
3,1179,2866.72,1,114
3,1180,3605.67,1,126
3,1181,4344.08,1,137
3,1182,5896.86,1,161
3,1183,7736.99,1,189
3,1184,8900.53,1,206
3,1185,11185,1,241
3,1186,18894.6,1,357
3,1187,41401.5,1,697
3,1188,43013.1,1,721
3,1189,43279.6,1,725
3,1190,77626.4,1,1252
3,1191,77894.4,1,1256
3,1192,79029.8,1,1273
3,1193,103598,1,1659
4,1051,2.57145,1,1
4,1055,5.05567,1,2
4,1058,7.33895,1,3
4,1062,9.65776,1,4
4,1065,12.1408,1,5
4,1068,14.9495,1,6
4,1071,17.2154,1,7
4,1074,20.4031,1,8
4,1077,22.9674,1,9
4,1080,25.7307,1,10
4,1083,28.6476,1,11
4,1086,31.6233,1,12
4,1089,34.0317,1,13
4,1091,36.2305,1,14
4,1093,38.4033,1,15
4,1095,40.5886,1,16
4,1097,43.0172,1,17
4,1099,46.3766,1,18
4,1101,49.4545,1,19
4,1103,51.8523,1,20
4,1105,54.087,1,21
4,1107,56.2901,1,22
4,1109,58.5541,1,23
4,1111,60.7829,1,24
4,1113,62.9762,1,25
4,1115,65.4087,1,26
4,1117,67.6572,1,27
4,1118,70.0747,1,28
4,1120,72.3351,1,29
4,1122,74.582,1,30
4,1123,76.6731,1,31
4,1124,78.6804,1,32
4,1125,80.9763,1,33
4,1126,83.1779,1,34
4,1127,85.2283,1,35
4,1128,87.2392,1,36
4,1129,89.402,1,37
4,1130,91.6687,1,38
4,1131,93.7246,1,39
4,1132,95.7348,1,40
4,1134,98.0784,1,41
4,1136,100.955,1,42
4,1137,103.031,1,43
4,1138,105.337,1,44
4,1139,109.091,1,45
4,1140,112.086,1,46
4,1141,114.905,1,47
4,1142,118.414,1,48
4,1143,121.482,1,49
4,1144,123.858,1,50
4,1145,126.074,1,51
4,1146,128.671,1,52
4,1147,131.209,1,53
4,1148,133.733,1,54
4,1149,135.838,1,55
4,1150,138.275,1,56
4,1151,140.37,1,57
4,1152,142.313,1,58
4,1153,144.186,1,59
4,1154,146.146,1,60
4,1155,148.491,1,61
4,1156,150.737,1,62
4,1157,217.376,1,63
4,1158,220.791,1,64
4,1159,223.251,1,65
4,1160,225.24,1,66
4,1161,227.157,1,67
4,1162,292.259,1,68
4,1163,359.393,1,69
4,1164,362.686,1,70
4,1165,365.336,1,71
4,1166,429.917,1,72
4,1167,500.493,1,73
4,1168,569.187,1,74
4,1169,637.777,1,75
4,1170,641.052,1,76
4,1171,706.596,1,77
4,1172,775.453,1,78
4,1173,779.942,1,79
4,1174,849.492,1,80
4,1175,987.484,1,83
4,1176,1057.08,1,84
4,1177,1664.79,1,93
4,1178,1732.19,1,94
4,1179,2138.56,1,101
4,1180,2606.46,1,108
4,1181,2874.58,1,112
4,1182,3075.8,1,115
4,1183,3611,1,123
4,1184,4148.83,1,131
4,1185,9760.02,1,218
4,1186,12232.8,1,257
4,1187,12301.6,1,258
4,1188,14570.5,1,294
4,1189,14705.4,1,297
4,1190,54730,1,918
4,1191,103923,1,1681
5,1059,2.34368,1,1
5,1063,5.43345,1,2
5,1066,8.0049,1,3
5,1069,10.4275,1,4
5,1072,14.6878,1,5
5,1075,18.3689,1,6
5,1078,22.0709,1,7
5,1081,24.884,1,8
5,1084,27.3757,1,9
5,1086,33.0953,1,10
5,1088,38.6701,1,11
5,1090,43.4601,1,12
5,1093,47.4527,1,13
5,1095,51.1125,1,14
5,1097,55.2902,1,15
5,1099,58.4206,1,16
5,1101,61.2965,1,17
5,1103,64.0365,1,18
5,1105,66.514,1,19
5,1107,69.1273,1,20
5,1109,71.9154,1,21
5,1111,75.9467,1,22
5,1113,80.507,1,23
5,1115,83.4376,1,24
5,1116,85.8658,1,25
5,1117,88.4637,1,26
5,1118,90.5725,1,27
5,1120,92.7125,1,28
5,1121,94.781,1,29
5,1122,96.8393,1,30
5,1124,98.8715,1,31
5,1126,100.922,1,32
5,1127,103.08,1,33
5,1128,105.323,1,34
5,1129,107.285,1,35
5,1130,109.216,1,36
5,1131,111.135,1,37
5,1132,113.024,1,38
5,1133,114.987,1,39
5,1134,116.916,1,40
5,1136,118.82,1,41
5,1137,121.124,1,42
5,1138,123.079,1,43
5,1139,124.976,1,44
5,1140,126.867,1,45
5,1141,128.735,1,46
5,1142,130.719,1,47
5,1143,133.075,1,48
5,1144,135.164,1,49
5,1145,137.387,1,50
5,1146,139.443,1,51
5,1147,141.333,1,52
5,1148,143.199,1,53
5,1149,145.058,1,54
5,1150,213.269,1,55
5,1151,279.732,1,56
5,1152,347.156,1,57
5,1153,350.998,1,58
5,1154,354.132,1,59
5,1155,420.192,1,60
5,1156,422.72,1,61
5,1157,424.951,1,62
5,1158,493.075,1,63
5,1159,559.817,1,64
5,1160,629.894,1,65
5,1161,697.729,1,66
5,1162,765.23,1,67
5,1163,832.407,1,68
5,1164,901.96,1,69
5,1165,969.325,1,70
5,1166,973.003,1,71
5,1167,1041.31,1,72
5,1168,1110.41,1,73
5,1169,1113.14,1,74
5,1170,1179.27,1,75
5,1171,1380.26,1,79
5,1172,1450.16,1,80
5,1173,1520.73,1,81
5,1174,1856.82,1,87
5,1175,1924.23,1,88
5,1176,1991.55,1,89
5,1177,2398.21,1,95
5,1178,2466.27,1,96
5,1179,2801.7,1,101
5,1180,4428.72,1,125
5,1181,4772.42,1,130
5,1182,5039.87,1,135
5,1183,5442.96,1,141
5,1184,5445.58,1,142
5,1185,8111.84,1,183
5,1186,8244.26,1,186
5,1187,10751.5,1,223
5,1188,15277.5,1,292
5,1189,44321.1,1,730
5,1190,45656,1,750
5,1191,81687,1,1306
6,1045,2.84186,1,1
6,1049,6.53877,1,2
6,1053,9.03364,1,3
6,1057,11.4598,1,4
6,1060,14.1414,1,5
6,1063,16.463,1,6
6,1066,18.8063,1,7
6,1069,21.3773,1,8
6,1072,24.4853,1,9
6,1075,26.9963,1,10
6,1078,29.7636,1,11
6,1081,32.8435,1,12
6,1084,34.9507,1,13
6,1087,37.0469,1,14
6,1090,39.972,1,15
6,1092,42.281,1,16
6,1094,44.6294,1,17
6,1096,46.9178,1,18
6,1098,49.0365,1,19
6,1100,50.8914,1,20
6,1102,52.6864,1,21
6,1104,54.4735,1,22
6,1106,56.8456,1,23
6,1108,58.8186,1,24
6,1110,60.6775,1,25
6,1112,62.566,1,26
6,1114,65.0052,1,27
6,1116,66.9024,1,28
6,1118,69.1561,1,29
6,1120,71.1701,1,30
6,1122,73.0547,1,31
6,1123,74.9057,1,32
6,1124,76.6845,1,33
6,1125,78.5415,1,34
6,1126,80.8729,1,35
6,1127,82.7902,1,36
6,1128,84.6002,1,37
6,1129,87.0422,1,38
6,1130,89.2493,1,39
6,1131,91.2057,1,40
6,1132,92.9809,1,41
6,1133,94.7487,1,42
6,1135,96.8827,1,43
6,1136,99.0026,1,44
6,1137,100.804,1,45
6,1138,102.882,1,46
6,1139,104.874,1,47
6,1140,106.745,1,48
6,1142,108.577,1,49
6,1143,110.385,1,50
6,1144,112.196,1,51
6,1145,114.554,1,52
6,1146,116.954,1,53
6,1147,119.272,1,54
6,1148,121.335,1,55
6,1149,123.381,1,56
6,1150,125.382,1,57
6,1151,127.374,1,58
6,1152,129.534,1,59
6,1153,131.988,1,60
6,1154,196.117,1,61
6,1155,199.45,1,62
6,1156,202.017,1,63
6,1157,204.17,1,64
6,1158,268.949,1,65
6,1159,271.66,1,66
6,1160,274.044,1,67
6,1161,276.434,1,68
6,1162,345.729,1,69
6,1163,349.01,1,70
6,1164,413.588,1,71
6,1165,476.728,1,72
6,1166,542.911,1,73
6,1167,546.379,1,74
6,1168,608.95,1,75
6,1169,672.223,1,76
6,1170,1050.56,1,82
6,1171,1114.32,1,83
6,1172,1250.26,1,85
6,1173,1314.03,1,86
6,1174,1438.96,1,88
6,1175,1441.39,1,89
6,1176,1565.67,1,91
6,1177,1632.18,1,92
6,1178,1759.67,1,94
6,1179,1946.56,1,97
6,1180,3423.44,1,120
6,1181,3739.34,1,125
6,1182,4442.92,1,136
6,1183,4507,1,137
6,1184,5273.42,1,150
6,1185,7525.05,1,186
6,1186,8037.14,1,194
6,1187,9161.1,1,212
6,1188,10739.2,1,237
6,1189,14358.1,1,296
6,1190,15045.2,1,307
6,1191,15293.9,1,311
6,1192,24963.8,1,473
7,1043,2.44829,1,1
7,1047,5.01501,1,2
7,1050,7.74278,1,3
7,1053,9.96014,1,4
7,1056,12.1313,1,5
7,1059,14.2796,1,6
7,1062,16.4547,1,7
7,1065,18.7944,1,8
7,1068,21.9458,1,9
7,1071,25.2424,1,10
7,1074,28.0586,1,11
7,1077,30.7295,1,12
7,1080,33.3042,1,13
7,1082,35.8914,1,14
7,1084,38.3638,1,15
7,1086,41.2352,1,16
7,1089,43.8462,1,17
7,1091,46.5645,1,18
7,1094,49.1679,1,19
7,1096,52.3145,1,20
7,1098,56.2913,1,21
7,1100,59.1229,1,22
7,1102,61.6387,1,23
7,1104,64.9294,1,24
7,1106,68.4025,1,25
7,1108,74.1739,1,26
7,1110,77.684,1,27
7,1112,80.6179,1,28
7,1114,83.9793,1,29
7,1116,86.4678,1,30
7,1118,88.8004,1,31
7,1120,92.3639,1,32
7,1122,94.5876,1,33
7,1123,96.9336,1,34
7,1125,99.5039,1,35
7,1126,101.694,1,36
7,1127,103.903,1,37
7,1128,106.27,1,38
7,1130,109.25,1,39
7,1131,111.491,1,40
7,1132,113.682,1,41
7,1133,116.393,1,42
7,1135,118.655,1,43
7,1136,120.946,1,44
7,1137,123.194,1,45
7,1138,125.449,1,46
7,1139,127.496,1,47
7,1140,129.64,1,48
7,1141,131.764,1,49
7,1142,133.78,1,50
7,1143,135.694,1,51
7,1144,137.572,1,52
7,1145,139.643,1,53
7,1146,142.079,1,54
7,1147,144.151,1,55
7,1148,146.625,1,56
7,1149,148.825,1,57
7,1150,150.719,1,58
7,1151,152.812,1,59
7,1152,154.892,1,60
7,1153,157.105,1,61
7,1154,159.134,1,62
7,1155,161.235,1,63
7,1156,163.161,1,64
7,1157,164.957,1,65
7,1158,166.758,1,66
7,1159,168.581,1,67
7,1160,170.371,1,68
7,1161,172.151,1,69
7,1162,240.149,1,70
7,1163,243.679,1,71
7,1164,313.595,1,72
7,1165,381.019,1,73
7,1166,447.496,1,74
7,1167,717.357,1,78
7,1168,784.212,1,79
7,1169,1052.13,1,83
7,1170,1054.8,1,84
7,1171,1057.63,1,85
7,1172,1124.57,1,86
7,1173,1261.9,1,88
7,1174,1328.91,1,89
7,1175,2125.66,1,101
7,1176,2256.55,1,103
7,1177,2459.46,1,106
7,1178,2656.43,1,109
7,1179,3377.05,1,120
7,1180,3772.79,1,126
7,1181,4573.18,1,138
7,1182,5436.36,1,151
7,1183,5768.4,1,156
7,1184,7236.57,1,178
7,1185,7832.19,1,187
7,1186,7963.55,1,189
7,1187,39894.3,1,690
7,1188,44859.4,1,769
7,1189,143968,1,2314
8,1056,2.72975,1,1
8,1060,5.49227,1,2
8,1063,7.69818,1,3
8,1066,9.85829,1,4
8,1069,13.6413,1,5
8,1072,17.7665,1,6
8,1075,21.3375,1,7
8,1078,24.1687,1,8
8,1081,26.9703,1,9
8,1084,29.7687,1,10
8,1087,32.6015,1,11
8,1090,35.1347,1,12
8,1093,37.9331,1,13
8,1096,40.4145,1,14
8,1098,42.9864,1,15
8,1100,45.3242,1,16
8,1102,47.5174,1,17
8,1104,49.7845,1,18
8,1106,52.1531,1,19
8,1108,54.7225,1,20
8,1110,57.251,1,21
8,1112,59.6199,1,22
8,1113,61.6987,1,23
8,1114,63.639,1,24
8,1116,65.5543,1,25
8,1117,67.429,1,26
8,1118,69.2816,1,27
8,1119,71.6008,1,28
8,1121,74.901,1,29
8,1122,77.9935,1,30
8,1123,80.1225,1,31
8,1124,82.0102,1,32
8,1126,83.8723,1,33
8,1127,89.1399,1,34
8,1128,92.5352,1,35
8,1129,94.8694,1,36
8,1130,96.9048,1,37
8,1131,98.8399,1,38
8,1132,100.743,1,39
8,1133,102.642,1,40
8,1134,105.35,1,41
8,1135,108.094,1,42
8,1136,110.198,1,43
8,1138,112.276,1,44
8,1139,114.335,1,45
8,1140,116.39,1,46
8,1141,118.45,1,47
8,1142,121.146,1,48
8,1143,123.861,1,49
8,1144,127.536,1,50
8,1145,130.347,1,51
8,1146,132.57,1,52
8,1147,134.711,1,53
8,1148,138.297,1,54
8,1149,140.818,1,55
8,1150,143.124,1,56
8,1151,145.41,1,57
8,1152,147.696,1,58
8,1153,149.973,1,59
8,1154,152.362,1,60
8,1155,154.869,1,61
8,1156,222.643,1,62
8,1157,289.85,1,63
8,1158,292.365,1,64
8,1159,296.172,1,65
8,1160,299.945,1,66
8,1161,370.064,1,67
8,1162,433.871,1,68
8,1163,499.334,1,69
8,1164,563.931,1,70
8,1165,630.907,1,71
8,1166,699.528,1,72
8,1167,768.065,1,73
8,1168,833.835,1,74
8,1169,1431.96,1,83
8,1170,1499.1,1,84
8,1171,1569.66,1,85
8,1172,1775.42,1,88
8,1173,1845.34,1,89
8,1174,2043.6,1,92
8,1175,2117.88,1,93
8,1176,2322.68,1,96
8,1177,2392.17,1,97
8,1178,2660.49,1,101
8,1179,2935.92,1,105
8,1180,4166.4,1,123
8,1181,4505.3,1,128
8,1182,6162.78,1,154
8,1183,6230.63,1,155
8,1184,6904.72,1,165
8,1185,7242.15,1,170
8,1186,15098,1,291
8,1187,17627.5,1,329
8,1188,25337.2,1,446
8,1189,26139,1,459
8,1190,119040,1,1896
9,1057,2.65949,1,1
9,1060,5.09238,1,2
9,1063,8.05425,1,3
9,1066,10.465,1,4
9,1069,12.6737,1,5
9,1072,14.848,1,6
9,1075,17.4037,1,7
9,1077,20.6605,1,8
9,1079,24.278,1,9
9,1081,27.3358,1,10
9,1083,30.3265,1,11
9,1085,33.0081,1,12
9,1087,35.4686,1,13
9,1089,37.881,1,14
9,1091,40.775,1,15
9,1093,43.5785,1,16
9,1095,46.0884,1,17
9,1097,48.4909,1,18
9,1099,50.8433,1,19
9,1101,53.1321,1,20
9,1103,55.3743,1,21
9,1105,58.2383,1,22
9,1107,60.7134,1,23
9,1109,62.8822,1,24
9,1111,65.4683,1,25
9,1113,67.8111,1,26
9,1115,70.0293,1,27
9,1117,72.0453,1,28
9,1119,74.4972,1,29
9,1121,76.9486,1,30
9,1123,79.4849,1,31
9,1124,81.9711,1,32
9,1125,84.2552,1,33
9,1126,86.7532,1,34
9,1127,89.1909,1,35
9,1128,91.7698,1,36
9,1129,94.3148,1,37
9,1130,96.5353,1,38
9,1131,98.4689,1,39
9,1132,100.367,1,40
9,1133,102.249,1,41
9,1134,104.122,1,42
9,1135,106.026,1,43
9,1136,108.628,1,44
9,1137,111.844,1,45
9,1138,114.818,1,46
9,1139,117.224,1,47
9,1140,119.245,1,48
9,1141,121.244,1,49
9,1142,123.507,1,50
9,1144,126.341,1,51
9,1145,129.763,1,52
9,1146,132.575,1,53
9,1147,134.682,1,54
9,1149,136.612,1,55
9,1150,138.515,1,56
9,1151,140.889,1,57
9,1152,143.365,1,58
9,1153,145.44,1,59
9,1155,214.852,1,60
9,1156,279.983,1,61
9,1157,347.592,1,62
9,1158,416.45,1,63
9,1159,485.666,1,64
9,1160,554.122,1,65
9,1161,625.456,1,66
9,1162,694.289,1,67
9,1163,761.518,1,68
9,1164,827.951,1,69
9,1165,896.918,1,70
9,1166,899.426,1,71
9,1167,901.737,1,72
9,1168,903.982,1,73
9,1169,1105.06,1,76
9,1170,1174.52,1,77
9,1171,1240.37,1,78
9,1172,1442.34,1,81
9,1173,1511.14,1,82
9,1174,1577.51,1,83
9,1175,1710.77,1,85
9,1176,1776.82,1,86
9,1177,1842.86,1,87
9,1178,2447.65,1,96
9,1179,2517.42,1,97
9,1180,3043.79,1,105
9,1181,3243.73,1,108
9,1182,3641.13,1,114
9,1183,4375.45,1,125
9,1184,4636.22,1,129
9,1185,7003.04,1,164
9,1186,7066.58,1,165
9,1187,9344.81,1,199
9,1188,9547.96,1,203
9,1189,13034.4,1,257
9,1190,81787,1,1324
9,1191,81925.9,1,1326
10,1055,2.97371,1,1
10,1059,6.26915,1,2
10,1063,8.82877,1,3
10,1066,11.343,1,4
10,1069,14.9369,1,5
10,1072,17.8952,1,6
10,1075,21.3165,1,7
10,1078,25.347,1,8
10,1081,28.9804,1,9
10,1083,32.4211,1,10
10,1085,35.848,1,11
10,1087,38.7755,1,12
10,1090,42.2881,1,13
10,1092,45.6696,1,14
10,1094,48.7645,1,15
10,1096,51.3805,1,16
10,1098,53.7428,1,17
10,1100,56.062,1,18
10,1102,58.3752,1,19
10,1104,60.6273,1,20
10,1106,63.5071,1,21
10,1108,66.4706,1,22
10,1110,68.8778,1,23
10,1112,71.0722,1,24
10,1114,73.1806,1,25
10,1115,75.2247,1,26
10,1116,77.2099,1,27
10,1117,79.9993,1,28
10,1118,82.4354,1,29
10,1119,84.372,1,30
10,1120,86.2396,1,31
10,1122,88.0824,1,32
10,1123,89.9294,1,33
10,1124,91.7666,1,34
10,1126,93.6015,1,35
10,1127,95.8184,1,36
10,1128,98.1538,1,37
10,1129,100.452,1,38
10,1131,102.524,1,39
10,1132,104.654,1,40
10,1133,106.771,1,41
10,1134,108.873,1,42
10,1135,111.025,1,43
10,1136,113.564,1,44
10,1138,115.787,1,45
10,1139,117.916,1,46
10,1140,120.149,1,47
10,1141,122.338,1,48
10,1142,124.447,1,49
10,1143,126.563,1,50
10,1144,128.744,1,51
10,1145,131.3,1,52
10,1146,133.35,1,53
10,1147,135.359,1,54
10,1148,137.355,1,55
10,1149,139.35,1,56
10,1150,141.457,1,57
10,1151,143.737,1,58
10,1152,145.953,1,59
10,1153,148.328,1,60
10,1154,150.359,1,61
10,1155,216.982,1,62
10,1156,286.028,1,63
10,1157,288.414,1,64
10,1158,360.664,1,65
10,1159,365.428,1,66
10,1160,435.144,1,67
10,1161,504.767,1,68
10,1162,572.925,1,69
10,1163,780.773,1,72
10,1164,912.816,1,74
10,1165,915.405,1,75
10,1166,987.187,1,77
10,1167,1055.74,1,78
10,1168,1125.81,1,79
10,1169,1195.12,1,80
10,1170,1463.82,1,84
10,1171,1593.57,1,86
10,1172,1660.34,1,87
10,1173,1731.46,1,88
10,1174,2285.56,1,96
10,1175,2356.55,1,97
10,1176,2359.97,1,98
10,1177,2432.92,1,99
10,1178,2499.44,1,100
10,1179,2565.41,1,101
10,1180,2835.25,1,106
10,1181,3539.18,1,117
10,1182,6071.88,1,154
10,1183,9755.13,1,207
10,1184,10673.4,1,220
10,1185,23440.9,1,411
10,1186,39824.4,1,661
10,1187,40293.7,1,668
10,1188,40296.4,1,669
10,1189,49895.2,1,820
10,1190,50358,1,827
11,1069,3.0799,1,1
11,1072,7.80713,1,2
11,1075,10.3407,1,3
11,1078,12.5494,1,4
11,1081,14.6601,1,5
11,1084,16.9181,1,6
11,1087,20.2878,1,7
11,1090,23.0933,1,8
11,1093,26.5649,1,9
11,1096,29.3897,1,10
11,1099,32.5146,1,11
11,1101,35.4899,1,12
11,1103,37.8237,1,13
11,1105,40.1504,1,14
11,1107,44.173,1,15
11,1109,46.7224,1,16
11,1111,50.5302,1,17
11,1113,53.2288,1,18
11,1115,55.4931,1,19
11,1117,57.7274,1,20
11,1119,60.6656,1,21
11,1121,62.81,1,22
11,1123,65.235,1,23
11,1125,67.8364,1,24
11,1127,71.1508,1,25
11,1128,73.3839,1,26
11,1129,75.8682,1,27
11,1130,77.9276,1,28
11,1131,80.321,1,29
11,1132,83.1479,1,30
11,1133,85.4663,1,31
11,1134,88.5363,1,32
11,1135,91.1417,1,33
11,1137,93.4448,1,34
11,1138,96.4753,1,35
11,1139,99.0649,1,36
11,1141,101.467,1,37
11,1142,103.624,1,38
11,1143,105.536,1,39
11,1144,107.589,1,40
11,1145,110.351,1,41
11,1146,113.155,1,42
11,1147,115.271,1,43
11,1148,117.313,1,44
11,1149,119.303,1,45
11,1150,121.311,1,46
11,1151,123.512,1,47
11,1152,126.197,1,48
11,1153,128.612,1,49
11,1154,130.82,1,50
11,1155,198.521,1,51
11,1156,201.143,1,52
11,1157,203.655,1,53
11,1158,270.725,1,54
11,1159,338.818,1,55
11,1160,406.394,1,56
11,1161,470.015,1,57
11,1162,472.393,1,58
11,1163,474.7,1,59
11,1164,536.607,1,60
11,1165,539.429,1,61
11,1166,542.028,1,62
11,1167,608.782,1,63
11,1168,672.093,1,64
11,1169,738.101,1,65
11,1170,802.339,1,66
11,1171,869.008,1,67
11,1172,1123.19,1,71
11,1173,1312.35,1,74
11,1174,1501.09,1,77
11,1175,1949.9,1,84
11,1176,2078.43,1,87
11,1177,2274.46,1,90
11,1178,2339.52,1,91
11,1179,2595.13,1,95
11,1180,3214.21,1,105
11,1181,3651.57,1,112
11,1182,3777.74,1,115
11,1183,9789.43,1,211
11,1184,9979.4,1,214
11,1185,11994.6,1,246
11,1186,14880.9,1,291
11,1187,37299.4,1,637
11,1188,44871.4,1,751
11,1189,45737.3,1,764
11,1190,85273.8,1,1389
11,1191,86802.4,1,1413
11,1192,118789,1,1909
11,1193,119713,1,1923
11,1194,120303,1,1932
12,1053,2.81344,1,1
12,1057,5.32766,1,2
12,1060,7.82884,1,3
12,1063,10.797,1,4
12,1066,13.0554,1,5
12,1069,15.1406,1,6
12,1072,17.412,1,7
12,1075,22.0346,1,8
12,1078,25.4666,1,9
12,1081,28.2584,1,10
12,1084,30.9625,1,11
12,1086,33.815,1,12
12,1088,37.1396,1,13
12,1090,39.7458,1,14
12,1092,42.172,1,15
12,1095,44.5615,1,16
12,1097,47.5012,1,17
12,1099,52.7543,1,18
12,1101,56.7536,1,19
12,1103,60.4256,1,20
12,1105,63.3196,1,21
12,1107,65.6443,1,22
12,1109,69.9192,1,23
12,1111,73.256,1,24
12,1113,75.8433,1,25
12,1115,79.1269,1,26
12,1117,81.8784,1,27
12,1119,84.2287,1,28
12,1121,86.981,1,29
12,1123,90.0858,1,30
12,1125,92.6288,1,31
12,1127,94.603,1,32
12,1129,97.9853,1,33
12,1130,100.569,1,34
12,1131,103.396,1,35
12,1132,105.853,1,36
12,1133,107.665,1,37
12,1134,109.457,1,38
12,1135,111.237,1,39
12,1136,114.676,1,40
12,1137,118.589,1,41
12,1139,122.991,1,42
12,1140,126.366,1,43
12,1141,129.875,1,44
12,1142,132.391,1,45
12,1143,134.51,1,46
12,1144,137.308,1,47
12,1145,139.663,1,48
12,1146,142.021,1,49
12,1147,144.182,1,50
12,1148,146.361,1,51
12,1149,148.526,1,52
12,1150,150.701,1,53
12,1151,153.235,1,54
12,1153,155.543,1,55
12,1154,157.837,1,56
12,1155,159.831,1,57
12,1156,161.705,1,58
12,1157,163.509,1,59
12,1158,165.316,1,60
12,1159,167.126,1,61
12,1160,169.219,1,62
12,1161,171.531,1,63
12,1162,173.783,1,64
12,1163,175.695,1,65
12,1164,243.454,1,66
12,1165,307.33,1,67
12,1166,371.964,1,68
12,1167,437.872,1,69
12,1168,505.953,1,70
12,1169,573.943,1,71
12,1170,643.121,1,72
12,1171,712.138,1,73
12,1172,781.153,1,74
12,1173,852.02,1,75
12,1174,920.413,1,76
12,1175,987.695,1,77
12,1176,990.328,1,78
12,1177,992.696,1,79
12,1178,1328.44,1,84
12,1179,1727.53,1,90
12,1180,2396.86,1,100
12,1181,2462.04,1,101
12,1182,3124.55,1,111
12,1183,3326.21,1,114
12,1184,6257.35,1,159
12,1185,9705.41,1,211
12,1186,9771.39,1,212
12,1187,9838.56,1,213
12,1188,10236.6,1,219
12,1189,10494,1,223
13,1047,2.60856,1,1
13,1051,5.32963,1,2
13,1055,8.05662,1,3
13,1058,11.7184,1,4
13,1061,15.3403,1,5
13,1064,19.0135,1,6
13,1067,23.5588,1,7
13,1070,28.0081,1,8
13,1073,32.0003,1,9
13,1076,34.8133,1,10
13,1079,38.1506,1,11
13,1082,41.1073,1,12
13,1084,44.404,1,13
13,1087,47.0275,1,14
13,1089,49.7344,1,15
13,1091,52.3303,1,16
13,1093,55.5733,1,17
13,1095,58.6074,1,18
13,1097,62.1278,1,19
13,1099,64.8828,1,20
13,1101,67.0287,1,21
13,1103,69.2058,1,22
13,1105,71.9968,1,23
13,1107,75.0439,1,24
13,1109,77.3442,1,25
13,1111,80.597,1,26
13,1113,83.1396,1,27
13,1115,85.2855,1,28
13,1116,87.9967,1,29
13,1117,91.0135,1,30
13,1118,93.952,1,31
13,1119,95.9835,1,32
13,1121,97.8649,1,33
13,1122,99.7033,1,34
13,1123,101.757,1,35
13,1124,104.043,1,36
13,1126,106.788,1,37
13,1127,108.745,1,38
13,1128,110.78,1,39
13,1129,112.957,1,40
13,1130,114.914,1,41
13,1131,116.753,1,42
13,1132,118.569,1,43
13,1133,121.168,1,44
13,1134,123.545,1,45
13,1135,125.605,1,46
13,1136,127.435,1,47
13,1137,129.238,1,48
13,1138,131.034,1,49
13,1139,132.99,1,50
13,1140,134.83,1,51
13,1141,137.351,1,52
13,1142,139.978,1,53
13,1144,142.257,1,54
13,1145,144.272,1,55
13,1146,210.878,1,56
13,1147,213.358,1,57
13,1148,279.126,1,58
13,1149,282.584,1,59
13,1150,350.762,1,60
13,1151,418.849,1,61
13,1152,421.719,1,62
13,1153,492.353,1,63
13,1154,557.602,1,64
13,1155,627.311,1,65
13,1156,631.322,1,66
13,1157,702.242,1,67
13,1158,768.545,1,68
13,1159,834.185,1,69
13,1160,837.683,1,70
13,1161,908.698,1,71
13,1162,910.946,1,72
13,1163,913.694,1,73
13,1164,916.035,1,74
13,1165,983.015,1,75
13,1166,1051.22,1,76
13,1167,1120.76,1,77
13,1168,1123.75,1,78
13,1169,1194.17,1,79
13,1170,1262.8,1,80
13,1171,1328.51,1,81
13,1172,1395.19,1,82
13,1173,1399.21,1,83
13,1174,1465.96,1,84
13,1175,1531.84,1,85
13,1176,1734.57,1,88
13,1177,2191.06,1,95
13,1178,2194.31,1,96
13,1179,2330.01,1,99
13,1180,2396.59,1,100
13,1181,2399.36,1,101
13,1182,3132.03,1,113
13,1183,3463.74,1,118
13,1184,3532.14,1,119
13,1185,4203.61,1,129
13,1186,8063.46,1,190
13,1187,16222.8,1,314
13,1188,18295,1,345
13,1189,53356.3,1,894
13,1190,53696.1,1,899
13,1191,83263.2,1,1368
14,1066,2.80515,1,1
14,1069,5.29607,1,2
14,1072,7.48619,1,3
14,1075,9.685,1,4
14,1078,12.7582,1,5
14,1081,15.8622,1,6
14,1084,18.83,1,7
14,1087,21.538,1,8
14,1089,24.5978,1,9
14,1091,27.6027,1,10
14,1093,31.5108,1,11
14,1095,34.3309,1,12
14,1097,36.9,1,13
14,1099,39.387,1,14
14,1101,41.7583,1,15
14,1103,44.2299,1,16
14,1105,48.0322,1,17
14,1108,50.4947,1,18
14,1110,53.0389,1,19
14,1112,55.4339,1,20
14,1114,57.7227,1,21
14,1116,59.9815,1,22
14,1118,62.9304,1,23
14,1120,65.966,1,24
14,1122,68.1045,1,25
14,1124,70.0929,1,26
14,1125,72.0153,1,27
14,1126,73.9394,1,28
14,1127,75.8168,1,29
14,1128,77.9955,1,30
14,1129,80.9969,1,31
14,1131,82.9197,1,32
14,1132,84.7605,1,33
14,1133,86.6131,1,34
14,1134,88.4286,1,35
14,1135,90.3747,1,36
14,1136,92.2269,1,37
14,1137,94.4565,1,38
14,1138,97.1835,1,39
14,1139,99.3796,1,40
14,1141,101.508,1,41
14,1142,103.594,1,42
14,1143,105.689,1,43
14,1144,107.966,1,44
14,1145,110.784,1,45
14,1146,115.19,1,46
14,1147,117.894,1,47
14,1148,120.04,1,48
14,1149,121.899,1,49
14,1150,123.937,1,50
14,1151,127.354,1,51
14,1152,132.187,1,52
14,1153,135.476,1,53
14,1154,139.074,1,54
14,1155,142.094,1,55
14,1156,144.631,1,56
14,1157,147.655,1,57
14,1158,150.37,1,58
14,1159,152.449,1,59
14,1160,154.677,1,60
14,1161,157.243,1,61
14,1162,159.554,1,62
14,1163,225.57,1,63
14,1164,229.096,1,64
14,1165,298.091,1,65
14,1166,366.032,1,66
14,1167,431.608,1,67
14,1168,496.044,1,68
14,1169,562.137,1,69
14,1170,629.861,1,70
14,1171,632.218,1,71
14,1172,700.181,1,72
14,1173,765.432,1,73
14,1174,830.686,1,74
14,1175,1034.51,1,77
14,1176,1099.57,1,78
14,1177,1166.96,1,79
14,1178,1235.35,1,80
14,1179,1302.2,1,81
14,1180,1434.13,1,83
14,1181,1501.56,1,84
14,1182,2361.2,1,97
14,1183,3816.06,1,119
14,1184,4764.17,1,134
14,1185,7945.22,1,182
14,1186,8869.83,1,196
14,1187,9476.77,1,206
14,1188,10021,1,214
14,1189,10354.9,1,220
14,1190,30353.8,1,529
14,1191,46887.2,1,782
15,1066,3.68822,1,1
15,1069,7.66028,1,2
15,1072,10.6889,1,3
15,1074,13.2181,1,4
15,1076,17.6046,1,5
15,1078,22.8747,1,6
15,1080,28.6026,1,7
15,1082,32.41,1,8
15,1084,35.3861,1,9
15,1087,38.0342,1,10
15,1089,40.6218,1,11
15,1091,43.1478,1,12
15,1093,45.5989,1,13
15,1095,48.9066,1,14
15,1097,55.4809,1,15
15,1099,57.7997,1,16
15,1101,59.9124,1,17
15,1103,61.9916,1,18
15,1105,64.7632,1,19
15,1107,66.9561,1,20
15,1109,68.9358,1,21
15,1111,70.8978,1,22
15,1113,72.8123,1,23
15,1114,74.7214,1,24
15,1115,76.6237,1,25
15,1116,78.6488,1,26
15,1117,81.4611,1,27
15,1119,83.8739,1,28
15,1120,85.8844,1,29
15,1121,87.8329,1,30
15,1122,89.7336,1,31
15,1123,91.6241,1,32
15,1124,93.5032,1,33
15,1125,95.6965,1,34
15,1126,98.1428,1,35
15,1127,100.198,1,36
15,1128,102.133,1,37
15,1129,103.977,1,38
15,1131,105.802,1,39
15,1132,107.625,1,40
15,1134,109.448,1,41
15,1135,111.743,1,42
15,1136,114.267,1,43
15,1137,116.538,1,44
15,1138,119.832,1,45
15,1139,122.493,1,46
15,1140,124.431,1,47
15,1141,126.399,1,48
15,1142,128.36,1,49
15,1143,130.422,1,50
15,1144,132.631,1,51
15,1145,134.483,1,52
15,1146,136.31,1,53
15,1147,199.913,1,54
15,1148,203.57,1,55
15,1149,271.371,1,56
15,1150,337.134,1,57
15,1151,403.446,1,58
15,1152,472.805,1,59
15,1153,537.135,1,60
15,1154,600.206,1,61
15,1155,667.343,1,62
15,1156,737.21,1,63
15,1157,803.76,1,64
15,1158,807.38,1,65
15,1159,1076.66,1,69
15,1160,1143.61,1,70
15,1161,1146.16,1,71
15,1162,1278.67,1,73
15,1163,1346.22,1,74
15,1164,1412.7,1,75
15,1165,1547.07,1,77
15,1166,2083.92,1,85
15,1167,2157.36,1,86
15,1168,2775.13,1,95
15,1169,3036.23,1,100
15,1170,3299.64,1,104
15,1171,3498.97,1,107
15,1172,3566.98,1,108
15,1173,3635.27,1,109
15,1174,3968.2,1,114
15,1175,4165.3,1,117
15,1176,4431.53,1,121
15,1177,4435.05,1,122
15,1178,4437.74,1,123
15,1179,4636.81,1,126
15,1180,4907.89,1,131
15,1181,5376.29,1,138
15,1182,6258.2,1,152
15,1183,6520.57,1,156
15,1184,6653.82,1,158
15,1185,6918.02,1,162
15,1186,7111.95,1,165
15,1187,10787,1,225
15,1188,10982.9,1,228
15,1189,23521.7,1,420
15,1190,37320.1,1,636
15,1191,41158.4,1,697
