1,893,10.951,1,1
1,897,23.1798,1,2
1,900,37.2363,1,3
1,903,50.4461,1,4
1,906,65.5464,1,5
1,908,83.1432,1,6
1,910,95.5504,1,7
1,913,107.945,1,8
1,916,120.036,1,9
1,918,132.369,1,10
1,920,144.706,1,11
1,922,156.791,1,12
1,924,168.959,1,13
1,926,181.212,1,14
1,928,193.443,1,15
1,930,205.591,1,16
1,932,218.816,1,17
1,934,231.236,1,18
1,936,242.783,1,19
1,937,255.228,1,20
1,938,267.11,1,21
1,940,280.356,1,22
1,941,292.847,1,23
1,942,304.869,1,24
1,943,316.171,1,25
1,944,328.457,1,26
1,946,341.001,1,27
1,947,353.446,1,28
1,948,365.09,1,29
1,949,376.31,1,30
1,950,387.639,1,31
1,951,398.822,1,32
1,952,410.186,1,33
1,954,421.52,1,34
1,955,432.745,1,35
1,956,443.989,1,36
1,957,456.227,1,37
1,958,470.029,1,38
1,960,482.647,1,39
1,961,494.054,1,40
1,962,505.355,1,41
1,963,517.01,1,42
1,964,528.241,1,43
1,965,539.698,1,44
1,966,551.122,1,45
1,967,3387.68,1,47
1,968,6176.62,1,49
1,969,8979.68,1,51
1,970,11776.3,1,53
1,971,14598.5,1,55
1,972,17395.7,1,57
1,973,17409.7,1,58
1,974,20206,1,60
1,975,22997.3,1,62
1,976,25784.8,1,64
1,977,25796,1,65
1,978,106450,4,296
1,979,106473,4,297
1,980,109253,4,299
1,981,112035,4,301
2,872,13.2185,1,1
2,875,27.0129,1,2
2,878,40.2839,1,3
2,881,56.073,1,4
2,884,74.1293,1,5
2,887,86.392,1,6
2,890,98.6433,1,7
2,893,111.159,1,8
2,895,123.825,1,9
2,897,136.135,1,10
2,899,149.014,1,11
2,902,161.271,1,12
2,904,176.938,1,13
2,906,192.9,1,14
2,908,205.538,1,15
2,910,218.891,1,16
2,912,231.789,1,17
2,914,243.835,1,18
2,916,256.086,1,19
2,918,268.393,1,20
2,920,280.94,1,21
2,922,293.244,1,22
2,924,305.666,1,23
2,926,317.251,1,24
2,928,328.512,1,25
2,929,339.748,1,26
2,930,352.467,1,27
2,932,367.304,1,28
2,933,379.689,1,29
2,934,393.888,1,30
2,935,406.2,1,31
2,936,419.559,1,32
2,938,432.074,1,33
2,939,444.294,1,34
2,940,456.421,1,35
2,941,469.821,1,36
2,942,481.377,1,37
2,943,493.641,1,38
2,944,506.643,1,39
2,945,519.637,1,40
2,946,532.15,1,41
2,947,543.475,1,42
2,948,555.221,1,43
2,949,567.185,1,44
2,950,580.541,1,45
2,951,594.861,1,46
2,953,607.325,1,47
2,954,619.605,1,48
2,955,632.549,1,49
2,956,644.991,1,50
2,957,657.196,1,51
2,958,669.33,1,52
2,959,681.407,1,53
2,960,693.41,1,54
2,961,705.319,1,55
2,962,3517.34,1,57
2,963,6314.8,1,59
2,964,9113.84,1,61
2,965,11902,1,63
2,966,11914.2,1,64
2,967,14712.2,1,66
2,968,17502.9,1,68
2,969,20299.3,1,70
2,970,20311.7,1,71
2,971,20326.1,1,72
2,972,20345.8,1,73
2,973,23147.6,1,75
2,974,25923.8,1,77
2,975,28723.8,1,79
2,976,31520,1,81
2,977,31532.3,1,82
2,978,31546.1,1,83
2,979,34330.5,1,85
3,866,15.3932,1,1
3,870,27.5142,1,2
3,873,39.6598,1,3
3,876,51.9308,1,4
3,879,63.8229,1,5
3,882,75.6582,1,6
3,885,87.5096,1,7
3,888,100.966,1,8
3,891,115.676,1,9
3,894,127.785,1,10
3,897,139.82,1,11
3,900,151.624,1,12
3,903,162.861,1,13
3,906,174.344,1,14
3,908,186.803,1,15
3,911,197.662,1,16
3,913,208.878,1,17
3,915,219.951,1,18
3,917,230.758,1,19
3,919,241.816,1,20
3,921,253.228,1,21
3,923,265.464,1,22
3,926,276.287,1,23
3,928,287.19,1,24
3,930,299.699,1,25
3,932,311.196,1,26
3,933,325.041,1,27
3,935,336.966,1,28
3,936,348.11,1,29
3,937,359.194,1,30
3,938,369.976,1,31
3,940,380.794,1,32
3,941,391.923,1,33
3,943,402.732,1,34
3,944,414.708,1,35
3,945,427.103,1,36
3,946,439.144,1,37
3,947,449.944,1,38
3,949,461.596,1,39
3,950,472.863,1,40
3,951,483.904,1,41
3,952,494.742,1,42
3,953,507.722,1,43
3,954,521.136,1,44
3,955,532.944,1,45
3,956,545.297,1,46
3,957,556.484,1,47
3,958,567.364,1,48
3,959,578.402,1,49
3,960,589.251,1,50
3,961,600.973,1,51
3,962,613.555,1,52
3,963,625.738,1,53
3,964,638.117,1,54
3,965,649.452,1,55
3,966,661.302,1,56
3,967,673.247,1,57
3,968,3366.9,1,59
3,969,3378.36,1,60
3,970,6080.21,1,62
3,971,6092.47,1,63
3,972,8792.24,1,65
3,973,8804.33,1,66
3,974,11501.8,1,68
3,975,14204.4,1,70
3,976,16903.6,1,72
3,977,19599,1,74
3,978,22296.8,1,76
3,979,24988.2,1,78
4,881,11.7906,1,1
4,885,24.336,1,2
4,889,36.386,1,3
4,892,48.5837,1,4
4,895,61.2886,1,5
4,898,73.7144,1,6
4,901,85.6842,1,7
4,903,97.4575,1,8
4,905,109.49,1,9
4,908,122.729,1,10
4,910,136.797,1,11
4,913,149.471,1,12
4,915,160.749,1,13
4,917,173.062,1,14
4,919,185.054,1,15
4,921,197.103,1,16
4,923,208.93,1,17
4,925,220.696,1,18
4,927,232.792,1,19
4,929,246.599,1,20
4,930,258.58,1,21
4,931,269.671,1,22
4,933,281.81,1,23
4,935,293.843,1,24
4,936,305.741,1,25
4,938,317.477,1,26
4,939,331.972,1,27
4,940,346.182,1,28
4,941,358.596,1,29
4,942,371.039,1,30
4,943,383.408,1,31
4,944,394.212,1,32
4,945,404.975,1,33
4,946,416.266,1,34
4,947,428.359,1,35
4,948,440.487,1,36
4,949,452.007,1,37
4,950,462.833,1,38
4,951,473.566,1,39
4,952,486.572,1,40
4,953,497.975,1,41
4,954,509.862,1,42
4,955,521.578,1,43
4,956,534.704,1,44
4,957,550.163,1,45
4,958,562.287,1,46
4,959,574.36,1,47
4,960,586.279,1,48
4,961,598.306,1,49
4,962,610.412,1,50
4,963,622.327,1,51
4,964,3335.49,1,53
4,965,6094.28,1,55
4,966,6105.16,1,56
4,967,8818.01,1,58
4,968,11506.4,1,60
4,969,14204.8,1,62
4,970,16916.5,1,64
4,971,19633,1,66
4,972,58575.3,3,207
4,973,61278.1,3,209
4,974,63976,3,211
4,975,66669,3,213
4,976,127585,5,368
5,877,12.9129,1,1
5,880,25.4193,1,2
5,883,37.9185,1,3
5,886,50.2823,1,4
5,889,62.3055,1,5
5,891,74.3744,1,6
5,893,86.7449,1,7
5,896,98.9015,1,8
5,899,110.743,1,9
5,901,122.741,1,10
5,903,137.422,1,11
5,905,152.296,1,12
5,907,164.341,1,13
5,909,175.811,1,14
5,911,188.023,1,15
5,913,200.177,1,16
5,915,212.057,1,17
5,917,224.184,1,18
5,919,237.569,1,19
5,921,249.284,1,20
5,923,261.119,1,21
5,925,273.532,1,22
5,927,285.934,1,23
5,929,297.92,1,24
5,930,309.797,1,25
5,932,321.925,1,26
5,933,335.669,1,27
5,934,349.839,1,28
5,935,362.151,1,29
5,936,374.443,1,30
5,937,386.544,1,31
5,939,397.769,1,32
5,940,409.277,1,33
5,941,421.243,1,34
5,942,433.225,1,35
5,943,445.1,1,36
5,944,457.209,1,37
5,946,469.512,1,38
5,947,480.341,1,39
5,949,491.333,1,40
5,950,502.331,1,41
5,951,513.044,1,42
5,952,524.012,1,43
5,954,536.518,1,44
5,955,547.858,1,45
5,956,560.649,1,46
5,957,573.284,1,47
5,958,585.705,1,48
5,959,597.595,1,49
5,960,609.706,1,50
5,961,622.058,1,51
5,962,633.567,1,52
5,963,645.474,1,53
5,964,658.313,1,54
5,965,669.35,1,55
5,966,681.287,1,56
5,967,3371.6,1,58
5,968,3386.43,1,59
5,969,3400.42,1,60
5,970,6084.73,1,62
5,971,8745.92,1,64
5,972,11444.7,1,66
5,973,110053,4,262
5,974,112741,4,264
5,975,115432,4,266
5,976,118111,4,268
6,869,10.6928,1,1
6,872,22.8916,1,2
6,875,36.298,1,3
6,878,48.7313,1,4
6,881,75.3688,1,5
6,884,87.9485,1,6
6,887,100.684,1,7
6,890,112.749,1,8
6,893,124.815,1,9
6,896,138.176,1,10
6,898,153.882,1,11
6,900,168.039,1,12
6,902,180.308,1,13
6,904,192.837,1,14
6,906,205.018,1,15
6,908,215.883,1,16
6,910,226.83,1,17
6,912,238.947,1,18
6,914,251.459,1,19
6,916,263.588,1,20
6,918,275.748,1,21
6,920,288.349,1,22
6,922,300.71,1,23
6,924,312.878,1,24
6,926,325.033,1,25
6,928,336.87,1,26
6,930,350.526,1,27
6,932,363.819,1,28
6,933,375.309,1,29
6,934,387.525,1,30
6,935,399.556,1,31
6,936,411.668,1,32
6,937,423.654,1,33
6,938,435.563,1,34
6,939,447.635,1,35
6,940,459.674,1,36
6,941,473.569,1,37
6,943,485.197,1,38
6,944,496.467,1,39
6,945,508.497,1,40
6,946,520.532,1,41
6,947,532.631,1,42
6,949,544.548,1,43
6,950,558.017,1,44
6,951,572.745,1,45
6,952,586.744,1,46
6,953,599.112,1,47
6,955,611.131,1,48
6,956,621.911,1,49
6,957,632.891,1,50
6,958,644.146,1,51
6,959,656.359,1,52
6,960,668.233,1,53
6,961,680.191,1,54
6,962,692.303,1,55
6,963,704.426,1,56
6,964,716.345,1,57
6,965,728.399,1,58
6,966,739.798,1,59
6,967,752.987,1,60
6,968,767.6,1,61
6,969,780.831,1,62
6,970,792.054,1,63
6,971,3479.21,1,65
6,972,6164.96,1,67
6,973,8880.61,1,69
6,974,11585.8,1,71
6,975,14292.7,1,73
6,976,14304.8,1,74
6,977,17023.2,1,76
6,978,19709.9,1,78
7,879,12.0887,1,1
7,882,24.7067,1,2
7,885,36.206,1,3
7,888,48.1506,1,4
7,891,60.0984,1,5
7,894,73.2584,1,6
7,897,87.9178,1,7
7,899,107.923,1,8
7,902,120.291,1,9
7,904,134.777,1,10
7,907,148.682,1,11
7,909,160.866,1,12
7,911,173.396,1,13
7,913,185.052,1,14
7,915,197.42,1,15
7,917,209.207,1,16
7,919,221.213,1,17
7,921,233.13,1,18
7,923,244.466,1,19
7,925,256.409,1,20
7,927,268.395,1,21
7,929,280.141,1,22
7,931,291.457,1,23
7,933,303.537,1,24
7,935,315.657,1,25
7,937,327.561,1,26
7,938,340.499,1,27
7,939,355.369,1,28
7,940,367.6,1,29
7,941,379.533,1,30
7,942,391.659,1,31
7,943,403.651,1,32
7,944,416.949,1,33
7,945,428.408,1,34
7,946,439.339,1,35
7,948,450.096,1,36
7,949,461.824,1,37
7,950,473.758,1,38
7,951,485.752,1,39
7,952,497.473,1,40
7,953,509.631,1,41
7,954,521.588,1,42
7,955,534.936,1,43
7,956,545.962,1,44
7,957,559.093,1,45
7,958,571.366,1,46
7,959,583.351,1,47
7,960,595.291,1,48
7,961,607.023,1,49
7,962,618.289,1,50
7,963,3306.64,1,52
7,964,3319.09,1,53
7,965,3331.37,1,54
7,966,3343.11,1,55
7,967,6042.3,1,57
7,968,8731.02,1,59
7,969,8742,1,60
7,970,8754.05,1,61
7,971,8766.71,1,62
7,972,8793.78,1,63
7,973,11469.6,1,65
7,975,14146.3,1,67
7,976,16911.4,1,69
7,977,47595.8,3,187
7,978,50307.4,3,189
7,979,53013,3,191
8,872,12.035,1,1
8,875,25.8235,1,2
8,878,37.0094,1,3
8,881,49.0396,1,4
8,884,60.8531,1,5
8,887,74.6361,1,6
8,889,92.4867,1,7
8,891,105.526,1,8
8,893,118.071,1,9
8,895,130.008,1,10
8,897,142.576,1,11
8,899,154.592,1,12
8,901,165.92,1,13
8,903,178.082,1,14
8,905,190.203,1,15
8,907,202.166,1,16
8,909,214.18,1,17
8,911,226.303,1,18
8,913,238.613,1,19
8,915,250.68,1,20
8,917,262.45,1,21
8,919,274.409,1,22
8,921,287.865,1,23
8,923,301.993,1,24
8,925,314.335,1,25
8,927,326.367,1,26
8,929,338.005,1,27
8,930,349.919,1,28
8,933,362.062,1,29
8,934,373.927,1,30
8,935,385.689,1,31
8,936,396.961,1,32
8,937,408.995,1,33
8,939,420.916,1,34
8,940,432.912,1,35
8,941,445.093,1,36
8,942,457.079,1,37
8,943,469.116,1,38
8,944,480.88,1,39
8,945,494.456,1,40
8,946,508.2,1,41
8,947,520.344,1,42
8,948,532.177,1,43
8,949,544.033,1,44
8,950,557.098,1,45
8,951,569.368,1,46
8,952,581.747,1,47
8,954,593.941,1,48
8,955,606.054,1,49
8,956,618.175,1,50
8,957,630.382,1,51
8,958,642.614,1,52
8,959,654.57,1,53
8,960,666.285,1,54
8,961,678.22,1,55
8,962,692.26,1,56
8,963,705.263,1,57
8,964,717.88,1,58
8,965,729.953,1,59
8,966,743.853,1,60
8,967,755.907,1,61
8,968,767.837,1,62
8,969,779.575,1,63
8,970,790.993,1,64
8,971,803.049,1,65
8,972,3521.62,1,67
8,973,6198.39,1,69
8,974,28475.5,2,139
8,975,31159.5,2,141
8,976,33850.9,2,143
8,977,36538.9,2,145
8,978,39219.8,2,147
9,880,12.3299,1,1
9,884,24.0443,1,2
9,888,35.6822,1,3
9,891,48.2489,1,4
9,894,60.3131,1,5
9,897,72.5632,1,6
9,899,84.6172,1,7
9,901,96.484,1,8
9,903,110.988,1,9
9,905,125.299,1,10
9,907,142.479,1,11
9,909,155.616,1,12
9,911,167.339,1,13
9,913,179.449,1,14
9,915,191.451,1,15
9,917,203.655,1,16
9,919,215.471,1,17
9,921,227.545,1,18
9,923,239.324,1,19
9,925,251.139,1,20
9,927,263.196,1,21
9,929,275.377,1,22
9,931,287.27,1,23
9,933,299.112,1,24
9,934,313.243,1,25
9,936,327.911,1,26
9,937,340.146,1,27
9,938,352.574,1,28
9,940,364.499,1,29
9,941,376.554,1,30
9,942,388.7,1,31
9,943,400.852,1,32
9,944,412.583,1,33
9,945,424.113,1,34
9,947,435.574,1,35
9,948,447.557,1,36
9,950,458.311,1,37
9,951,469.153,1,38
9,953,480.156,1,39
9,954,492.216,1,40
9,955,503.342,1,41
9,956,516.916,1,42
9,957,530.459,1,43
9,959,543.39,1,44
9,960,554.541,1,45
9,961,565.457,1,46
9,962,577.575,1,47
9,963,589.641,1,48
9,964,601.76,1,49
9,965,613.65,1,50
9,966,625.412,1,51
9,967,637.815,1,52
9,968,649.582,1,53
9,969,661.298,1,54
9,970,673.239,1,55
9,971,685.039,1,56
9,972,3411.7,1,58
9,973,28858.5,3,193
9,974,31546.5,3,195
9,975,34229.5,3,197
9,976,152113,7,493
10,872,15.3399,1,1
10,876,27.787,1,2
10,879,39.2326,1,3
10,882,51.3793,1,4
10,885,63.3425,1,5
10,887,75.5464,1,6
10,889,88.3421,1,7
10,891,100.651,1,8
10,893,112.931,1,9
10,895,125.246,1,10
10,897,137.783,1,11
10,899,151.1,1,12
10,901,165.188,1,13
10,904,179.956,1,14
10,906,192.251,1,15
10,908,205.169,1,16
10,911,217.237,1,17
10,913,229.409,1,18
10,915,241.699,1,19
10,917,254.193,1,20
10,919,266.644,1,21
10,921,277.945,1,22
10,923,290.338,1,23
10,925,303.256,1,24
10,927,315.804,1,25
10,929,328.314,1,26
10,930,340.67,1,27
10,931,352.763,1,28
10,932,366.345,1,29
10,933,380.903,1,30
10,934,394.045,1,31
10,935,405.426,1,32
10,937,417.091,1,33
10,938,429.39,1,34
10,939,441.707,1,35
10,940,454.548,1,36
10,941,465.858,1,37
10,942,478.344,1,38
10,943,490.668,1,39
10,944,505.918,1,40
10,945,518.497,1,41
10,946,530.256,1,42
10,947,542.421,1,43
10,948,554.726,1,44
10,949,568.214,1,45
10,950,581.884,1,46
10,951,593.904,1,47
10,952,606.294,1,48
10,953,618.569,1,49
10,954,630.075,1,50
10,955,642.41,1,51
10,956,654.642,1,52
10,957,666.234,1,53
10,958,3389.07,1,55
10,959,6097.51,1,57
10,960,6109.77,1,58
10,961,8870.98,1,60
10,962,19945.4,1,62
10,963,22638.1,1,64
10,964,25354.4,1,66
10,965,28052.4,1,68
10,966,30762.6,1,70
10,967,30776.5,1,71
10,968,33481,1,73
10,969,33493.1,1,74
10,970,36191,1,76
10,971,38890.5,1,78
10,972,38903.5,1,79
10,973,41646.1,1,81
10,974,69380.5,2,160
10,975,72075.9,2,162
10,976,74775.6,2,164
10,977,99997.6,3,238
10,978,102687,3,240
10,979,105366,3,242
11,866,10.9119,1,1
11,870,23.7755,1,2
11,874,38.7135,1,3
11,878,52.5553,1,4
11,882,66.349,1,5
11,885,90.7004,1,6
11,888,103.143,1,7
11,891,115.354,1,8
11,894,127.456,1,9
11,897,139.728,1,10
11,899,151.754,1,11
11,901,163.774,1,12
11,903,175.941,1,13
11,905,188.136,1,14
11,907,200.102,1,15
11,909,212.545,1,16
11,911,224.609,1,17
11,913,238.235,1,18
11,915,249.666,1,19
11,917,263.236,1,20
11,919,274.505,1,21
11,921,286.007,1,22
11,923,298.057,1,23
11,925,308.977,1,24
11,927,319.925,1,25
11,929,331.058,1,26
11,931,341.864,1,27
11,932,353.777,1,28
11,933,366.108,1,29
11,934,377.83,1,30
11,935,388.755,1,31
11,937,399.74,1,32
11,938,411.2,1,33
11,939,423.53,1,34
11,940,434.364,1,35
11,941,447.426,1,36
11,942,462.403,1,37
11,944,474.956,1,38
11,945,487.221,1,39
11,946,498.065,1,40
11,947,509.858,1,41
11,948,521.889,1,42
11,949,533.765,1,43
11,950,544.551,1,44
11,951,556.633,1,45
11,952,568.805,1,46
11,953,581.23,1,47
11,954,592.754,1,48
11,955,604.626,1,49
11,957,617.055,1,50
11,959,629.822,1,51
11,960,643.437,1,52
11,961,660.161,1,53
11,962,675.171,1,54
11,963,687.741,1,55
11,964,701.185,1,56
11,965,712.692,1,57
11,966,723.678,1,58
11,967,734.882,1,59
11,968,3454.57,1,61
11,969,6176.26,1,63
11,970,25569.8,2,121
11,971,28280,2,123
11,972,30971.9,2,125
11,973,33681.8,2,127
11,974,36373.5,2,129
11,975,36384.3,2,130
11,976,39106.2,2,132
11,977,39118.6,2,133
11,978,39130.7,2,134
12,886,12.0062,1,1
12,889,24.7667,1,2
12,892,36.5116,1,3
12,895,48.562,1,4
12,898,60.4154,1,5
12,901,72.5317,1,6
12,904,85.0119,1,7
12,906,97.39,1,8
12,908,109.581,1,9
12,910,122.631,1,10
12,912,136.981,1,11
12,914,149.858,1,12
12,916,163.645,1,13
12,918,175.845,1,14
12,920,188.383,1,15
12,922,200.729,1,16
12,924,213.118,1,17
12,926,225.199,1,18
12,928,237.487,1,19
12,930,250.007,1,20
12,932,262.136,1,21
12,933,274.623,1,22
12,934,287.032,1,23
12,935,298.56,1,24
12,936,309.397,1,25
12,937,322.651,1,26
12,938,336.702,1,27
12,939,348.16,1,28
12,940,359.243,1,29
12,941,371.517,1,30
12,942,383.963,1,31
12,943,396.084,1,32
12,944,407.044,1,33
12,945,419.214,1,34
12,946,431.434,1,35
12,947,443.405,1,36
12,948,455.999,1,37
12,949,469.002,1,38
12,950,480.29,1,39
12,951,491.225,1,40
12,952,502.339,1,41
12,953,513.315,1,42
12,954,525.766,1,43
12,955,539.74,1,44
12,956,551.301,1,45
12,957,562.678,1,46
12,958,573.546,1,47
12,959,585.428,1,48
12,960,597.912,1,49
12,961,608.855,1,50
12,962,619.879,1,51
12,963,631.523,1,52
12,964,643.919,1,53
12,965,656.373,1,54
12,966,3391.51,1,56
12,967,3403.65,1,57
12,968,6118.34,1,59
12,969,6129.36,1,60
12,970,9094.9,1,62
12,971,9106.31,1,63
12,972,11833.3,1,65
12,973,11844.8,1,66
12,974,14595.6,1,68
12,975,14607.8,1,69
12,976,17356.9,1,71
12,977,20075.3,1,73
12,978,22799.5,1,75
12,979,25517.6,1,77
12,980,124104,6,407
13,886,15.124,1,1
13,890,27.5127,1,2
13,893,38.6654,1,3
13,896,50.2815,1,4
13,899,62.6892,1,5
13,902,74.9219,1,6
13,905,87.1456,1,7
13,908,99.481,1,8
13,910,117.505,1,9
13,912,132.09,1,10
13,914,144.83,1,11
13,916,156.957,1,12
13,918,168.973,1,13
13,920,182.987,1,14
13,922,197.168,1,15
13,924,209.203,1,16
13,926,220.395,1,17
13,928,232.562,1,18
13,930,244.791,1,19
13,932,257.088,1,20
13,933,269.079,1,21
13,934,281.84,1,22
13,935,294.065,1,23
13,936,306.278,1,24
13,937,318.756,1,25
13,938,330.767,1,26
13,940,343.039,1,27
13,941,355.039,1,28
13,942,366.651,1,29
13,943,378.701,1,30
13,944,392.303,1,31
13,945,406.522,1,32
13,946,418.774,1,33
13,947,431.123,1,34
13,948,447.187,1,35
13,949,464.938,1,36
13,950,477.235,1,37
13,951,489.444,1,38
13,952,501.365,1,39
13,953,513.578,1,40
13,954,526.224,1,41
13,955,538.393,1,42
13,956,549.858,1,43
13,957,561.608,1,44
13,958,573.811,1,45
13,959,3396.16,1,47
13,960,6374.52,1,49
13,961,6386.55,1,50
13,962,9198.34,1,52
13,963,12135.5,1,54
13,964,12147.6,1,55
13,965,14930,1,57
13,966,17673.8,1,59
13,967,20460.7,1,61
13,968,23227.8,1,63
13,969,26830.2,2,125
13,970,26843.2,2,126
13,971,26855.2,2,127
13,972,29640.9,2,129
13,973,29653,2,130
13,974,29665.3,2,131
13,975,32471.6,2,133
13,976,82411.5,5,317
13,977,85212.9,5,319
14,887,13.9192,1,1
14,891,31.1705,1,2
14,894,42.8956,1,3
14,897,55.0486,1,4
14,899,67.2727,1,5
14,901,79.4928,1,6
14,903,91.5851,1,7
14,905,103.83,1,8
14,907,115.996,1,9
14,909,127.092,1,10
14,911,139.177,1,11
14,913,151.643,1,12
14,915,164.059,1,13
14,917,176.178,1,14
14,919,189.513,1,15
14,921,202.788,1,16
14,923,217.684,1,17
14,925,233.12,1,18
14,927,245.635,1,19
14,929,259.014,1,20
14,931,271.157,1,21
14,933,282.945,1,22
14,935,296.058,1,23
14,937,308.72,1,24
14,939,320.835,1,25
14,940,332.982,1,26
14,941,345.632,1,27
14,942,357.716,1,28
14,943,370.805,1,29
14,944,382.961,1,30
14,945,395.259,1,31
14,946,407.262,1,32
14,947,419.721,1,33
14,948,432.635,1,34
14,949,445.871,1,35
14,950,457.299,1,36
14,951,470.42,1,37
14,952,481.656,1,38
14,953,492.585,1,39
14,954,504.304,1,40
14,955,516.496,1,41
14,956,3260.31,1,43
14,957,6001.59,1,45
14,958,9002.85,1,47
14,959,12059.1,1,49
14,960,12070.5,1,50
14,961,12081.7,1,51
14,962,12092.8,1,52
14,963,12103.7,1,53
14,964,15100.3,1,55
14,965,15114.6,1,56
14,966,17910.9,1,58
14,967,20894.9,1,60
14,968,23657.8,1,62
14,969,26386.5,1,64
14,970,29198,1,66
14,971,31959.7,1,68
14,972,34756.9,1,70
14,973,37571.1,1,72
14,974,37582.5,1,73
14,975,40345.2,1,75
14,976,40356.3,1,76
14,977,43089.2,1,78
14,978,45816.7,1,80
14,979,84921.8,2,156
15,875,16.3114,1,1
15,879,29.2745,1,2
15,882,40.8069,1,3
15,885,53.183,1,4
15,888,65.5721,1,5
15,891,78.1779,1,6
15,894,90.3309,1,7
15,896,102.235,1,8
15,899,113.78,1,9
15,901,125.781,1,10
15,903,138.021,1,11
15,905,149.099,1,12
15,907,162.462,1,13
15,909,175.833,1,14
15,911,187.55,1,15
15,913,199.858,1,16
15,915,212.35,1,17
15,917,223.976,1,18
15,919,234.931,1,19
15,921,245.957,1,20
15,923,257.081,1,21
15,925,268.124,1,22
15,927,279.352,1,23
15,929,291.706,1,24
15,930,304.068,1,25
15,931,315.833,1,26
15,932,328.091,1,27
15,933,340.195,1,28
15,934,351.885,1,29
15,935,364.981,1,30
15,936,378.861,1,31
15,937,391.159,1,32
15,938,401.975,1,33
15,939,413.06,1,34
15,940,424.687,1,35
15,942,436.845,1,36
15,943,447.63,1,37
15,944,458.58,1,38
15,945,469.881,1,39
15,946,480.756,1,40
15,947,491.768,1,41
15,948,502.732,1,42
15,949,513.658,1,43
15,950,525.931,1,44
15,951,537.42,1,45
15,952,548.341,1,46
15,953,559.265,1,47
15,954,574.284,1,48
15,955,587.456,1,49
15,956,598.998,1,50
15,957,610.445,1,51
15,958,621.436,1,52
15,959,632.277,1,53
15,960,643.323,1,54
15,961,654.392,1,55
15,962,665.17,1,56
15,963,676.446,1,57
15,964,687.746,1,58
15,965,3402.62,1,60
15,966,6134.03,1,62
15,967,8847.34,1,64
15,968,8858.4,1,65
15,969,11575.6,1,67
15,970,31029.4,2,137
15,971,33715.5,2,139
15,972,33729.6,2,140
15,973,36427.1,2,142
15,974,36438.1,2,143
15,975,45139.4,3,205
15,976,47831.7,3,207
16,874,13.824,1,1
16,878,30.546,1,2
16,881,43.031,1,3
16,884,57.5865,1,4
16,887,70.0305,1,5
16,890,84.2355,1,6
16,893,98.1649,1,7
16,896,110.124,1,8
16,899,122.243,1,9
16,902,134.376,1,10
16,906,146.696,1,11
16,909,159.194,1,12
16,912,171.629,1,13
16,915,184.155,1,14
16,917,196.956,1,15
16,919,209.586,1,16
16,921,221.646,1,17
16,923,234.097,1,18
16,925,247.009,1,19
16,927,259.501,1,20
16,929,271.498,1,21
16,931,283.778,1,22
16,933,298.207,1,23
16,935,312.782,1,24
16,937,325.35,1,25
16,939,342.581,1,26
16,940,355.366,1,27
16,941,367.969,1,28
16,942,380.597,1,29
16,943,391.76,1,30
16,944,402.591,1,31
16,945,413.698,1,32
16,946,425.446,1,33
16,947,436.792,1,34
16,949,448.125,1,35
16,950,459.947,1,36
16,952,472.092,1,37
16,953,483.376,1,38
16,954,495.2,1,39
16,955,508.861,1,40
16,956,520.392,1,41
16,957,532.9,1,42
16,958,545.104,1,43
16,959,556.66,1,44
16,960,567.884,1,45
16,961,578.89,1,46
16,962,589.918,1,47
16,963,601.037,1,48
16,964,612.031,1,49
16,965,624.123,1,50
16,966,635.607,1,51
16,967,646.719,1,52
16,968,657.71,1,53
16,969,668.704,1,54
16,970,3473.3,1,56
16,971,6207.63,1,58
16,972,8982.19,1,60
16,973,11724.2,1,62
16,974,15200.8,1,64
16,975,15213,1,65
16,976,18161.5,1,67
16,977,21241.7,1,69
16,978,24246.7,1,71
17,877,12.3847,1,1
17,880,26.1409,1,2
17,883,37.9789,1,3
17,886,50.4351,1,4
17,889,62.7207,1,5
17,892,74.4683,1,6
17,895,87.5913,1,7
17,898,99.9705,1,8
17,901,112.307,1,9
17,904,123.697,1,10
17,907,136.002,1,11
17,909,148.392,1,12
17,911,162.892,1,13
17,913,177.118,1,14
17,915,192.171,1,15
17,917,204.347,1,16
17,919,218.302,1,17
17,921,230.787,1,18
17,923,243.165,1,19
17,925,255.673,1,20
17,927,268,1,21
17,929,280.519,1,22
17,931,293.368,1,23
17,932,306.02,1,24
17,934,318.406,1,25
17,935,330.834,1,26
17,936,343.078,1,27
17,937,355.443,1,28
17,939,368.037,1,29
17,940,381.842,1,30
17,941,395.471,1,31
17,942,408.666,1,32
17,944,423.096,1,33
17,945,435.751,1,34
17,946,448.105,1,35
17,947,460.198,1,36
17,948,472.202,1,37
17,949,485.491,1,38
17,950,498.133,1,39
17,951,511.481,1,40
17,952,523.141,1,41
17,953,535.706,1,42
17,954,547.939,1,43
17,955,559.947,1,44
17,956,572.372,1,45
17,957,586.435,1,46
17,959,600.299,1,47
17,960,612.637,1,48
17,961,625.352,1,49
17,962,637.875,1,50
17,963,3505.86,1,52
17,964,6285.37,1,54
17,965,6296.59,1,55
17,966,9182.17,1,57
17,967,9194.4,1,58
17,968,12104.3,1,60
17,969,14893.5,1,62
17,970,21176,2,116
17,971,24563.2,2,118
17,972,24574.1,2,119
17,973,36529.5,3,182
17,974,39504.8,3,184
17,975,42384.2,3,186
18,882,13.8931,1,1
18,885,26.78,1,2
18,888,38.3125,1,3
18,891,50.85,1,4
18,894,63.335,1,5
18,897,75.8129,1,6
18,900,86.7426,1,7
18,903,98.8451,1,8
18,906,111.168,1,9
18,908,123.545,1,10
18,911,135.539,1,11
18,913,147.112,1,12
18,915,159.457,1,13
18,917,172.078,1,14
18,919,184.079,1,15
18,921,197.247,1,16
18,923,211.737,1,17
18,925,224.094,1,18
18,927,236.453,1,19
18,929,248.902,1,20
18,931,261.519,1,21
18,933,274.084,1,22
18,935,286.253,1,23
18,936,298.497,1,24
18,937,310.744,1,25
18,938,322.464,1,26
18,939,334.497,1,27
18,940,346.692,1,28
18,942,358.948,1,29
18,943,371.026,1,30
18,944,383.176,1,31
18,945,396.893,1,32
18,947,411.313,1,33
18,948,424.014,1,34
18,949,436.268,1,35
18,950,448.542,1,36
18,951,459.956,1,37
18,952,472.185,1,38
18,953,484.373,1,39
18,954,496.505,1,40
18,955,508.804,1,41
18,956,520.971,1,42
18,957,533.018,1,43
18,958,545.273,1,44
18,959,557.376,1,45
18,961,569.419,1,46
18,962,581.085,1,47
18,963,594.473,1,48
18,964,606.723,1,49
18,965,620.205,1,50
18,966,631.61,1,51
18,967,642.711,1,52
18,968,3367.22,1,54
18,969,6129.56,1,56
18,970,8890.21,1,58
18,971,11596.5,1,60
18,972,11608.2,1,61
18,973,14356,1,63
18,974,17098.1,1,65
18,975,19897.1,1,67
18,976,19909.7,1,68
18,977,22681.5,1,70
18,978,86966,4,279
19,881,12.6796,1,1
19,885,26.6047,1,2
19,888,38.8939,1,3
19,891,51.7137,1,4
19,894,64.1419,1,5
19,897,76.7054,1,6
19,900,91.4141,1,7
19,902,106.013,1,8
19,904,119.945,1,9
19,906,131.392,1,10
19,908,145.653,1,11
19,910,159.087,1,12
19,912,173.724,1,13
19,914,186.501,1,14
19,917,198.854,1,15
19,919,210.642,1,16
19,921,223.03,1,17
19,923,235.409,1,18
19,925,247.631,1,19
19,927,259.859,1,20
19,928,272.153,1,21
19,929,284.469,1,22
19,930,297.878,1,23
19,931,310.175,1,24
19,932,324.066,1,25
19,933,337.174,1,26
19,934,351.709,1,27
19,936,364.154,1,28
19,937,376.426,1,29
19,938,388.752,1,30
19,940,400.893,1,31
19,941,413.575,1,32
19,942,426.128,1,33
19,943,438.813,1,34
19,944,451.377,1,35
19,945,463.383,1,36
19,946,475.736,1,37
19,947,488.077,1,38
19,948,501.794,1,39
19,949,513.444,1,40
19,950,526.581,1,41
19,951,539.131,1,42
19,952,551.714,1,43
19,953,563.968,1,44
19,954,576.257,1,45
19,955,588.48,1,46
19,956,600.545,1,47
19,957,612.68,1,48
19,958,624.967,1,49
19,959,637.113,1,50
19,960,649.073,1,51
19,961,660.822,1,52
19,962,672.979,1,53
19,963,685.128,1,54
19,964,697.088,1,55
19,965,711.054,1,56
19,966,725.752,1,57
19,967,3431.3,1,59
19,968,6137.9,1,61
19,969,8862.36,1,63
19,970,8876.36,1,64
19,971,51539.8,4,245
19,972,54391.4,4,247
19,973,57374.6,4,249
19,974,57388.7,4,250
19,975,60557.8,4,252
19,976,63375.7,4,254
19,977,66112.5,4,256
19,978,111411,6,405
20,884,14.7655,1,1
20,887,28.599,1,2
20,890,41.3371,1,3
20,893,53.5837,1,4
20,896,66.0438,1,5
20,898,79.3831,1,6
20,901,92.5179,1,7
20,903,105.707,1,8
20,905,118.768,1,9
20,907,131.696,1,10
20,909,144.808,1,11
20,911,158.136,1,12
20,913,173.204,1,13
20,915,188.498,1,14
20,917,201.672,1,15
20,919,213.889,1,16
20,921,226.188,1,17
20,923,238.666,1,18
20,925,250.423,1,19
20,927,262.322,1,20
20,929,275.402,1,21
20,931,288.491,1,22
20,933,301.623,1,23
20,935,313.809,1,24
20,936,326.859,1,25
20,937,339.782,1,26
20,938,353.052,1,27
20,939,366.744,1,28
20,940,382.147,1,29
20,941,397.066,1,30
20,942,410.429,1,31
20,943,422.486,1,32
20,944,435.189,1,33
20,945,447.652,1,34
20,946,460.621,1,35
20,947,473.773,1,36
20,948,486.678,1,37
20,949,499.21,1,38
20,950,512.442,1,39
20,951,524.905,1,40
20,952,537.542,1,41
20,953,549.489,1,42
20,954,3429.23,1,44
20,955,3440.68,1,45
20,956,6308.25,1,47
20,957,9202.3,1,49
20,958,9215.2,1,50
20,959,12911.1,1,52
20,960,16274.6,1,54
20,961,19244.9,1,56
20,962,19261.6,1,57
20,963,19273.4,1,58
20,964,19289.4,1,59
20,965,22297.9,1,61
20,966,25460.5,1,63
20,967,28625.3,1,65
20,968,32753.9,2,123
20,969,35926.6,2,125
20,970,38806.1,2,127
20,971,38820.6,2,128
20,972,41665.2,2,130
20,973,44644.4,2,132
20,974,47558.3,2,134
20,975,50479,2,136
20,976,53366,2,138
20,977,86460,4,258
20,978,89284,4,260
20,979,92125.9,4,262
