1,867,12.9208,1,1
1,871,26.5033,1,2
1,874,39.0222,1,3
1,877,51.3083,1,4
1,880,64.4068,1,5
1,883,76.6541,1,6
1,886,92.6375,1,7
1,889,106.72,1,8
1,891,119.524,1,9
1,893,134.082,1,10
1,895,145.845,1,11
1,897,157.17,1,12
1,900,169.129,1,13
1,902,181.509,1,14
1,904,193.863,1,15
1,906,205.623,1,16
1,908,217.685,1,17
1,910,230.511,1,18
1,912,243.061,1,19
1,914,255.571,1,20
1,916,268.324,1,21
1,918,281.498,1,22
1,919,296.011,1,23
1,920,311.326,1,24
1,922,323.453,1,25
1,923,337.227,1,26
1,924,349.997,1,27
1,925,362.988,1,28
1,926,375.601,1,29
1,927,388.253,1,30
1,929,400.524,1,31
1,930,413.221,1,32
1,932,425.62,1,33
1,933,438.3,1,34
1,934,450.873,1,35
1,935,463.804,1,36
1,937,476.027,1,37
1,938,488.859,1,38
1,939,501.794,1,39
1,940,515.566,1,40
1,941,530.248,1,41
1,942,542.468,1,42
1,944,555.432,1,43
1,945,568.278,1,44
1,946,581.079,1,45
1,947,594.841,1,46
1,948,607.043,1,47
1,949,619.96,1,48
1,950,632.513,1,49
1,951,644.871,1,50
1,952,657.363,1,51
1,953,669.576,1,52
1,954,682.589,1,53
1,955,695.314,1,54
1,956,708.01,1,55
1,957,1726.66,3,143
1,958,1738.86,3,144
1,959,1750.86,3,145
1,960,1765.82,3,146
1,962,1780.91,3,147
1,963,1793.43,3,148
1,964,1806.41,3,149
1,965,1819.23,3,150
1,966,1833.36,3,151
1,967,1845.95,3,152
1,968,8027.3,14,703
1,969,17538.6,26,1309
1,970,23898.6,37,1879
1,971,23911.3,37,1880
1,972,39766.4,64,3282
1,973,39778.3,64,3283
1,974,115650,185,9536
2,883,14.914,1,1
2,887,29.7288,1,2
2,891,42.7306,1,3
2,895,55.4027,1,4
2,899,67.7508,1,5
2,902,80.4983,1,6
2,905,94.9547,1,7
2,908,107.868,1,8
2,910,120.471,1,9
2,912,133.103,1,10
2,915,146.419,1,11
2,917,158.868,1,12
2,919,170.447,1,13
2,921,181.771,1,14
2,923,193.227,1,15
2,925,205.935,1,16
2,927,217.458,1,17
2,929,229.246,1,18
2,931,240.598,1,19
2,933,251.652,1,20
2,935,263.16,1,21
2,937,274.768,1,22
2,939,286.4,1,23
2,941,297.736,1,24
2,943,310.164,1,25
2,944,322.487,1,26
2,945,334.893,1,27
2,946,347.671,1,28
2,947,360.557,1,29
2,948,372.016,1,30
2,949,383.128,1,31
2,950,394.651,1,32
2,951,406.039,1,33
2,952,417.121,1,34
2,953,428.677,1,35
2,954,440.066,1,36
2,955,451.152,1,37
2,956,462.492,1,38
2,957,474.698,1,39
2,958,487.021,1,40
2,959,498.875,1,41
2,960,510.241,1,42
2,961,521.552,1,43
2,962,533.598,1,44
2,963,547.318,1,45
2,964,561.573,1,46
2,965,574.063,1,47
2,966,1697.44,3,146
2,967,2890.23,5,252
2,968,2901.72,5,253
2,969,30591.4,54,2736
2,970,36391.4,64,3256
2,971,43559.2,76,3899
2,972,43571,76,3900
2,973,79885.4,139,7134
2,974,79898.7,139,7135
2,975,79910.2,139,7136
2,976,79922.6,139,7137
2,977,79938,139,7138
3,880,13.6815,1,1
3,883,26.6462,1,2
3,886,42.4969,1,3
3,889,55.6344,1,4
3,892,68.5087,1,5
3,895,81.0963,1,6
3,898,93.6852,1,7
3,901,106.548,1,8
3,904,123.871,1,9
3,906,138.466,1,10
3,908,150.965,1,11
3,910,164.687,1,12
3,912,176.993,1,13
3,914,189.42,1,14
3,916,201.679,1,15
3,918,213.864,1,16
3,920,225.526,1,17
3,922,237.32,1,18
3,924,249.6,1,19
3,926,261.991,1,20
3,928,274.164,1,21
3,930,286.599,1,22
3,932,300.27,1,23
3,934,313.537,1,24
3,935,327.143,1,25
3,936,339.431,1,26
3,937,351.646,1,27
3,938,363.892,1,28
3,939,376.052,1,29
3,940,388.236,1,30
3,941,400.383,1,31
3,942,412.422,1,32
3,944,424.59,1,33
3,945,436.798,1,34
3,946,450.085,1,35
3,947,462.414,1,36
3,948,474.071,1,37
3,949,485.652,1,38
3,950,497.863,1,39
3,951,509.211,1,40
3,952,522.62,1,41
3,953,536.97,1,42
3,954,548.509,1,43
3,955,559.938,1,44
3,956,572.243,1,45
3,957,584.542,1,46
3,958,597.031,1,47
3,959,609.418,1,48
3,960,620.711,1,49
3,961,633.132,1,50
3,962,644.617,1,51
3,963,655.869,1,52
3,964,667.148,1,53
3,965,679.231,1,54
3,966,1310.96,2,109
3,967,1323.45,2,110
3,968,1335.92,2,111
3,969,1349.16,2,112
3,970,3857.88,6,332
3,971,3870.18,6,333
3,972,3882.39,6,334
3,973,45448.6,79,4016
3,974,56443.1,97,4986
3,975,56455.1,97,4987
3,976,112626,195,9964
4,883,11.4448,1,1
4,887,23.6357,1,2
4,890,35.8144,1,3
4,893,48.532,1,4
4,896,60.818,1,5
4,899,73.5762,1,6
4,902,85.8437,1,7
4,905,98.2517,1,8
4,908,111.558,1,9
4,911,123.917,1,10
4,914,137.166,1,11
4,917,149.746,1,12
4,919,162.876,1,13
4,921,175.83,1,14
4,923,188.545,1,15
4,925,201.001,1,16
4,927,213.166,1,17
4,929,225.431,1,18
4,931,238.138,1,19
4,933,250.398,1,20
4,935,262.551,1,21
4,937,274.531,1,22
4,939,287.256,1,23
4,941,299.419,1,24
4,942,311.687,1,25
4,943,323.814,1,26
4,944,337.687,1,27
4,945,350.846,1,28
4,946,362.936,1,29
4,947,375.143,1,30
4,948,390.61,1,31
4,950,404.93,1,32
4,951,417.143,1,33
4,952,429.435,1,34
4,953,442.166,1,35
4,954,455.32,1,36
4,955,467.584,1,37
4,956,479.879,1,38
4,957,491.834,1,39
4,958,504.377,1,40
4,959,516.363,1,41
4,960,528.633,1,42
4,961,1074.61,2,90
4,962,1086.58,2,91
4,963,1726.56,3,147
4,964,1740.13,3,148
4,965,1752.3,3,149
4,966,1765.96,3,150
4,967,1785.26,3,151
4,968,2458.52,4,210
4,969,2472.99,4,211
4,970,5705.96,10,497
4,971,5718.16,10,498
4,972,5731.36,10,499
4,973,5744.55,10,500
4,974,5756.63,10,501
4,975,42840,72,3781
5,876,11.1176,1,1
5,880,23.1912,1,2
5,884,35.0699,1,3
5,887,47.3611,1,4
5,890,59.7889,1,5
5,893,73.1471,1,6
5,896,85.3301,1,7
5,899,97.5775,1,8
5,902,109.751,1,9
5,905,122.258,1,10
5,907,135.077,1,11
5,909,147.954,1,12
5,911,160.988,1,13
5,913,172.995,1,14
5,915,185.824,1,15
5,918,198.383,1,16
5,920,209.588,1,17
5,922,221.202,1,18
5,924,233.695,1,19
5,926,246.292,1,20
5,928,258.571,1,21
5,930,270.99,1,22
5,932,282.997,1,23
5,934,294.205,1,24
5,936,306.17,1,25
5,938,318.294,1,26
5,940,330.555,1,27
5,941,342.724,1,28
5,942,354.813,1,29
5,944,368.23,1,30
5,945,382.227,1,31
5,946,394.66,1,32
5,948,406.025,1,33
5,949,417.238,1,34
5,950,428.596,1,35
5,951,439.993,1,36
5,952,451.243,1,37
5,953,462.343,1,38
5,954,473.505,1,39
5,955,484.924,1,40
5,956,496.786,1,41
5,957,508.047,1,42
5,958,519.284,1,43
5,959,530.328,1,44
5,960,541.45,1,45
5,961,552.618,1,46
5,962,564.721,1,47
5,963,577.231,1,48
5,964,591.992,1,49
5,965,606.862,1,50
5,966,1178.22,2,101
5,967,1191.36,2,102
5,968,1206.64,2,103
5,969,2325.23,4,200
5,970,9372.92,16,824
5,971,9386.21,16,825
5,972,9398.25,16,826
5,973,13405.9,23,1180
5,974,53849.6,92,4766
5,975,53862.1,92,4767
5,976,53874.2,92,4768
5,977,53886.1,92,4769
6,877,11.0343,1,1
6,880,23.3511,1,2
6,883,35.6064,1,3
6,886,47.7681,1,4
6,889,59.7877,1,5
6,893,74.5832,1,6
6,896,90.2867,1,7
6,899,103.8,1,8
6,902,116.522,1,9
6,905,127.833,1,10
6,907,139.754,1,11
6,909,152.429,1,12
6,911,165.245,1,13
6,913,177.437,1,14
6,915,189.296,1,15
6,917,201.632,1,16
6,919,213.885,1,17
6,921,225.909,1,18
6,923,238.248,1,19
6,925,250.629,1,20
6,926,263.344,1,21
6,928,275.631,1,22
6,929,288.18,1,23
6,930,303.235,1,24
6,931,316.235,1,25
6,932,329.058,1,26
6,933,341.087,1,27
6,934,353.993,1,28
6,935,367.347,1,29
6,936,380.205,1,30
6,937,392.561,1,31
6,938,405.594,1,32
6,939,418.695,1,33
6,940,431.566,1,34
6,941,443.936,1,35
6,942,456.445,1,36
6,944,469.612,1,37
6,945,481.723,1,38
6,946,494.048,1,39
6,947,506.837,1,40
6,948,520.937,1,41
6,949,534.098,1,42
6,950,547.229,1,43
6,951,559.962,1,44
6,952,572.601,1,45
6,953,585.607,1,46
6,954,598.713,1,47
6,955,612.159,1,48
6,956,624.617,1,49
6,957,637.699,1,50
6,958,650.598,1,51
6,959,1146.3,2,95
6,960,1158.13,2,96
6,961,1169.82,2,97
6,962,1182.2,2,98
6,963,1193.69,2,99
6,964,1206.36,2,100
6,965,1785.88,3,152
6,966,3549.92,6,313
6,967,3562.28,6,314
6,968,4712.91,8,417
6,969,8978.54,15,803
6,970,8990.56,15,804
6,971,9003.2,15,805
6,972,10813.9,18,969
6,973,10826.1,18,970
6,974,10838.6,18,971
6,975,10851.3,18,972
6,976,92212.3,162,8438
6,977,92224.3,162,8439
7,878,14.7079,1,1
7,882,29.8354,1,2
7,886,42.29,1,3
7,889,54.1963,1,4
7,892,67.1444,1,5
7,895,91.002,1,6
7,898,103.084,1,7
7,901,115.415,1,8
7,904,127.423,1,9
7,907,139.197,1,10
7,910,151.531,1,11
7,913,163.589,1,12
7,915,175.774,1,13
7,917,188.084,1,14
7,919,200.099,1,15
7,921,214.016,1,16
7,923,227.863,1,17
7,925,240.205,1,18
7,927,252.229,1,19
7,929,264.181,1,20
7,931,275.711,1,21
7,933,287.599,1,22
7,935,299.382,1,23
7,937,311.204,1,24
7,939,322.477,1,25
7,941,334.531,1,26
7,943,346.547,1,27
7,944,358.473,1,28
7,945,369.862,1,29
7,946,381.636,1,30
7,948,393.778,1,31
7,949,405.794,1,32
7,950,418.056,1,33
7,951,431.265,1,34
7,952,443.597,1,35
7,953,455.87,1,36
7,955,467.629,1,37
7,956,479.233,1,38
7,957,491.18,1,39
7,958,503.247,1,40
7,959,515.399,1,41
7,960,526.984,1,42
7,961,538.783,1,43
7,962,550.963,1,44
7,963,1025.5,2,88
7,964,1041.06,2,89
7,965,1053.72,2,90
7,966,1066.59,2,91
7,967,1600.42,3,139
7,968,4508.53,8,404
7,969,4520.61,8,405
7,970,4533.22,8,406
7,971,13203.5,23,1206
7,972,21358.8,37,1951
7,973,21371.3,37,1952
7,974,40677.3,70,3695
7,975,40689.1,70,3696
8,863,12.7037,1,1
8,867,25.1153,1,2
8,870,37.1917,1,3
8,873,49.323,1,4
8,876,61.2917,1,5
8,879,73.0966,1,6
8,882,85.2054,1,7
8,885,97.3671,1,8
8,888,109.53,1,9
8,891,121.341,1,10
8,893,133.324,1,11
8,895,145.193,1,12
8,897,157.493,1,13
8,899,169.273,1,14
8,901,181.126,1,15
8,903,194.86,1,16
8,906,209.343,1,17
8,908,221.605,1,18
8,910,233.718,1,19
8,912,245.698,1,20
8,914,257.886,1,21
8,916,269.889,1,22
8,918,281.957,1,23
8,920,293.736,1,24
8,922,305.576,1,25
8,924,318.182,1,26
8,926,330.077,1,27
8,928,342.014,1,28
8,930,353.567,1,29
8,932,365.556,1,30
8,934,377.499,1,31
8,936,389.358,1,32
8,938,401.963,1,33
8,939,417.359,1,34
8,940,429.705,1,35
8,941,441.507,1,36
8,943,453.194,1,37
8,944,465,1,38
8,945,476.158,1,39
8,946,486.944,1,40
8,948,497.85,1,41
8,949,509.31,1,42
8,950,521.517,1,43
8,951,533.666,1,44
8,952,545.196,1,45
8,953,556.729,1,46
8,954,569.02,1,47
8,955,580.908,1,48
8,956,593.001,1,49
8,957,606.868,1,50
8,959,620.452,1,51
8,960,633.092,1,52
8,961,645.71,1,53
8,962,656.7,1,54
8,963,668.877,1,55
8,964,680.696,1,56
8,965,692.735,1,57
8,966,704.638,1,58
8,967,716.426,1,59
8,968,729.222,1,60
8,969,741.028,1,61
8,970,7157.94,12,648
8,971,7169.46,12,649
8,972,37324.9,66,3414
8,973,37337.1,66,3415
8,974,37349.2,66,3416
8,975,38583.5,68,3529
9,880,10.6972,1,1
9,884,22.9058,1,2
9,888,35.0178,1,3
9,891,47.2498,1,4
9,894,58.8284,1,5
9,897,74.5651,1,6
9,900,91.2815,1,7
9,902,108.901,1,8
9,904,119.929,1,9
9,906,134.644,1,10
9,908,148.837,1,11
9,910,161.334,1,12
9,912,173.321,1,13
9,914,185.257,1,14
9,916,197.596,1,15
9,918,209.407,1,16
9,920,221.523,1,17
9,922,233.469,1,18
9,923,245.435,1,19
9,924,257.448,1,20
9,925,269.441,1,21
9,927,281.599,1,22
9,929,293.494,1,23
9,931,305.487,1,24
9,932,317.629,1,25
9,934,330.244,1,26
9,935,342.112,1,27
9,936,359.65,1,28
9,937,371.163,1,29
9,938,383.262,1,30
9,940,395.421,1,31
9,941,407.444,1,32
9,942,419.28,1,33
9,943,431.183,1,34
9,945,443.322,1,35
9,946,454.741,1,36
9,947,466.571,1,37
9,948,478.761,1,38
9,949,490.763,1,39
9,950,502.805,1,40
9,951,514.699,1,41
9,952,526.063,1,42
9,953,539.992,1,43
9,954,553.006,1,44
9,955,564.951,1,45
9,956,576.764,1,46
9,957,588.286,1,47
9,958,601.256,1,48
9,959,613.358,1,49
9,960,625.542,1,50
9,961,637.382,1,51
9,962,649.28,1,52
9,963,661.482,1,53
9,964,1791.76,3,156
9,965,2434.57,4,215
9,966,2447.74,4,216
9,967,4199.5,7,377
9,968,4211.96,7,378
9,969,4226.23,7,379
9,970,9969.87,17,907
9,971,9981.8,17,908
9,972,40957.2,73,3735
9,973,40970.4,73,3736
10,873,10.6711,1,1
10,877,22.757,1,2
10,881,35.9786,1,3
10,885,48.9307,1,4
10,888,74.916,1,5
10,891,88.9544,1,6
10,894,102.965,1,7
10,897,115.24,1,8
10,899,127.382,1,9
10,901,139.301,1,10
10,903,150.342,1,11
10,905,162.535,1,12
10,907,174.784,1,13
10,909,186.68,1,14
10,911,199.213,1,15
10,913,211.111,1,16
10,915,222.812,1,17
10,917,234.972,1,18
10,919,247.077,1,19
10,921,258.996,1,20
10,923,271.064,1,21
10,925,284.274,1,22
10,927,295.463,1,23
10,929,308.683,1,24
10,931,319.886,1,25
10,933,331.091,1,26
10,935,343.396,1,27
10,936,355.39,1,28
10,937,366.955,1,29
10,939,379.129,1,30
10,940,391.223,1,31
10,941,403.145,1,32
10,942,415.654,1,33
10,943,427.677,1,34
10,944,439.731,1,35
10,945,451.653,1,36
10,946,463.005,1,37
10,948,475.363,1,38
10,950,488.848,1,39
10,952,501.617,1,40
10,953,513.97,1,41
10,954,525.736,1,42
10,955,537.74,1,43
10,956,549.608,1,44
10,957,561.33,1,45
10,958,572.976,1,46
10,959,584.902,1,47
10,960,597.058,1,48
10,961,609.041,1,49
10,962,620.941,1,50
10,963,634.008,1,51
10,964,645.557,1,52
10,965,656.635,1,53
10,966,668.745,1,54
10,967,1244.39,2,106
10,968,1256.61,2,107
10,969,1269.76,2,108
10,970,1282.02,2,109
10,971,1310.6,2,110
10,972,1324.42,2,111
10,973,61253.2,110,5619
10,974,61264.4,110,5620
11,879,14.9546,1,1
11,883,30.0115,1,2
11,886,42.3658,1,3
11,889,54.9464,1,4
11,892,67.5423,1,5
11,894,79.3093,1,6
11,896,90.6984,1,7
11,898,102.137,1,8
11,900,113.558,1,9
11,902,125.064,1,10
11,904,136.625,1,11
11,906,148.846,1,12
11,908,161.1,1,13
11,910,172.713,1,14
11,912,184.444,1,15
11,914,196.392,1,16
11,916,208.548,1,17
11,918,222.456,1,18
11,920,234.438,1,19
11,922,246.158,1,20
11,924,257.35,1,21
11,926,268.818,1,22
11,928,282.606,1,23
11,930,295.642,1,24
11,932,306.993,1,25
11,934,319.522,1,26
11,936,331.875,1,27
11,937,343.596,1,28
11,938,355.941,1,29
11,940,368.783,1,30
11,942,382.172,1,31
11,943,395.351,1,32
11,944,409.352,1,33
11,946,424.482,1,34
11,947,437.408,1,35
11,948,450.592,1,36
11,949,463.1,1,37
11,950,474.609,1,38
11,952,487.328,1,39
11,953,499.969,1,40
11,954,511.237,1,41
11,955,522.938,1,42
11,956,536.199,1,43
11,957,549.131,1,44
11,958,561.579,1,45
11,959,574.415,1,46
11,960,587.093,1,47
11,961,600.272,1,48
11,962,614.301,1,49
11,963,629.605,1,50
11,964,642.464,1,51
11,965,655.608,1,52
11,966,1307.02,2,110
11,967,1319.43,2,111
11,968,5726.8,10,506
11,969,5738.95,10,507
11,970,49070.9,84,4318
11,971,49084,84,4319
11,972,49097.7,84,4320
11,973,49110.1,84,4321
12,872,12.7827,1,1
12,875,25.7509,1,2
12,878,37.5758,1,3
12,881,49.8062,1,4
12,884,61.9024,1,5
12,887,74.1841,1,6
12,890,86.6403,1,7
12,892,99.2485,1,8
12,894,111.847,1,9
12,896,124.851,1,10
12,898,137.042,1,11
12,900,150.614,1,12
12,902,162.318,1,13
12,904,174.83,1,14
12,906,187.34,1,15
12,908,199.426,1,16
12,910,212.166,1,17
12,912,225.877,1,18
12,914,238.522,1,19
12,916,250.645,1,20
12,918,261.916,1,21
12,919,274.179,1,22
12,921,286.494,1,23
12,922,298.714,1,24
12,923,311.357,1,25
12,925,323.681,1,26
12,926,337.624,1,27
12,927,351.833,1,28
12,929,364.317,1,29
12,930,376.652,1,30
12,932,389.023,1,31
12,933,400.981,1,32
12,934,412.773,1,33
12,935,425.114,1,34
12,936,437.445,1,35
12,937,449.343,1,36
12,938,461.504,1,37
12,939,473.795,1,38
12,940,486.129,1,39
12,941,498.058,1,40
12,942,510.054,1,41
12,943,522.315,1,42
12,945,536.277,1,43
12,946,550.144,1,44
12,947,562.147,1,45
12,948,574.483,1,46
12,949,586.767,1,47
12,950,598.618,1,48
12,951,611.037,1,49
12,952,623.399,1,50
12,953,635.504,1,51
12,954,647.567,1,52
12,955,659.848,1,53
12,956,672.178,1,54
12,957,684.034,1,55
12,958,695.309,1,56
12,959,707.728,1,57
12,960,720.013,1,58
12,961,1213.56,2,103
12,962,1225.7,2,104
12,963,1238.3,2,105
12,964,1250.43,2,106
12,965,1261.56,2,107
12,966,5580.74,10,501
12,967,6138.67,11,551
12,968,11109.6,20,1010
12,969,12780,23,1163
12,970,12792.4,23,1164
12,971,12804.1,23,1165
12,972,12816.4,23,1166
12,973,12831.7,23,1167
12,974,21888.9,39,1999
13,864,13.3235,1,1
13,868,26.8242,1,2
13,871,38.5643,1,3
13,874,53.136,1,4
13,877,66.4923,1,5
13,880,87.5088,1,6
13,883,99.7652,1,7
13,886,111.946,1,8
13,889,123.992,1,9
13,892,136.012,1,10
13,894,147.571,1,11
13,896,162.309,1,12
13,898,177.177,1,13
13,901,189.806,1,14
13,903,202.129,1,15
13,905,214.024,1,16
13,907,225.792,1,17
13,909,238.075,1,18
13,912,250.199,1,19
13,915,262.25,1,20
13,917,274.857,1,21
13,919,287.072,1,22
13,921,298.921,1,23
13,923,309.882,1,24
13,925,322.007,1,25
13,927,333.335,1,26
13,929,345.559,1,27
13,930,358.537,1,28
13,932,370.095,1,29
13,933,383.946,1,30
13,935,396.072,1,31
13,937,408.202,1,32
13,939,420.381,1,33
13,940,432.287,1,34
13,941,444.303,1,35
13,943,456.668,1,36
13,944,468.697,1,37
13,945,480.597,1,38
13,946,492.548,1,39
13,947,504.894,1,40
13,948,516.818,1,41
13,949,529.096,1,42
13,950,541.005,1,43
13,951,552.948,1,44
13,952,566.611,1,45
13,953,580.708,1,46
13,954,593.278,1,47
13,955,605.347,1,48
13,956,616.122,1,49
13,957,628.113,1,50
13,958,639.14,1,51
13,959,649.914,1,52
13,960,661.27,1,53
13,961,672.164,1,54
13,962,1243.17,2,106
13,963,1255.35,2,107
13,964,1266.5,2,108
13,965,2385.47,4,210
13,966,2397.34,4,211
13,967,2410.55,4,212
13,968,2424.75,4,213
13,969,15513.2,28,1398
13,970,20628.1,37,1863
13,971,20641.1,37,1864
13,972,20652.1,37,1865
13,973,69067,123,6266
13,974,69079,123,6267
13,975,69090.7,123,6268
14,891,10.6146,1,1
14,894,22.7756,1,2
14,897,36.1097,1,3
14,900,48.6887,1,4
14,903,75.2105,1,5
14,905,87.5747,1,6
14,907,99.8422,1,7
14,909,111.953,1,8
14,911,123.913,1,9
14,913,136.807,1,10
14,915,150.834,1,11
14,917,163.218,1,12
14,920,175.869,1,13
14,922,188.446,1,14
14,924,200.559,1,15
14,926,211.973,1,16
14,928,224.151,1,17
14,930,236.348,1,18
14,932,248.253,1,19
14,934,260.295,1,20
14,936,271.229,1,21
14,938,282.228,1,22
14,939,293.017,1,23
14,940,303.885,1,24
14,942,314.907,1,25
14,943,325.692,1,26
14,944,338.873,1,27
14,945,355.476,1,28
14,946,367.181,1,29
14,947,378.361,1,30
14,948,389.259,1,31
14,949,400.087,1,32
14,950,411.107,1,33
14,951,421.99,1,34
14,952,432.729,1,35
14,953,444.078,1,36
14,954,455.033,1,37
14,955,465.785,1,38
14,956,476.919,1,39
14,957,488.307,1,40
14,958,500.488,1,41
14,959,511.259,1,42
14,960,522.858,1,43
14,961,536.192,1,44
14,962,547.606,1,45
14,963,560.606,1,46
14,964,1068.14,2,93
14,965,1079.22,2,94
14,966,1091.33,2,95
14,967,1103.59,2,96
14,968,1116.62,2,97
14,969,1128.37,2,98
14,970,1154.55,2,99
14,971,1168.08,2,100
14,972,1180.74,2,101
14,973,84568.7,151,7692
15,881,10.7252,1,1
15,884,22.9493,1,2
15,887,35.0786,1,3
15,890,47.0931,1,4
15,893,59.0049,1,5
15,896,71.2621,1,6
15,898,83.5829,1,7
15,900,97.4962,1,8
15,902,111.068,1,9
15,904,122.888,1,10
15,906,134.325,1,11
15,908,145.931,1,12
15,910,157.967,1,13
15,912,168.764,1,14
15,914,179.693,1,15
15,916,190.988,1,16
15,918,201.917,1,17
15,920,212.689,1,18
15,922,223.714,1,19
15,924,234.787,1,20
15,926,246.944,1,21
15,928,258.378,1,22
15,929,269.631,1,23
15,931,281.021,1,24
15,933,291.83,1,25
15,935,304.312,1,26
15,936,317.592,1,27
15,937,328.854,1,28
15,938,339.711,1,29
15,939,351.889,1,30
15,940,365.89,1,31
15,942,377.863,1,32
15,944,390.255,1,33
15,945,402.549,1,34
15,946,414.313,1,35
15,947,426.393,1,36
15,949,438.316,1,37
15,950,450.082,1,38
15,952,462.09,1,39
15,953,474.169,1,40
15,954,486.052,1,41
15,956,497.471,1,42
15,957,511.4,1,43
15,958,525.654,1,44
15,960,537.972,1,45
15,961,550.196,1,46
15,962,561.349,1,47
15,963,573.932,1,48
15,964,585.994,1,49
15,965,598.232,1,50
15,966,610.161,1,51
15,967,621.937,1,52
15,968,634.198,1,53
15,969,5857.2,10,528
15,970,14247.6,25,1291
15,971,14260.7,25,1292
15,972,21387.8,37,1938
15,973,21398.7,37,1939
15,974,138835,243,12593
16,888,13.1577,1,1
16,892,26.8029,1,2
16,895,39.4482,1,3
16,898,52.0362,1,4
16,901,64.6965,1,5
16,904,77.3501,1,6
16,907,89.6685,1,7
16,910,102.739,1,8
16,912,115.446,1,9
16,914,128.145,1,10
16,916,140.167,1,11
16,918,153.168,1,12
16,920,165.168,1,13
16,922,177.656,1,14
16,924,190.076,1,15
16,926,202.831,1,16
16,928,217.419,1,17
16,930,230.202,1,18
16,932,242.721,1,19
16,934,254.789,1,20
16,936,266.84,1,21
16,938,278.794,1,22
16,940,289.996,1,23
16,942,303.019,1,24
16,944,315.955,1,25
16,945,328.762,1,26
16,946,341.117,1,27
16,947,353.997,1,28
16,948,367.093,1,29
16,949,380.138,1,30
16,950,393.557,1,31
16,951,406.573,1,32
16,952,421.265,1,33
16,953,434.082,1,34
16,954,446.464,1,35
16,955,459.537,1,36
16,956,471.971,1,37
16,957,485.115,1,38
16,958,497.814,1,39
16,959,511.1,1,40
16,960,523.623,1,41
16,961,536.404,1,42
16,962,549.195,1,43
16,963,562.586,1,44
16,964,575.008,1,45
16,965,586.919,1,46
16,966,599.97,1,47
16,967,1206.99,2,101
16,968,1219.51,2,102
16,969,1232.28,2,103
16,970,1244.89,2,104
16,971,10787.7,19,963
16,972,10800.4,19,964
16,973,20030.6,35,1794
16,974,55360.5,98,5042
17,879,11.8716,1,1
17,883,26.234,1,2
17,886,38.4072,1,3
17,889,50.6617,1,4
17,892,63.6717,1,5
17,895,76.1958,1,6
17,898,88.335,1,7
17,901,100.377,1,8
17,904,111.985,1,9
17,906,123.225,1,10
17,908,134.286,1,11
17,910,149.825,1,12
17,912,164.611,1,13
17,914,176.76,1,14
17,916,189.614,1,15
17,918,201.94,1,16
17,920,214.737,1,17
17,922,226.721,1,18
17,925,238.017,1,19
17,927,248.858,1,20
17,929,261.241,1,21
17,931,274.037,1,22
17,933,285.821,1,23
17,935,296.935,1,24
17,937,307.975,1,25
17,939,318.901,1,26
17,941,329.958,1,27
17,943,340.977,1,28
17,944,353.661,1,29
17,945,367.182,1,30
17,946,379.756,1,31
17,948,391.885,1,32
17,949,402.74,1,33
17,951,413.767,1,34
17,953,424.881,1,35
17,955,436.864,1,36
17,956,448.704,1,37
17,957,461.017,1,38
17,958,473.348,1,39
17,959,484.674,1,40
17,960,496.815,1,41
17,961,509.04,1,42
17,962,522.301,1,43
17,963,534.471,1,44
17,964,546.899,1,45
17,965,559.569,1,46
17,966,1724.63,3,150
17,967,4411.55,8,393
17,968,4425.75,8,394
17,969,5615.7,10,502
17,970,5626.77,10,503
17,971,5639.81,10,504
17,972,5653.11,10,505
17,973,5664.79,10,506
17,974,68083.9,117,5970
17,975,136130,232,11877
18,879,15.1654,1,1
18,883,27.5514,1,2
18,887,39.248,1,3
18,890,51.4054,1,4
18,893,63.7562,1,5
18,896,76.0276,1,6
18,899,88.0579,1,7
18,902,102.392,1,8
18,905,116.036,1,9
18,908,128.519,1,10
18,910,140.83,1,11
18,912,152.8,1,12
18,914,164.39,1,13
18,917,176.679,1,14
18,919,189.214,1,15
18,921,201.263,1,16
18,923,212.852,1,17
18,925,225.125,1,18
18,927,237.321,1,19
18,929,249.438,1,20
18,931,261.567,1,21
18,933,273.801,1,22
18,935,285.956,1,23
18,937,298.514,1,24
18,939,310.433,1,25
18,940,324.294,1,26
18,941,336.906,1,27
18,942,349.132,1,28
18,943,361.306,1,29
18,944,373.446,1,30
18,945,386.054,1,31
18,946,398.165,1,32
18,947,410.767,1,33
18,948,423.137,1,34
18,950,435.073,1,35
18,951,447.34,1,36
18,952,459.568,1,37
18,953,471.733,1,38
18,954,483.652,1,39
18,955,495.795,1,40
18,957,509.693,1,41
18,958,524.823,1,42
18,959,543.724,1,43
18,960,557.568,1,44
18,961,569.732,1,45
18,962,582.123,1,46
18,963,595.328,1,47
18,964,606.571,1,48
18,965,617.337,1,49
18,966,1723.93,3,146
18,967,4529.14,8,401
18,968,4541.29,8,402
18,969,13970.1,24,1222
18,970,13982.6,24,1223
18,971,18939.9,32,1645
18,972,18951.9,32,1646
18,973,20063.3,34,1747
18,974,20074.4,34,1748
18,975,20085.1,34,1749
18,976,20096.3,34,1750
18,977,86051.4,148,7605
18,978,126954,217,11093
19,889,10.5448,1,1
19,892,22.8522,1,2
19,895,35.1422,1,3
19,898,47.2908,1,4
19,901,58.8896,1,5
19,904,71.7982,1,6
19,907,86.7473,1,7
19,910,100.297,1,8
19,913,112.799,1,9
19,915,127.259,1,10
19,917,139.716,1,11
19,919,154.241,1,12
19,921,168.689,1,13
19,923,180.86,1,14
19,925,192.734,1,15
19,927,205.331,1,16
19,929,217.691,1,17
19,931,234.135,1,18
19,933,247.177,1,19
19,935,259.812,1,20
19,937,272.306,1,21
19,939,284.326,1,22
19,941,296.389,1,23
19,942,309.141,1,24
19,943,323.462,1,25
19,944,343.243,1,26
19,945,358.35,1,27
19,947,372.661,1,28
19,948,384.015,1,29
19,949,395.155,1,30
19,950,406.41,1,31
19,952,417.592,1,32
19,953,429.661,1,33
19,954,442.201,1,34
19,955,454.332,1,35
19,956,465.292,1,36
19,957,476.122,1,37
19,958,487.14,1,38
19,959,498.048,1,39
19,960,508.983,1,40
19,961,520.155,1,41
19,962,531.878,1,42
19,963,543.895,1,43
19,964,554.861,1,44
19,965,567.867,1,45
19,966,581.239,1,46
19,967,593.344,1,47
19,968,9519.68,15,756
19,969,9532.21,15,757
19,970,15538.6,25,1294
19,971,15549.6,25,1295
19,972,15561.1,25,1296
19,973,15573.3,25,1297
19,974,86073.5,143,7405
20,892,10.6924,1,1
20,895,23.4119,1,2
20,898,35.9573,1,3
20,901,48.8489,1,4
20,904,63.0342,1,5
20,907,75.9992,1,6
20,910,88.0796,1,7
20,913,99.6934,1,8
20,916,111.843,1,9
20,918,124.243,1,10
20,920,136.457,1,11
20,922,148.656,1,12
20,924,160.233,1,13
20,926,172.366,1,14
20,928,184.428,1,15
20,930,196.855,1,16
20,932,208.862,1,17
20,934,220.921,1,18
20,936,232.691,1,19
20,938,245.521,1,20
20,939,257.504,1,21
20,940,271.087,1,22
20,942,282.8,1,23
20,943,295.031,1,24
20,944,307.292,1,25
20,945,319.24,1,26
20,946,332.594,1,27
20,947,346.274,1,28
20,948,358.851,1,29
20,949,370.891,1,30
20,951,382.414,1,31
20,952,394.498,1,32
20,953,407.704,1,33
20,954,421.024,1,34
20,955,436.6,1,35
20,956,448.779,1,36
20,957,462.387,1,37
20,958,476.643,1,38
20,960,489.064,1,39
20,961,501.469,1,40
20,962,515.803,1,41
20,963,528.336,1,42
20,964,539.728,1,43
20,965,551.8,1,44
20,966,564.107,1,45
20,967,576.188,1,46
20,968,588.259,1,47
20,969,601.054,1,48
20,970,613.595,1,49
20,971,625.516,1,50
20,972,637.428,1,51
20,973,648.987,1,52
20,974,62979.1,101,5251
