16,1166,1058.79,68
16,1158,1839.38,126
16,1162,2783.37,196
16,1152,3640.96,259
16,1160,4644.7,332
16,1153,5468.46,392
16,1162,6263.06,450
16,1150,7045.06,507
16,1149,7754.13,559
16,1155,8630.76,623
16,1156,25638.2,674
16,1155,26419.5,734
16,1150,27192.7,793
16,1153,27969.3,851
16,1151,28714.2,908
16,1159,29524.3,971
16,1161,30417.4,1039
16,1153,31302.3,1106
16,1161,32152.3,1171
16,1158,33001.4,1236
16,1153,33789.1,1296
16,1151,34567.7,1355
16,1161,35359.4,1416
16,1155,36189,1479
16,1157,36936.4,1537
16,1158,37704.8,1596
16,1151,38331.4,1644
16,1154,39314.6,1715
16,1160,40182,1778
16,1153,40953.7,1837
16,1161,41710.8,1894
16,1157,42556.5,1959
16,1155,43287.4,2016
16,1149,43942.1,2066
16,1145,44777.5,2130
16,1156,45584,2192
16,1152,46417.4,2256
16,1160,47315,2324
16,1165,48164.7,2389
16,1166,48978.5,2452
16,1152,49776.9,2513
16,1158,50617.2,2578
16,1154,51333.7,2634
16,1160,52219.7,2702
16,1164,53046.9,2765
16,1151,53840.3,2826
16,1165,54772.4,2898
16,1161,55580.6,2961
16,1163,56390.4,3023
16,1161,57233.1,3087
16,1156,58056.4,3150
16,1164,58928.9,3215
16,1156,59807.6,3282
16,1153,60564.9,3340
16,1158,61340.8,3400
16,1162,62218.9,3466
16,1153,62963.6,3523
16,1151,63679.6,3577
16,1157,64490.3,3639
16,1161,65314.1,3702
16,1159,66154.3,3766
16,1158,67025.9,3833
16,1172,68027.5,3909
16,1156,68843.9,3972
16,1152,69536.9,4025
16,1155,70236.4,4078
16,1151,71020.1,4138
16,1153,71787.3,4197
16,1157,72540.3,4255
16,1150,73303.6,4313
16,1163,74205.3,4382
16,1157,75002.9,4443
16,1146,75645.5,4493
16,1160,76447.1,4555
16,1158,77322.7,4622
16,1159,78107.7,4683
16,1154,78893.1,4743
16,1163,79692.5,4804
16,1160,80585.5,4872
16,1153,81395.1,4935
16,1156,82254.6,5000
16,1161,83123.6,5066
16,1150,83849.4,5121
16,1157,84575.7,5176
16,1157,85387.5,5239
16,1158,86204.3,5300
16,1156,86970.2,5359
16,1153,87838.1,5425
16,1151,88611.6,5485
16,1157,89455.4,5550
16,1165,90358.8,5620
16,1161,91227.9,5687
16,1155,91932.6,5740
16,1149,92713,5801
16,1165,93756.3,5880
16,1157,94627.8,5947
16,1157,95438.3,6010
16,1164,96455.3,6087
16,1162,97359.9,6157
16,1156,98243.7,6224
16,1154,99005.5,6282
16,1158,99805.8,6343
16,1154,100663,6408
16,1156,101384,6464
16,1156,102297,6533
16,1157,103052,6591
16,1155,103778,6646
16,1152,104563,6706
16,1151,105352,6766
16,1155,106170,6828
16,1156,106918,6885
16,1155,107666,6942
16,1158,108598,7014
16,1157,109475,7082
16,1151,110256,7141
16,1158,111029,7200
16,1160,111893,7266
16,1155,112656,7324
16,1156,113336,7377
16,1159,114137,7438
16,1144,114778,7488
16,1155,115641,7553
16,1157,116490,7618
16,1159,117321,7682
16,1155,118110,7742
16,1153,118855,7800
16,1164,119723,7866
16,1150,120531,7929
16,1162,121378,7994
16,1150,122094,8049
16,1155,122921,8113
16,1163,123735,8176
16,1156,124584,8241
16,1160,125347,8300
16,1151,126163,8363
16,1154,126921,8421
16,1155,127711,8480
16,1148,128492,8537
16,1160,129583,8602
16,1162,131185,8662
16,1156,132083,8727
16,1156,133029,8793
16,1152,133792,8849
16,1157,135099,8909
16,1160,135872,8962
16,1157,136753,9023
16,1161,138019,9084
16,1158,138888,9145
16,1164,139855,9212
16,1156,140729,9271
16,1157,141779,9334
16,1152,142493,9386
16,1165,143431,9456
16,1157,144272,9515
16,1161,145114,9579
16,1158,146015,9647
16,1154,146876,9712
16,1150,147602,9766
16,1159,148437,9830
16,1162,149317,9897
17,1144,827.109,54
17,1153,1822.14,113
17,1158,2665.23,175
17,1157,3502.44,238
17,1162,4376.8,303
17,1162,5269.84,370
17,1168,6179.29,438
17,1156,6979.51,500
17,1156,7787.64,561
17,1159,8670.21,628
17,1162,9518.95,692
17,1160,10278.6,749
17,1153,11049,808
17,1156,11911.6,873
17,1161,12819.7,942
17,1156,13662.9,1005
17,1153,14434,1063
17,1158,15281.6,1128
17,1148,16017.2,1184
17,1150,16744.3,1239
17,1159,17565.5,1300
17,1164,18488.4,1370
17,1148,19285.4,1429
17,1152,20091.5,1489
17,1158,20863,1548
17,1158,21477.1,1595
17,1157,22229,1652
17,1157,23143.2,1721
17,1142,23796.7,1771
17,1161,24664.2,1837
17,1163,25543.9,1904
17,1154,26362.8,1965
17,1155,27181.7,2027
17,1153,27947.7,2085
17,1160,28776.2,2147
17,1156,29574.9,2207
17,1158,30396.3,2269
17,1152,31173.3,2329
17,1156,31916.5,2385
17,1155,32705.7,2445
17,1154,33363.4,2495
17,1162,34242.7,2561
17,1156,35202.5,2634
17,1155,36093,2701
17,1155,36958,2768
17,1154,37595.9,2816
17,1154,38414.9,2878
17,1159,39245.7,2941
17,1150,40021.2,3000
17,1159,40878.4,3065
17,1160,41659.3,3123
17,1158,42537.6,3189
17,1153,43315,3249
17,1157,44194.1,3315
17,1155,45074.5,3381
17,1154,45827.9,3438
17,1153,46648.5,3500
17,1164,47464.3,3562
17,1156,48290.9,3625
17,1161,49076.2,3686
17,1155,49774.9,3738
17,1160,50571.6,3799
17,1152,51224.2,3849
17,1149,51983.6,3907
17,1161,52946.6,3980
17,1151,53746.8,4040
17,1156,54559.5,4102
17,1154,55269.5,4157
17,1161,56055.8,4216
17,1147,56777.7,4270
17,1158,57536.4,4328
17,1154,58366,4391
17,1160,59157.1,4452
17,1148,59942.1,4511
17,1164,60733.7,4571
17,1156,61538.6,4632
17,1150,62398.8,4697
17,1159,63143.7,4754
17,1152,63927.2,4813
17,1153,64697,4871
17,1157,65518.9,4933
17,1157,66417.3,5001
17,1155,67255.6,5065
17,1161,68112.1,5130
17,1152,68912.5,5190
17,1156,69693.6,5249
17,1159,70580.9,5317
17,1165,71421.2,5381
17,1158,72240.6,5444
17,1159,73093.1,5509
17,1159,73878.2,5568
17,1164,74774.6,5636
17,1155,75534,5694
17,1152,76358.4,5757
17,1158,77144.3,5817
17,1164,78074.2,5887
17,1153,78812.4,5943
17,1148,79524.1,5996
17,1161,80398.6,6063
17,1153,81025.6,6111
17,1158,81809.9,6170
17,1159,82615.6,6231
17,1161,83605.4,6306
17,1157,84474.6,6372
17,1166,85399.5,6443
17,1160,86326.3,6513
17,1156,87056.6,6569
17,1154,87755.5,6622
17,1167,88677.8,6692
17,1153,89418.3,6748
17,1162,90383.7,6821
17,1160,91304.1,6891
17,1153,92120.4,6953
17,1156,93029.1,7022
17,1157,93827.7,7083
17,1161,94576,7139
17,1154,95361.6,7199
17,1171,96310.7,7271
17,1165,97239.6,7343
17,1153,98106.4,7408
17,1154,98968.1,7472
17,1162,99739.4,7530
17,1154,100480,7585
17,1151,101274,7645
17,1153,102052,7702
17,1159,102914,7768
17,1153,103654,7823
17,1157,104428,7882
17,1163,105273,7946
17,1147,105984,8000
17,1157,106811,8063
17,1148,107476,8113
17,1159,108317,8177
17,1163,109184,8243
17,1154,109919,8299
17,1149,110690,8357
17,1157,111590,8425
17,1158,112423,8488
17,1144,113032,8535
17,1149,113796,8590
17,1159,114600,8650
17,1159,115373,8707
17,1163,116359,8780
17,1155,117143,8839
17,1150,117955,8898
17,1146,118628,8947
17,1153,119553,9016
17,1150,120326,9073
17,1167,121217,9139
17,1155,122251,9215
17,1157,123143,9281
17,1153,123992,9343
17,1156,124956,9415
17,1152,125814,9478
17,1154,126525,9531
17,1155,127353,9593
17,1148,128225,9657
17,1161,129072,9721
17,1168,130105,9799
17,1160,131045,9869
17,1152,131876,9931
17,1158,132721,9993
17,1160,133530,10054
17,1157,134327,10112
17,1161,135237,10178
17,1159,136143,10246
17,1154,136986,10309
17,1151,137766,10367
17,1165,138752,10439
17,1162,139515,10495
17,1158,140310,10554
17,1162,141183,10619
17,1165,142141,10688
17,1158,143001,10753
17,1159,143861,10816
17,1154,144735,10880
17,1152,145585,10944
17,1152,146469,11011
17,1150,147237,11067
17,1152,148001,11124
17,1161,148977,11196
17,1152,149782,11255
18,1166,978.783,68
18,1169,1964.79,141
18,1158,2813.12,204
18,1153,3594.65,261
18,1163,4486.18,327
18,1157,5285.15,386
18,1158,6097.75,446
18,1162,6980.13,513
18,1153,7735.66,568
18,1157,8547.2,627
18,1155,9465.5,695
18,1155,10247.6,754
18,1160,11139.3,820
18,1160,12154.5,894
18,1158,13061.7,962
18,1155,14048.8,1031
18,1155,14864.2,1091
18,1154,15801.5,1161
18,1161,16792.1,1235
18,1151,17439.9,1283
18,1153,18214.4,1340
18,1164,19121,1406
18,1160,19987.7,1470
18,1152,20733.5,1525
18,1151,21453,1577
18,1164,22490.4,1655
18,1165,23453.2,1724
18,1156,24229.1,1782
18,1156,25048.5,1841
18,1153,25953.5,1907
18,1158,26780.1,1969
18,1153,27598.2,2030
18,1155,28386.9,2089
18,1162,29279.8,2155
18,1161,30216.2,2224
18,1162,31154.1,2293
18,1156,32063.3,2361
18,1161,32838.5,2419
18,1149,33640.4,2477
18,1154,34453.3,2533
18,1143,35118.8,2583
18,1156,35952.8,2643
18,1160,36827,2708
18,1160,37777.2,2778
18,1153,38494.3,2832
18,1156,39295.6,2891
18,1166,40265.8,2962
18,1156,41206.5,3031
18,1154,41983.8,3089
18,1156,42878.1,3156
18,1153,43733.1,3218
18,1160,44647,3285
18,1155,45452.4,3341
18,1156,46369.6,3410
18,1145,47121.2,3464
18,1153,47910.9,3522
18,1153,48641.3,3576
18,1158,49455.1,3637
18,1146,50213.5,3693
18,1151,50951.6,3749
18,1163,51781.2,3810
18,1155,52619.2,3872
18,1154,53452.5,3932
18,1160,54357.2,3999
18,1152,55217.3,4062
18,1155,56046.6,4122
18,1151,56843.1,4181
18,1157,57648,4240
18,1160,58514.9,4303
18,1152,59326.4,4363
18,1170,60296.9,4435
18,1157,61238.6,4504
18,1154,62052.9,4565
18,1160,63045,4636
18,1153,63871.8,4698
18,1154,64607.3,4751
18,1150,65285.8,4801
18,1152,66056.6,4858
18,1152,66813.4,4915
18,1159,67681.9,4978
18,1154,68452.2,5034
18,1153,69365.3,5101
18,1151,70211.7,5163
18,1151,71044.8,5223
18,1152,71890.6,5286
18,1156,72786.2,5352
18,1154,73655.4,5415
18,1158,74460,5475
18,1159,75368.3,5541
18,1151,76046.1,5591
18,1155,76802,5647
18,1153,77638.2,5708
18,1150,78513.5,5772
18,1160,79306.6,5830
18,1156,80151.1,5894
18,1157,80965,5955
18,1162,81765.2,6015
18,1154,82563.4,6073
18,1161,83496.1,6142
18,1150,84282.5,6200
18,1156,85166,6266
18,1153,85906.6,6321
18,1152,86716.1,6380
18,1158,87621.6,6447
18,1154,88429.6,6507
18,1156,89292.4,6572
18,1150,90118.5,6632
18,1162,90873.6,6689
18,1154,91689.2,6748
18,1156,92577.4,6813
18,1160,93466.5,6879
18,1162,94285.5,6940
18,1161,95119.4,7002
18,1147,95866.9,7057
18,1156,96683.8,7119
18,1150,97452,7175
18,1160,98274.5,7236
18,1147,99045.7,7291
18,1151,99867.1,7352
18,1156,100753,7417
18,1150,101544,7473
18,1158,102467,7541
18,1162,103275,7601
18,1161,104119,7664
18,1160,105040,7730
18,1153,105903,7794
18,1146,106654,7849
18,1157,107459,7908
18,1157,108338,7972
18,1155,109234,8037
18,1152,110038,8095
18,1159,110961,8165
18,1155,111762,8224
18,1150,112466,8277
18,1155,113236,8334
18,1147,114059,8395
18,1155,114949,8459
18,1167,115840,8525
18,1156,116643,8584
18,1156,117387,8638
18,1160,118292,8705
18,1161,119275,8777
18,1161,120181,8845
18,1156,121012,8904
18,1156,121949,8972
18,1158,122810,9036
18,1168,123868,9114
18,1163,124804,9183
18,1156,125558,9239
18,1162,126372,9300
18,1159,127228,9363
18,1157,128099,9426
18,1158,129043,9494
18,1151,129762,9547
18,1152,130606,9609
18,1154,131438,9671
18,1153,132212,9727
18,1166,133043,9787
18,1155,133966,9852
18,1161,134948,9921
18,1160,135778,9983
18,1163,136683,10051
18,1156,137559,10112
18,1152,138274,10164
18,1162,139134,10228
18,1160,140059,10295
18,1161,140966,10362
18,1165,141965,10434
18,1151,142841,10500
18,1154,143638,10558
18,1155,144557,10625
18,1152,145372,10686
18,1156,146309,10755
18,1168,147223,10823
18,1153,148090,10886
18,1158,149081,10960
18,1159,149949,11024
19,1168,952.244,59
19,1157,1949.91,119
19,1162,2938.26,189
19,1156,3878.38,255
19,1166,4703.36,317
19,1159,5645.18,387
19,1165,6554.47,456
19,1155,7362.7,514
19,1154,8113.26,571
19,1156,8942.98,631
19,1155,9750.47,690
19,1158,10629.8,754
19,1146,11375.5,808
19,1158,12291.2,877
19,1156,13034.8,931
19,1160,13907.8,996
19,1156,14769.3,1059
19,1152,15580.2,1118
19,1156,16408.1,1179
19,1162,17470.7,1257
19,1155,18276.3,1314
19,1156,19126,1377
19,1158,19939.3,1436
19,1153,20860.8,1503
19,1164,21700.5,1566
19,1154,22530.6,1628
19,1155,23293.3,1685
19,1151,24063.4,1742
19,1160,24877.4,1800
19,1159,25799,1868
19,1154,26482.6,1919
19,1152,27360.8,1982
19,1155,28049.2,2033
19,1160,28984.6,2102
19,1159,29827,2165
19,1159,30612.2,2224
19,1155,31438.9,2284
19,1156,32268.9,2345
19,1155,33063.9,2403
19,1155,33874.2,2464
19,1159,34688.4,2525
19,1164,35694.1,2598
19,1158,36590.6,2665
19,1146,37274.4,2716
19,1156,37944.8,2766
19,1162,38714.4,2824
19,1157,39547.3,2886
19,1155,40391.7,2949
19,1155,41282,3011
19,1156,42156.7,3076
19,1163,43035.9,3142
19,1163,43878.2,3204
19,1151,44870.8,3274
19,1148,45828.8,3342
19,1158,46637.8,3403
19,1161,47595.3,3475
19,1153,48515.9,3543
19,1146,49282.1,3600
19,1162,50266.1,3670
19,1156,51063.2,3730
19,1154,51968.9,3795
19,1155,52888,3854
19,1150,53667.9,3910
19,1148,54481.4,3971
19,1161,55514.6,4048
19,1165,56423.7,4115
19,1161,57360.2,4183
19,1154,58188.5,4245
19,1153,59031.6,4307
19,1157,59781.7,4362
19,1156,60672.5,4428
19,1161,61562.6,4494
19,1159,62421.6,4558
19,1162,63312.9,4625
19,1158,64172.7,4688
19,1158,65017.3,4750
19,1152,65781.1,4806
19,1156,66782.4,4879
19,1154,67656.3,4944
19,1158,68494.4,5007
19,1170,69436.4,5076
19,1160,70276.6,5140
19,1154,71000.4,5194
19,1160,71819.6,5255
19,1157,72672.4,5319
19,1153,73456.4,5378
19,1154,74180.2,5432
19,1153,75036.8,5497
19,1154,75781.3,5550
19,1152,76611,5611
19,1155,77308.6,5662
19,1159,78193.2,5728
19,1156,79025.7,5790
19,1158,79781.5,5847
19,1153,80514.6,5901
19,1156,81275.6,5957
19,1144,81880,6001
19,1155,82780.2,6068
19,1149,83655.6,6133
19,1160,84372.1,6186
19,1158,85176.6,6246
19,1153,85907.1,6301
19,1148,86660.6,6357
19,1169,87826.1,6433
19,1155,88624.2,6493
19,1158,89349.5,6546
19,1168,90279.9,6615
19,1156,91062.6,6673
19,1156,91938.3,6737
19,1150,92624.1,6787
19,1156,93437.3,6847
19,1158,94219.9,6906
19,1150,95016.8,6966
19,1162,95984.8,7038
19,1147,96779.5,7094
19,1151,97608.4,7156
19,1155,98526.3,7221
19,1163,99403.7,7286
19,1158,100281,7351
19,1163,101188,7419
19,1152,101912,7473
19,1159,102781,7536
19,1152,103655,7601
19,1161,104478,7662
19,1153,105293,7723
19,1160,106224,7793
19,1152,107063,7855
19,1164,108063,7930
19,1158,109033,8001
19,1162,109955,8070
19,1152,110715,8127
19,1160,111670,8198
19,1154,112490,8259
19,1155,113375,8324
19,1154,114190,8386
19,1154,114985,8445
19,1150,115723,8500
19,1155,116591,8565
19,1160,117435,8628
19,1147,118275,8691
19,1156,119238,8763
19,1160,120032,8822
19,1151,120671,8870
19,1154,121526,8934
19,1154,122279,8990
19,1156,123111,9053
19,1162,123874,9110
19,1159,124685,9171
19,1159,125622,9240
19,1154,126437,9301
19,1160,127320,9367
19,1156,128279,9436
19,1157,129094,9497
19,1155,129873,9555
19,1160,130685,9616
19,1158,131483,9675
19,1159,132356,9740
19,1160,133193,9803
19,1157,133955,9860
19,1150,134670,9913
19,1158,135517,9976
19,1152,136271,10033
19,1153,137001,10088
19,1167,137938,10158
19,1152,138656,10211
19,1155,139481,10271
19,1163,140465,10344
19,1156,141371,10409
19,1160,142278,10474
19,1159,143082,10534
19,1161,143986,10601
19,1158,144733,10658
19,1159,145591,10721
19,1161,146441,10784
19,1154,147182,10839
19,1154,147887,10892
19,1153,148719,10954
19,1155,149575,11017
20,1162,934.216,64
20,1158,1811.4,130
20,1158,2626.46,190
20,1153,3424.36,247
20,1161,4268.43,310
20,1163,5131.55,374
20,1158,5964.22,436
20,1161,6812.64,499
20,1157,7673.87,564
20,1162,8580.15,631
20,1153,9314.65,685
20,1153,10250.4,755
20,1161,11173,823
20,1165,12108.6,893
20,1151,12873.4,949
20,1156,13674.3,1007
20,1156,14428.7,1062
20,1155,15298.9,1127
20,1157,16252.4,1198
20,1154,17128.1,1261
20,1152,18081.1,1329
20,1150,18750.3,1379
20,1155,19674.5,1447
20,1155,20495.9,1509
20,1164,21439.4,1580
20,1164,22375.4,1650
20,1157,23252.5,1714
20,1154,24126.9,1775
20,1154,24993,1839
20,1155,25808.2,1899
20,1169,26747.6,1967
20,1162,27645.1,2035
20,1157,28469.1,2095
20,1157,29326,2158
20,1165,30241.7,2225
20,1148,30917.6,2274
20,1153,31739.8,2335
20,1157,32575.7,2397
20,1148,33314.2,2453
20,1158,34175.5,2517
20,1159,35174.5,2590
20,1149,35860.5,2641
20,1153,36564.1,2694
20,1154,37440,2758
20,1157,38345.7,2825
20,1151,39121.4,2883
20,1163,40034.1,2951
20,1154,40896.5,3015
20,1155,41689.6,3073
20,1156,42505.6,3135
20,1151,43267.1,3191
20,1159,44116.7,3255
20,1152,44896.7,3312
20,1151,45610.5,3365
20,1155,46424,3425
20,1157,47235.2,3485
20,1154,47989.6,3542
20,1163,48761.5,3598
20,1151,49580.3,3658
20,1157,50390.8,3718
20,1152,51203.6,3778
20,1149,51969.2,3835
20,1161,52652.4,3884
20,1152,53330.1,3934
20,1160,54329.6,4010
20,1159,55266.3,4079
20,1165,56163,4145
20,1155,57009.9,4209
20,1156,57853.4,4272
20,1155,58719.1,4336
20,1156,59579.4,4398
20,1155,60376.2,4457
20,1152,61172.3,4515
20,1158,61907.9,4570
20,1150,62516.7,4616
20,1150,63292.3,4674
20,1160,64260.4,4745
20,1155,65139.9,4809
20,1161,66078.9,4876
20,1153,66938.7,4939
20,1159,67839.3,5006
20,1160,68675.8,5065
20,1166,69718.3,5142
20,1156,70437.7,5195
20,1158,71366.9,5263
20,1161,72316.2,5333
20,1160,73251.4,5402
20,1155,73991.4,5458
20,1156,74812.8,5518
20,1159,75671.4,5578
20,1156,76471.5,5638
20,1155,77129.5,5687
20,1160,77933.7,5746
20,1162,78773.1,5808
20,1156,79503.5,5863
20,1148,80249.3,5919
20,1146,80903.7,5968
20,1162,81671.1,6021
20,1157,82574.2,6087
20,1162,83452.1,6152
20,1151,84225.5,6210
20,1152,85044.7,6271
20,1144,85728.6,6322
20,1148,86496.4,6380
20,1156,87475.3,6453
20,1152,88284.8,6514
20,1155,88992.5,6566
20,1160,89888.7,6632
20,1145,90674.6,6690
20,1158,91494.5,6752
20,1151,92283.8,6810
20,1163,93250.4,6881
20,1154,94094.5,6944
20,1149,94917.1,7003
20,1152,95809.1,7068
20,1152,96682.6,7133
20,1160,97499.7,7193
20,1154,98389.6,7259
20,1156,99280.4,7324
20,1163,100171,7390
20,1159,101006,7452
20,1157,101917,7521
20,1162,102796,7587
20,1153,103577,7642
20,1159,104436,7704
20,1161,105280,7765
20,1164,106266,7837
20,1160,107265,7911
20,1158,108077,7969
20,1160,108952,8035
20,1155,109742,8093
20,1154,110577,8153
20,1162,111312,8208
20,1152,112171,8271
20,1150,113026,8334
20,1153,113859,8395
20,1167,114717,8459
20,1156,115577,8522
20,1163,116501,8591
20,1156,117390,8657
20,1167,118436,8736
20,1158,119283,8798
20,1153,120201,8866
20,1153,121006,8926
20,1156,121903,8993
20,1161,122795,9059
20,1150,123669,9121
20,1161,124603,9192
20,1154,125372,9249
20,1154,126169,9309
20,1158,127139,9378
20,1156,128076,9446
20,1158,129077,9520
20,1155,129796,9572
20,1156,130704,9639
20,1160,131576,9702
20,1163,132357,9759
20,1156,133201,9821
20,1155,134075,9884
20,1157,134950,9949
20,1157,135744,10008
20,1161,136594,10072
20,1159,137356,10129
20,1153,138170,10188
20,1166,139223,10266
20,1152,139885,10315
20,1154,140686,10375
20,1156,141451,10431
20,1163,142360,10498
20,1156,143153,10556
20,1163,144217,10635
20,1158,145082,10700
20,1158,145950,10764
20,1160,146786,10826
20,1156,147450,10875
20,1156,148328,10939
20,1156,149257,11008
1,1155,767.612,51
1,1159,1555.74,109
1,1159,2403.47,173
1,1153,3209.71,234
1,1157,4096.69,300
1,1161,5036.62,371
1,1159,5883.28,434
1,1162,6710.49,496
1,1161,7619.49,564
1,1162,8529.13,632
1,1157,9378.94,695
1,1154,10267.1,761
1,1150,10914,810
1,1164,11618.2,862
1,1164,12497,928
1,1150,13170.5,979
1,1161,13900,1033
1,1149,14637.1,1089
1,1143,15475.9,1152
1,1158,16358.4,1218
1,1151,17043.1,1269
1,1161,17864.4,1330
1,1158,18636.9,1388
1,1163,19438.5,1448
1,1147,20267.2,1510
1,1155,21086.3,1572
1,1155,21994.4,1640
1,1154,22698.3,1693
1,1155,23514.2,1755
1,1152,24472.5,1827
1,1153,25234.5,1884
1,1151,26062.2,1946
1,1148,26727.2,1996
1,1151,27474.8,2052
1,1157,28296.9,2113
1,1153,29084.4,2172
1,1160,29993.1,2239
1,1158,30757.8,2297
1,1155,31460.3,2350
1,1154,32253.5,2409
1,1155,32956.8,2462
1,1160,33808.1,2526
1,1151,34620.5,2587
1,1161,35483.2,2652
1,1153,36246.3,2709
1,1162,36935.6,2761
1,1153,37781,2825
1,1158,38617.2,2888
1,1154,39400.7,2946
1,1159,40385.4,3019
1,1166,41366.6,3092
1,1151,42064.7,3144
1,1161,42963.5,3212
1,1153,43713.1,3268
1,1153,44590.5,3334
1,1150,45355,3391
1,1148,46094.5,3446
1,1159,46991,3513
1,1156,47782.9,3573
1,1151,48591.2,3633
1,1155,49425.2,3696
1,1150,50216.4,3755
1,1160,51092,3821
1,1154,51855.7,3878
1,1161,52745.9,3945
1,1159,53580.8,4008
1,1157,54428,4071
1,1150,55177.3,4127
1,1159,56020.4,4190
1,1160,56925.2,4253
1,1157,57804.4,4311
1,1161,58571.8,4368
1,1153,59492.9,4438
1,1156,60258.6,4495
1,1156,61117,4560
1,1153,61902.8,4617
1,1159,62809.1,4685
1,1157,63556.4,4741
1,1152,64331.6,4799
1,1150,65187.4,4858
1,1158,66046.2,4922
1,1154,66815.8,4980
1,1157,67690.3,5045
1,1156,68630.2,5115
1,1156,69442.1,5176
1,1153,70268,5238
1,1157,71101.5,5301
1,1159,71873.4,5359
1,1159,72676.7,5419
1,1160,73499.8,5481
1,1153,74305.1,5541
1,1162,75390.7,5623
1,1152,76168.9,5681
1,1160,76992.3,5743
1,1154,77770.5,5801
1,1159,78602.8,5863
1,1156,79441.6,5926
1,1152,80193.5,5982
1,1150,80933.8,6038
1,1157,81717.1,6096
1,1155,82514.2,6156
1,1161,83385.7,6222
1,1159,84202.9,6283
1,1155,85089.5,6350
1,1153,85861.6,6408
1,1160,86740.5,6474
1,1147,87526.2,6533
1,1158,88415.1,6599
1,1156,89222.7,6660
1,1158,90050.2,6722
1,1159,90881.7,6785
1,1152,91626.3,6841
1,1163,92519.5,6908
1,1157,93352.5,6970
1,1156,94172.1,7031
1,1163,95085.7,7100
1,1152,95930.4,7163
1,1162,96839.7,7232
1,1156,97715.8,7298
1,1162,98631.4,7367
1,1156,99417.1,7426
1,1147,100101,7477
1,1159,100974,7543
1,1163,101803,7605
1,1164,102713,7673
1,1163,103519,7733
1,1156,104375,7797
1,1156,105143,7855
1,1165,106032,7920
1,1159,106868,7985
1,1157,107611,8042
1,1165,108487,8110
1,1154,109317,8173
1,1156,110043,8229
1,1151,110800,8287
1,1161,111671,8354
1,1161,112445,8413
1,1160,113174,8469
1,1165,114083,8539
1,1152,114784,8592
1,1156,115505,8648
1,1154,116219,8703
1,1163,117153,8775
1,1159,118036,8840
1,1154,118864,8904
1,1159,119670,8962
1,1162,120482,9023
1,1162,121434,9096
1,1158,122278,9160
1,1151,123084,9222
1,1151,123845,9279
1,1156,124594,9336
1,1157,125422,9400
1,1157,126311,9468
1,1162,127136,9531
1,1157,127935,9591
1,1157,128605,9642
1,1155,129314,9697
1,1156,130082,9755
1,1152,130885,9815
1,1160,131827,9886
1,1158,132574,9944
1,1167,133562,10018
1,1155,134345,10078
1,1157,135158,10140
1,1152,135897,10196
1,1153,136692,10254
1,1155,137527,10318
1,1152,138309,10377
1,1154,139175,10443
1,1159,140019,10506
1,1157,140925,10573
1,1152,141693,10631
1,1163,142534,10692
1,1142,143204,10743
1,1153,143968,10801
1,1155,144695,10856
1,1160,145525,10919
1,1165,146494,10993
1,1165,147405,11061
1,1162,148171,11120
1,1155,149024,11184
1,1158,149891,11250
2,1150,816.616,55
2,1158,1626.22,115
2,1154,2361.62,171
2,1158,3180.45,234
2,1153,3936.86,292
2,1161,4944.85,368
2,1148,5599.73,418
2,1160,6401.34,477
2,1155,7117.37,531
2,1152,7809.74,585
2,1157,8537.51,639
2,1161,9399.39,702
2,1155,10133.1,757
2,1154,10961.9,817
2,1151,11742.6,874
2,1151,12469.2,929
2,1151,13308.2,992
2,1158,14134,1054
2,1162,14989.3,1121
2,1160,15746.5,1177
2,1161,16712.2,1250
2,1157,17480.3,1310
2,1157,18399.4,1378
2,1156,19257.9,1443
2,1154,20023.7,1501
2,1153,20788.5,1560
2,1153,21469.8,1612
2,1156,22258.1,1672
2,1156,23061.9,1733
2,1151,23894.8,1797
2,1151,24605.5,1851
2,1157,25351.4,1908
2,1154,26087.3,1963
2,1152,27011,2033
2,1158,27934.3,2101
2,1158,28835.6,2169
2,1148,29553.8,2223
2,1158,30431.5,2289
2,1163,31264.6,2352
2,1163,32163.9,2419
2,1163,33022.6,2483
2,1154,33991.2,2556
2,1158,34900.3,2624
2,1150,35559,2673
2,1164,36507.6,2743
2,1163,37320.2,2805
2,1151,38027.6,2858
2,1153,38746.4,2913
2,1153,39489,2970
2,1154,40290.4,3030
2,1149,41024.7,3084
2,1156,41867.8,3148
2,1161,42687.9,3210
2,1165,43650.8,3283
2,1161,44543.3,3351
2,1164,45388,3416
2,1151,46079.3,3469
2,1159,46927.6,3534
2,1146,47653,3589
2,1161,48492,3652
2,1152,49117.1,3699
2,1158,49929.1,3760
2,1158,50725.9,3821
2,1161,51539.9,3884
2,1154,52216,3935
2,1150,52949.9,3990
2,1155,53821,4057
2,1151,54600.3,4116
2,1157,55444.8,4180
2,1163,56349.3,4250
2,1158,57210.9,4315
2,1158,58001.4,4375
2,1161,58871.5,4441
2,1158,59647.6,4499
2,1148,60421.4,4557
2,1154,61256.2,4621
2,1153,61959.5,4674
2,1156,62683,4730
2,1161,63565.6,4795
2,1156,64438.4,4860
2,1159,65262.1,4923
2,1150,66013.5,4979
2,1153,66851.5,5043
2,1155,67666.1,5104
2,1154,68503.5,5169
2,1153,69316.1,5230
2,1159,70130.3,5293
2,1156,71039.7,5361
2,1158,71835.6,5421
2,1159,72585.1,5477
2,1162,73478.5,5545
2,1153,74221.1,5601
2,1152,74945.8,5656
2,1159,75794.7,5720
2,1160,76637.6,5784
2,1155,77404.9,5842
2,1151,78183.9,5900
2,1156,79011.3,5962
2,1148,79778.1,6020
2,1151,80575.2,6079
2,1145,81245.5,6130
2,1159,82136.8,6194
2,1154,82949.3,6256
2,1153,83789.7,6318
2,1157,84569.6,6378
2,1158,85398.6,6440
2,1155,86227.4,6503
2,1155,86976.3,6560
2,1160,87772.8,6620
2,1160,88666.5,6688
2,1160,89426.7,6745
2,1153,90242.6,6806
2,1166,90974.5,6861
2,1157,91847,6926
2,1165,92651.7,6987
2,1150,93368.1,7040
2,1157,94119.9,7097
2,1154,94979.7,7162
2,1159,95892.5,7231
2,1158,96595.1,7285
2,1160,97419,7347
2,1156,98164.1,7403
2,1158,98931.2,7461
2,1160,99768.2,7524
2,1157,100571,7585
2,1156,101385,7647
2,1164,102325,7719
2,1161,103137,7780
2,1164,103949,7841
2,1150,104744,7901
2,1154,105461,7955
2,1158,106213,8013
2,1152,106895,8064
2,1164,107746,8127
2,1159,108697,8196
2,1149,109337,8244
2,1150,110074,8300
2,1152,110830,8357
2,1153,111606,8416
2,1150,112443,8478
2,1154,113244,8539
2,1160,114163,8608
2,1151,114999,8671
2,1164,115954,8745
2,1156,116777,8807
2,1155,117656,8873
2,1157,118435,8933
2,1152,119223,8993
2,1162,120149,9063
2,1154,120930,9122
2,1155,121871,9193
2,1158,122669,9254
2,1158,123420,9312
2,1155,124237,9373
2,1160,125029,9433
2,1154,125859,9496
2,1158,126608,9553
2,1156,127309,9606
2,1161,128226,9675
2,1161,129058,9738
2,1157,129856,9798
2,1156,130737,9866
2,1158,131634,9933
2,1158,132495,9997
2,1152,133298,10058
2,1158,134118,10120
2,1149,134771,10170
2,1156,135643,10232
2,1166,136563,10299
2,1152,137232,10349
2,1161,137966,10404
2,1152,138755,10465
2,1147,139509,10520
2,1153,140448,10591
2,1159,141289,10655
2,1159,142022,10711
2,1160,142852,10774
2,1161,143683,10837
2,1151,144467,10897
2,1163,145353,10963
2,1160,146312,11035
2,1149,146995,11088
2,1155,147825,11151
2,1167,148802,11224
2,1150,149662,11288
3,1157,900.401,61
3,1148,1641.17,117
3,1160,2453.88,179
3,1159,3352.86,245
3,1157,4218.08,310
3,1148,5015.93,369
3,1153,5796.86,428
3,1165,6628.17,489
3,1157,7480.88,554
3,1155,8299.71,617
3,1158,9152.84,681
3,1154,9949.08,741
3,1151,10706.6,799
3,1163,11675.4,872
3,1147,12304.6,921
3,1158,13144.9,984
3,1161,14041.6,1050
3,1151,14682.6,1099
3,1158,15543,1162
3,1149,16338.4,1223
3,1153,17131.2,1282
3,1161,17965.2,1345
3,1148,18745.5,1401
3,1172,19656.2,1469
3,1150,20444.9,1530
3,1159,21229.3,1589
3,1150,21854,1636
3,1153,22611.9,1694
3,1151,23342.7,1749
3,1156,24135.8,1809
3,1163,24956.2,1872
3,1162,25841.1,1939
3,1155,26618.3,1998
3,1159,27411.9,2058
3,1159,28167.4,2113
3,1158,29026.7,2178
3,1148,29726.5,2232
3,1148,30442.6,2286
3,1153,31249.4,2347
3,1149,31996.2,2401
3,1167,32921.4,2471
3,1158,33701.8,2529
3,1158,34595.2,2596
3,1150,35252.9,2646
3,1162,36106,2710
3,1149,36809.2,2761
3,1161,37700.1,2827
3,1155,38481.1,2886
3,1158,39292.9,2947
3,1153,40028.3,3003
3,1153,40808.8,3063
3,1158,41681.8,3128
3,1156,42544.7,3194
3,1157,43244,3248
3,1163,44141.7,3313
3,1160,44986.5,3377
3,1161,45948.4,3448
3,1156,46856.3,3516
3,1152,47591.6,3573
3,1159,48414,3635
3,1145,49178.2,3694
3,1161,50153,3767
3,1153,50936.4,3827
3,1154,51735.2,3885
3,1161,52461.1,3941
3,1152,53292.2,4002
3,1157,54110.9,4063
3,1158,55010.9,4130
3,1158,55864,4194
3,1159,56776.1,4259
3,1160,57872.5,4329
3,1153,58638.1,4387
3,1156,59513,4453
3,1153,60306.3,4513
3,1159,61093.1,4573
3,1164,62015.1,4642
3,1159,62929.1,4712
3,1153,63744.2,4774
3,1158,64485,4829
3,1160,65409.6,4900
3,1150,66226.9,4961
3,1154,67076,5022
3,1154,67918.8,5084
3,1156,68686.7,5141
3,1159,69444.3,5199
3,1155,70144.6,5252
3,1148,70891.5,5309
3,1154,71713,5371
3,1157,72544.3,5434
3,1164,73448.5,5500
3,1162,74304.2,5565
3,1156,75167.6,5629
3,1154,75895.7,5684
3,1157,76702.3,5743
3,1160,77485,5801
3,1160,78380.9,5869
3,1155,79114.1,5924
3,1158,79958.1,5987
3,1159,80717.7,6044
3,1150,81481.7,6101
3,1157,82356.6,6166
3,1150,83012.1,6215
3,1155,83809,6275
3,1160,84684.9,6341
3,1162,85667.6,6413
3,1157,86445.1,6471
3,1154,87154.6,6525
3,1161,87899.5,6582
3,1158,88687.4,6641
3,1161,89621.8,6711
3,1154,90341.5,6764
3,1163,91198.2,6828
3,1169,92104.9,6894
3,1162,92871.1,6953
3,1153,93695.1,7014
3,1153,94470.6,7072
3,1156,95312.7,7134
3,1166,96151.6,7196
3,1156,97002.4,7260
3,1170,97923.5,7329
3,1161,98652.3,7383
3,1160,99533.1,7447
3,1160,100406,7512
3,1157,101152,7569
3,1158,101955,7629
3,1154,102714,7686
3,1156,103547,7748
3,1162,104435,7815
3,1154,105263,7878
3,1161,106056,7937
3,1154,106803,7993
3,1158,107653,8057
3,1163,108554,8124
3,1153,109449,8192
3,1159,110237,8251
3,1161,111019,8304
3,1160,111854,8361
3,1159,112667,8421
3,1145,113423,8479
3,1156,114356,8546
3,1158,115231,8612
3,1156,116027,8672
3,1155,116855,8735
3,1160,117653,8796
3,1153,118480,8858
3,1149,119245,8916
3,1153,120072,8977
3,1164,120863,9037
3,1154,121741,9103
3,1163,122525,9163
3,1158,123200,9214
3,1162,124106,9282
3,1155,124828,9336
3,1160,125668,9398
3,1153,126448,9457
3,1167,127342,9526
3,1159,128248,9594
3,1151,128943,9648
3,1146,129711,9705
3,1152,130480,9764
3,1163,131448,9836
3,1156,132292,9899
3,1160,133073,9959
3,1151,133839,10016
3,1151,134589,10072
3,1159,135355,10129
3,1157,136129,10188
3,1163,137026,10256
3,1158,137849,10317
3,1160,138656,10377
3,1159,139445,10436
3,1156,140189,10491
3,1161,141010,10553
3,1163,141729,10607
3,1158,142559,10669
3,1160,143373,10731
3,1170,144372,10805
3,1157,145156,10864
3,1152,145922,10923
3,1165,146912,10998
3,1156,147695,11058
3,1153,148555,11122
3,1157,149422,11185
4,1168,965.369,66
4,1155,1831.49,131
4,1162,2683.54,192
4,1159,3598.57,256
4,1151,4354.98,312
4,1159,5196.63,374
4,1155,6066.62,440
4,1151,6854.37,501
4,1163,7757,567
4,1158,8569.05,627
4,1155,9441.46,691
4,1153,10222.6,749
4,1156,10909.8,801
4,1163,11806.4,869
4,1153,12619.6,931
4,1158,13397.2,990
4,1162,14255.9,1055
4,1163,15191.9,1125
4,1153,15987.7,1183
4,1145,16817.6,1243
4,1158,17721.1,1311
4,1159,18531.1,1373
4,1161,19327.4,1433
4,1148,19999.1,1484
4,1163,20865.1,1551
4,1151,21617.9,1607
4,1161,22666,1686
4,1157,23587,1756
4,1162,24482.9,1824
4,1150,25097.6,1871
4,1160,25926.8,1932
4,1156,26753.7,1995
4,1162,27658.8,2063
4,1166,28666.3,2138
4,1161,29413.8,2195
4,1156,30220.2,2257
4,1159,31046.8,2320
4,1154,31774.2,2375
4,1160,32481.1,2428
4,1155,33263.4,2484
4,1166,34223.9,2556
4,1159,35121.9,2625
4,1159,36011.1,2692
4,1164,36749.4,2750
4,1152,37531.2,2808
4,1159,38339.7,2871
4,1161,39169.7,2933
4,1162,40098.6,3003
4,1161,41018.5,3073
4,1158,41851.8,3134
4,1158,42648.1,3194
4,1167,43583.5,3264
4,1152,44410.3,3323
4,1167,45347.3,3393
4,1150,46014.4,3443
4,1154,46822.5,3504
4,1161,47652,3566
4,1162,48461.4,3628
4,1153,49199.5,3684
4,1153,49896.6,3737
4,1156,50707.8,3799
4,1148,51359.6,3849
4,1157,52211.3,3913
4,1156,53143.6,3984
4,1161,54036.1,4050
4,1162,54832.7,4110
4,1162,55645,4171
4,1163,56550.9,4240
4,1154,57345.1,4301
4,1154,58098.3,4357
4,1156,58944.7,4421
4,1151,59728,4480
4,1151,60401.8,4532
4,1144,61101,4584
4,1153,61962.1,4647
4,1151,62846.9,4713
4,1150,63519.4,4764
4,1155,64228.8,4816
4,1154,65094.2,4881
4,1164,65978.7,4948
4,1156,66809.3,5008
4,1164,67777.5,5078
4,1156,68616.9,5142
4,1159,69457.7,5204
4,1156,70324,5270
4,1161,71227.6,5339
4,1151,72050.6,5400
4,1170,73114,5478
4,1164,74018.4,5546
4,1152,74738.3,5601
4,1158,75739.3,5673
4,1159,76504.6,5731
4,1150,77306.4,5792
4,1153,78102,5853
4,1165,79009.6,5920
4,1160,79864.9,5985
4,1158,80661.2,6044
4,1165,81586.8,6114
4,1144,82344.6,6171
4,1157,83152,6232
4,1155,83998.7,6296
4,1164,84862.9,6361
4,1149,85581.8,6415
4,1158,86478.2,6482
4,1151,87309.8,6545
4,1161,88242.9,6615
4,1160,89125.7,6682
4,1161,90051.2,6752
4,1158,90983.8,6823
4,1153,91815.7,6886
4,1173,92789.2,6956
4,1155,93583.3,7015
4,1158,94457.2,7080
4,1161,95484.1,7156
4,1166,96380.7,7224
4,1157,97125.2,7281
4,1153,98005.5,7347
4,1153,98772.2,7407
4,1164,99655.7,7473
4,1154,100391,7529
4,1156,101196,7590
4,1160,102157,7663
4,1153,102910,7721
4,1156,103698,7780
4,1158,104506,7840
4,1157,105319,7901
4,1156,106052,7957
4,1160,106915,8022
4,1153,107775,8088
4,1158,108565,8148
4,1162,109490,8217
4,1163,110322,8280
4,1159,111135,8343
4,1159,111894,8400
4,1157,112691,8459
4,1158,113550,8522
4,1154,114287,8577
4,1155,115117,8639
4,1151,115942,8700
4,1153,116755,8761
4,1157,117534,8817
4,1156,118337,8876
4,1152,119128,8936
4,1153,119817,8987
4,1162,120628,9047
4,1156,121473,9110
4,1154,122332,9175
4,1157,123182,9239
4,1159,124102,9308
4,1151,125036,9379
4,1158,125941,9448
4,1151,126754,9509
4,1161,127614,9574
4,1154,128348,9629
4,1151,129066,9682
4,1162,129910,9746
4,1160,130698,9807
4,1162,131680,9880
4,1150,132419,9935
4,1155,133195,9993
4,1155,133991,10053
4,1157,134820,10116
4,1152,135632,10177
4,1159,136550,10246
4,1155,137366,10305
4,1152,138052,10357
4,1157,138862,10419
4,1154,139671,10481
4,1160,140615,10551
4,1161,141491,10618
4,1158,142403,10688
4,1159,143286,10754
4,1155,144074,10814
4,1163,144961,10881
4,1159,145880,10950
4,1160,146771,11016
4,1160,147708,11086
4,1165,148573,11151
4,1162,149426,11215
5,1162,937.485,64
5,1154,1745.6,122
5,1149,2520.21,180
5,1156,3162.14,229
5,1155,3904.84,285
5,1158,4825.44,355
5,1162,5663.6,416
5,1167,6595.45,486
5,1155,7383.14,542
5,1155,8127.11,599
5,1158,9107.51,672
5,1155,9879.75,731
5,1157,10816.9,802
5,1151,11458.4,851
5,1157,12234.5,908
5,1151,12936.9,961
5,1163,13811.4,1027
5,1161,14715.4,1096
5,1149,15446.6,1152
5,1154,16365.2,1218
5,1161,17329.9,1291
5,1156,18190,1357
5,1155,19062.2,1422
5,1156,19803.7,1479
5,1159,20691.8,1545
5,1153,21488.8,1605
5,1161,22297.6,1666
5,1155,23063.6,1723
5,1154,23872.8,1783
5,1168,24832.4,1856
5,1160,25655.7,1919
5,1146,26339.2,1971
5,1159,27251.1,2039
5,1156,28084.3,2100
5,1155,28903.9,2162
5,1160,29780.5,2227
5,1154,30545.9,2285
5,1155,31366.2,2347
5,1158,32044.6,2399
5,1163,32935.1,2467
5,1150,33669.8,2522
5,1160,34606.9,2593
5,1155,35549.3,2663
5,1158,36480.7,2733
5,1157,37365.6,2801
5,1156,38207.8,2864
5,1161,39081.9,2929
5,1155,39889.9,2989
5,1160,40779.8,3056
5,1155,41626.5,3121
5,1163,42623.4,3196
5,1168,43610.1,3271
5,1159,44500.7,3340
5,1163,45354.4,3405
5,1157,46232.6,3471
5,1152,46950.8,3524
5,1153,47752.9,3583
5,1158,48558.2,3645
5,1155,49356.9,3705
5,1162,50138.6,3763
5,1158,50974.1,3825
5,1153,51732.1,3882
5,1161,52607,3947
5,1154,53435,4009
5,1154,54247.8,4070
5,1163,55201.4,4140
5,1155,56029,4202
5,1162,57114.7,4269
5,1156,57935.5,4331
5,1166,58790.4,4396
5,1156,59620.1,4458
5,1165,60357.3,4514
5,1158,61174.5,4576
5,1154,62113,4646
5,1158,62889.9,4705
5,1150,63665.4,4762
5,1160,64522.9,4827
5,1154,65336.3,4888
5,1158,66145.7,4950
5,1159,67062.7,5017
5,1164,67951.6,5081
5,1156,68793.7,5145
5,1156,69607.7,5206
5,1161,70553.1,5278
5,1159,71403,5343
5,1149,72184.9,5400
5,1165,73076.3,5467
5,1159,73888.9,5528
5,1157,74718.8,5591
5,1152,75418.3,5645
5,1154,76247.4,5707
5,1158,76936.8,5759
5,1154,77734,5819
5,1157,78577.7,5883
5,1163,79403.6,5945
5,1151,80201.4,6004
5,1163,81028.9,6067
5,1155,81866.2,6129
5,1164,82812.4,6200
5,1157,83577.4,6258
5,1156,84471.7,6323
5,1161,85404.8,6394
5,1155,86229.4,6457
5,1158,87053.5,6519
5,1166,87925.4,6586
5,1155,88748.4,6647
5,1149,89529.2,6705
5,1161,90310.1,6764
5,1158,91184.9,6830
5,1156,91919.8,6886
5,1157,92700.4,6945
5,1159,93622.8,7014
5,1156,94512.6,7081
5,1163,95388.6,7146
5,1157,96325.4,7216
5,1157,97245,7284
5,1157,98060,7345
5,1153,98841.9,7404
5,1158,99606.5,7462
5,1160,100401,7523
5,1160,101281,7589
5,1148,102040,7647
5,1152,102867,7709
5,1152,103738,7774
5,1161,104547,7836
5,1160,105406,7902
5,1158,106348,7972
5,1162,107144,8031
5,1162,107971,8095
5,1154,108795,8158
5,1161,109538,8215
5,1157,110441,8282
5,1151,111133,8334
5,1158,111878,8389
5,1154,112644,8447
5,1165,113645,8522
5,1157,114473,8584
5,1154,115221,8639
5,1151,116044,8701
5,1154,116859,8762
5,1160,117592,8817
5,1164,118472,8883
5,1153,119295,8944
5,1157,120190,9012
5,1152,120952,9070
5,1151,121786,9134
5,1152,122512,9189
5,1164,123366,9254
5,1163,124237,9319
5,1155,125151,9386
5,1161,126092,9454
5,1159,126981,9519
5,1155,127874,9585
5,1152,128719,9647
5,1149,129516,9706
5,1160,130418,9774
5,1166,131455,9849
5,1160,132388,9917
5,1161,133388,9984
5,1160,134302,10046
5,1154,135135,10106
5,1159,136013,10172
5,1146,136734,10226
5,1157,137556,10287
5,1153,138307,10343
5,1154,139191,10408
5,1148,139938,10464
5,1160,140817,10530
5,1150,141501,10582
5,1147,142314,10641
5,1161,143203,10708
5,1165,144269,10788
5,1157,145015,10845
5,1164,145913,10914
5,1160,146691,10974
5,1158,147528,11036
5,1160,148318,11097
5,1154,149091,11155
5,1158,149922,11219
6,1156,1085.34,62
6,1160,2014.26,127
6,1150,2654.73,176
6,1158,3500.27,239
6,1155,4309.52,297
6,1160,5079.01,356
6,1151,5873.85,412
6,1150,6868.6,474
6,1151,7639.47,531
6,1157,8456.87,592
6,1158,9303.64,656
6,1154,10115,716
6,1162,10954.2,777
6,1162,12304.9,843
6,1164,13534.1,910
6,1154,14553.2,969
6,1157,15612.7,1034
6,1152,16551.7,1090
6,1161,17800.6,1150
6,1158,19024,1210
6,1147,19850.7,1264
6,1155,21062,1327
6,1160,22134.9,1386
6,1157,23427.8,1449
6,1165,24585.1,1525
6,1152,25463.7,1586
6,1153,26328.5,1647
6,1157,27275.4,1716
6,1161,28391.4,1786
6,1164,29242.5,1850
6,1155,29985.8,1907
6,1159,30979.8,1984
6,1148,31783.5,2046
6,1164,32638.5,2111
6,1153,33474.7,2176
6,1159,34248.6,2236
6,1156,35071.6,2299
6,1160,35863.6,2360
6,1156,36589.4,2416
6,1157,37305.8,2472
6,1157,38136,2534
6,1162,38998.9,2601
6,1157,39787.8,2662
6,1158,40609,2723
6,1156,41518.3,2793
6,1151,42230.5,2847
6,1151,42926.6,2901
6,1157,43703.3,2961
6,1158,44492.3,3021
6,1158,45279.2,3082
6,1161,46144,3148
6,1155,46889.9,3205
6,1154,47651.1,3264
6,1163,48487.9,3328
6,1153,49177.9,3381
6,1155,50002.6,3444
6,1160,50847.7,3509
6,1151,51616.1,3568
6,1155,52400.9,3627
6,1160,53228.4,3691
6,1152,53936.1,3746
6,1165,54818.4,3814
6,1158,55650.3,3879
6,1160,56507.9,3945
6,1159,57292.8,4006
6,1154,58089.5,4067
6,1164,58848.2,4125
6,1159,59697.3,4191
6,1156,60593.2,4259
6,1161,61555.5,4332
6,1159,62423.4,4399
6,1155,63290.9,4457
6,1155,64167.3,4523
6,1156,64896.7,4580
6,1152,65745.5,4646
6,1160,66689.6,4719
6,1159,67459.1,4777
6,1150,68248.1,4838
6,1156,69048,4900
6,1155,69802.4,4957
6,1152,70461.9,5006
6,1163,71392.3,5077
6,1161,72256.3,5143
6,1159,73097.9,5208
6,1161,73983.5,5272
6,1152,74712.9,5327
6,1160,75624.6,5396
6,1151,76386.3,5455
6,1160,77272.7,5522
6,1158,78116.3,5587
6,1152,78917,5649
6,1165,79819.9,5718
6,1157,80672.5,5783
6,1165,81570.1,5851
6,1162,82505.3,5923
6,1157,83211.2,5977
6,1141,83877.7,6028
6,1163,84682.7,6090
6,1163,85628.1,6162
6,1159,86394.8,6221
6,1152,87117.7,6277
6,1157,87899.9,6337
6,1159,88695.9,6398
6,1160,89672.7,6474
6,1160,90522.2,6539
6,1154,91335.9,6602
6,1159,92283.1,6675
6,1155,93001.8,6731
6,1154,93810,6793
6,1158,94565.9,6851
6,1156,95410.7,6916
6,1165,96180.6,6975
6,1157,97021.1,7040
6,1154,97813,7101
6,1156,98697.4,7169
6,1157,99464.7,7228
6,1166,100358,7297
6,1154,101121,7355
6,1159,101919,7417
6,1152,102639,7473
6,1153,103393,7531
6,1154,104126,7587
6,1151,104925,7649
6,1154,105648,7705
6,1150,106455,7766
6,1162,107287,7830
6,1157,108179,7898
6,1156,108911,7954
6,1154,109653,8011
6,1159,110546,8079
6,1158,111450,8140
6,1159,112301,8205
6,1145,113094,8266
6,1156,113946,8332
6,1146,114604,8383
6,1162,115555,8456
6,1157,116474,8527
6,1153,117242,8586
6,1152,118100,8648
6,1147,118869,8706
6,1154,119566,8760
6,1150,120304,8816
6,1158,121082,8874
6,1152,121716,8922
6,1154,122604,8988
6,1160,123468,9055
6,1151,124274,9116
6,1160,124991,9171
6,1157,125794,9232
6,1152,126573,9290
6,1165,127504,9361
6,1159,128345,9425
6,1162,129212,9492
6,1156,129988,9551
6,1167,130938,9623
6,1155,131686,9680
6,1162,132646,9752
6,1159,133441,9812
6,1155,134211,9866
6,1154,134946,9922
6,1162,135817,9987
6,1161,136626,10049
6,1163,137442,10111
6,1158,138305,10176
6,1158,139237,10247
6,1160,140129,10314
6,1149,140878,10371
6,1159,141676,10431
6,1155,142574,10499
6,1166,143384,10561
6,1154,144163,10620
6,1163,144976,10682
6,1158,145859,10749
6,1140,146532,10801
6,1159,147339,10862
6,1157,148180,10925
6,1164,149115,10996
6,1162,150015,11065
7,1155,894.753,60
7,1162,1779.17,125
7,1155,2664.47,191
7,1161,3489.05,252
7,1158,4317.77,313
7,1154,5077.33,371
7,1144,5729.79,420
7,1160,6597.54,487
7,1159,7416.72,549
7,1154,8286,615
7,1148,8955.9,665
7,1153,9828.94,731
7,1162,10554.9,786
7,1155,11235.2,838
7,1153,11943.1,892
7,1163,12817.1,957
7,1160,13700.2,1025
7,1153,14459.2,1084
7,1160,15358.8,1152
7,1149,16131.4,1211
7,1160,17072.3,1282
7,1156,17885.3,1344
7,1160,18738.5,1409
7,1158,19679,1479
7,1154,20514,1542
7,1157,21326.2,1604
7,1160,22133.2,1664
7,1151,22949.9,1725
7,1150,23668.5,1780
7,1158,24496.8,1842
7,1155,25231.1,1897
7,1154,25963.5,1952
7,1160,26732.8,2011
7,1158,27556.8,2074
7,1151,28389.7,2138
7,1161,29248,2203
7,1156,30113.4,2269
7,1161,30887.3,2328
7,1154,31742.7,2394
7,1148,32426.4,2445
7,1161,33200.3,2504
7,1159,34139.1,2575
7,1158,34986.5,2640
7,1150,35756.8,2699
7,1161,36506,2756
7,1157,37403.3,2825
7,1160,38253.1,2888
7,1157,39062.7,2949
7,1156,39919.9,3013
7,1155,40729.3,3075
7,1164,41591,3139
7,1167,42460.8,3205
7,1157,43095.6,3254
7,1154,43872.5,3313
7,1162,44751,3380
7,1153,45558.4,3441
7,1160,46420.4,3506
7,1155,47296.2,3572
7,1162,48169.1,3638
7,1153,48934.4,3695
7,1153,49590.4,3745
7,1154,50386.2,3804
7,1159,51260,3872
7,1161,52112.1,3936
7,1161,52910.2,3997
7,1154,53676.9,4055
7,1154,54439.6,4112
7,1156,55523.9,4173
7,1155,56384.6,4227
7,1154,57179.4,4288
7,1155,58011.3,4348
7,1158,58822.2,4410
7,1154,59625.6,4471
7,1158,60451.2,4532
7,1158,61349.6,4600
7,1159,62202.2,4664
7,1161,63002.3,4724
7,1152,63877.9,4790
7,1162,64805.2,4857
7,1162,65600.2,4917
7,1152,66382,4976
7,1163,67192.9,5039
7,1155,68005.9,5100
7,1152,68710.3,5155
7,1160,69615.6,5223
7,1157,70568.3,5294
7,1154,71287.3,5350
7,1164,72125.8,5413
7,1145,72793.2,5464
7,1158,73613.6,5527
7,1160,74333,5582
7,1154,75181.2,5645
7,1156,76049.7,5709
7,1151,76799,5765
7,1157,77624.7,5828
7,1154,78437.2,5889
7,1157,79158.3,5944
7,1152,79981.9,6006
7,1151,80613.3,6054
7,1150,81388.6,6113
7,1157,82156.8,6170
7,1159,83044,6237
7,1152,83716.7,6288
7,1154,84546,6351
7,1157,85354.1,6407
7,1158,86205.2,6471
7,1155,86966.2,6528
7,1158,87747.1,6588
7,1159,88725.2,6658
7,1163,89564.6,6721
7,1159,90266,6774
7,1153,91013.8,6831
7,1155,91866.9,6896
7,1158,92793.8,6968
7,1159,93579.6,7027
7,1152,94314.7,7082
7,1154,95242.6,7152
7,1156,96075.9,7215
7,1152,96837.8,7274
7,1154,97549.2,7328
7,1149,98297.8,7382
7,1159,99094.7,7443
7,1152,99904.9,7504
7,1154,100656,7562
7,1164,101606,7634
7,1158,102493,7701
7,1163,103362,7769
7,1159,104191,7832
7,1156,105050,7898
7,1159,105857,7959
7,1150,106618,8017
7,1160,107451,8081
7,1166,108452,8156
7,1162,109350,8225
7,1161,110091,8282
7,1157,110881,8343
7,1157,111651,8402
7,1158,112555,8471
7,1156,113414,8538
7,1153,114268,8601
7,1158,115122,8667
7,1158,115935,8728
7,1156,116883,8798
7,1164,117820,8870
7,1153,118643,8932
7,1156,119587,9002
7,1160,120342,9058
7,1154,121139,9116
7,1159,122044,9185
7,1159,122801,9243
7,1159,123591,9304
7,1153,124420,9366
7,1152,125185,9424
7,1153,125820,9472
7,1156,126623,9534
7,1157,127454,9597
7,1164,128182,9653
7,1157,128873,9706
7,1161,129821,9778
7,1152,130512,9830
7,1158,131310,9890
7,1152,132140,9953
7,1165,132968,10016
7,1163,133797,10080
7,1155,134700,10149
7,1161,135627,10220
7,1155,136404,10278
7,1149,137220,10340
7,1150,138034,10401
7,1157,138831,10462
7,1153,139586,10520
7,1153,140362,10578
7,1154,141155,10638
7,1158,142021,10703
7,1151,142893,10770
7,1160,143739,10835
7,1154,144562,10895
7,1160,145347,10955
7,1159,146297,11025
7,1159,147216,11095
7,1157,147919,11148
7,1157,148695,11207
7,1153,149385,11261
8,1159,868.334,56
8,1166,1764.68,123
8,1159,2616.36,188
8,1154,3496.96,254
8,1154,4244.43,310
8,1148,4867.54,357
8,1152,5617.75,407
8,1159,6708.24,473
8,1156,7473.07,531
8,1160,8362.69,598
8,1156,9202.65,663
8,1150,10050.9,727
8,1168,10952.9,794
8,1152,11718.6,852
8,1157,12575.7,917
8,1160,13350.1,976
8,1151,14139,1035
8,1154,14930,1095
8,1157,15727.5,1153
8,1159,16536.2,1214
8,1159,17477.2,1285
8,1151,18104.7,1332
8,1160,19058.6,1404
8,1147,19837.3,1463
8,1165,20657.1,1527
8,1166,21642.6,1602
8,1159,22389.8,1657
8,1163,23402.3,1733
8,1159,24162.7,1791
8,1156,25068.9,1859
8,1153,25804.4,1915
8,1153,26617.2,1977
8,1154,27414.3,2037
8,1145,28147.5,2090
8,1156,28994,2153
8,1158,29931.9,2223
8,1162,30806.9,2290
8,1154,31558.1,2346
8,1157,32366.6,2407
8,1156,33212.3,2470
8,1156,34006.9,2530
8,1159,34808.9,2590
8,1156,35650.3,2653
8,1152,36305.4,2702
8,1158,37166.5,2768
8,1152,37962.2,2827
8,1152,38725.9,2885
8,1164,39617.5,2952
8,1156,40371.4,3009
8,1159,41257.9,3076
8,1157,42120.2,3142
8,1152,42903.8,3201
8,1149,43700.1,3261
8,1153,44507.3,3323
8,1162,45367.6,3388
8,1160,46180.3,3449
8,1159,47029.9,3514
8,1154,47750.9,3569
8,1155,48628.3,3634
8,1147,49286.8,3684
8,1153,50062.6,3742
8,1161,50838,3802
8,1154,51646.9,3863
8,1154,52543.2,3931
8,1167,53380.5,3993
8,1153,54201.1,4055
8,1158,55011.8,4116
8,1155,55913.2,4184
8,1163,56884,4259
8,1157,57675.7,4319
8,1152,58474.4,4378
8,1155,59297.6,4441
8,1152,59960.2,4490
8,1157,60774.3,4549
8,1152,61526.1,4605
8,1153,62390.6,4668
8,1157,63268.6,4734
8,1157,64152.2,4800
8,1162,65033.6,4866
8,1155,65880,4929
8,1161,66677.9,4988
8,1158,67525.4,5052
8,1156,68382.3,5117
8,1160,69312.2,5187
8,1149,70073.8,5244
8,1157,70929.7,5306
8,1160,71773.7,5369
8,1155,72586.7,5430
8,1153,73411.7,5493
8,1160,74174.5,5551
8,1154,74945.6,5609
8,1155,75695.4,5665
8,1153,76501.8,5727
8,1150,77210.3,5780
8,1163,78132.8,5852
8,1158,78993.8,5917
8,1150,79741.8,5973
8,1157,80550.8,6034
8,1155,81419.7,6100
8,1156,82228.7,6162
8,1155,83018.6,6222
8,1152,83807.1,6282
8,1165,84624.8,6344
8,1156,85472.2,6409
8,1154,86303.5,6470
8,1157,87132.4,6532
8,1169,88027,6597
8,1161,88763,6652
8,1166,89576.3,6714
8,1164,90358.9,6772
8,1156,91157.6,6832
8,1152,91938.9,6890
8,1164,92790.5,6955
8,1159,93591.9,7015
8,1148,94314.7,7070
8,1155,95054.2,7126
8,1151,95856.8,7181
8,1156,96622.7,7239
8,1152,97239.6,7285
8,1160,98089.5,7348
8,1155,98899,7409
8,1161,99835.6,7478
8,1154,100727,7543
8,1150,101446,7598
8,1162,102347,7666
8,1159,103101,7723
8,1154,103884,7780
8,1159,104718,7843
8,1149,105387,7893
8,1156,106230,7956
8,1154,107024,8015
8,1162,107906,8081
8,1150,108662,8138
8,1163,109619,8211
8,1153,110390,8270
8,1161,111242,8333
8,1154,112138,8400
8,1154,112963,8462
8,1154,113745,8520
8,1157,114511,8578
8,1156,115293,8635
8,1162,116133,8697
8,1151,116861,8750
8,1150,117534,8800
8,1153,118294,8857
8,1150,119007,8911
8,1147,119765,8967
8,1148,120514,9023
8,1161,121497,9096
8,1158,122258,9153
8,1157,123071,9215
8,1158,123757,9266
8,1153,124549,9323
8,1157,125326,9381
8,1163,126136,9442
8,1150,126856,9496
8,1157,127682,9559
8,1160,128444,9618
8,1161,129324,9682
8,1157,130117,9742
8,1149,130839,9796
8,1158,131673,9861
8,1153,132337,9911
8,1160,133258,9980
8,1152,134043,10039
8,1157,134882,10104
8,1156,135727,10165
8,1164,136622,10234
8,1154,137462,10299
8,1165,138400,10369
8,1155,139180,10428
8,1156,139940,10483
8,1162,140825,10550
8,1158,141727,10618
8,1146,142450,10673
8,1163,143345,10740
8,1160,144200,10800
8,1156,145058,10865
8,1161,145958,10931
8,1157,146701,10988
8,1162,147574,11054
8,1169,148508,11121
8,1161,149425,11191
9,1158,764.193,53
9,1163,1703.33,123
9,1158,2469.25,182
9,1158,3235.86,240
9,1152,4053.92,302
9,1159,4844.45,363
9,1164,5632.44,422
9,1162,6450.17,485
9,1157,7136.4,537
9,1155,7901.97,595
9,1162,8652.84,653
9,1156,9449.7,712
9,1161,10421.4,785
9,1159,11302.5,853
9,1147,12048,910
9,1163,12941.6,979
9,1153,13700.9,1036
9,1163,14610.2,1106
9,1152,15308.6,1158
9,1153,16200.8,1225
9,1152,17073.4,1291
9,1150,17847.6,1350
9,1157,18659.8,1412
9,1159,19570.3,1481
9,1162,20427.6,1548
9,1164,21340.3,1616
9,1157,22199.6,1679
9,1158,23036.6,1742
9,1157,23843.1,1802
9,1156,24578.2,1857
9,1164,25531.5,1929
9,1154,26305.4,1988
9,1158,27190.4,2054
9,1160,28032,2116
9,1159,28863.2,2179
9,1165,29729.4,2244
9,1150,30607,2311
9,1155,31420.5,2373
9,1147,32058.4,2421
9,1157,32838.2,2479
9,1162,33797.5,2552
9,1156,34504.2,2605
9,1153,35423.8,2673
9,1158,36228.9,2735
9,1154,36963.6,2791
9,1156,37788.3,2853
9,1156,38553.9,2911
9,1152,39279.6,2966
9,1159,40080.1,3025
9,1163,40965.1,3091
9,1158,41844.3,3157
9,1145,42607.6,3215
9,1157,43498.1,3282
9,1168,44429,3352
9,1157,45275,3417
9,1150,46011.2,3472
9,1153,46826.2,3534
9,1168,47761.3,3603
9,1154,48617.7,3669
9,1150,49371.6,3726
9,1155,50214.9,3790
9,1155,51014.4,3849
9,1160,51841.1,3912
9,1154,52558,3966
9,1159,53323.6,4023
9,1149,54099.9,4080
9,1162,54893.6,4141
9,1156,55686.3,4199
9,1156,56565.6,4267
9,1156,57329.8,4324
9,1151,58092,4381
9,1157,58934.2,4444
9,1154,59779.1,4509
9,1162,60678.5,4577
9,1165,61581.8,4644
9,1161,62393.2,4706
9,1165,63252.4,4772
9,1150,64005.5,4828
9,1156,64890,4895
9,1153,65703.4,4956
9,1155,66437.4,5013
9,1164,67388.7,5083
9,1156,68213.6,5146
9,1164,69239.6,5225
9,1164,70114.9,5290
9,1157,71058.7,5359
9,1150,71813.3,5415
9,1161,72689.8,5481
9,1153,73471.2,5541
9,1149,74277.6,5601
9,1161,75114.3,5664
9,1150,75959.1,5727
9,1160,76852.6,5795
9,1159,77658.9,5857
9,1151,78460,5917
9,1154,79252.9,5978
9,1162,80107,6040
9,1163,81061.5,6112
9,1160,81903.7,6176
9,1159,82803.8,6244
9,1146,83590.3,6304
9,1144,84304,6359
9,1153,85064.9,6417
9,1158,85892.4,6479
9,1147,86730.6,6543
9,1159,87509.7,6603
9,1158,88375.6,6669
9,1171,89386.6,6744
9,1151,90127.1,6800
9,1151,90965.2,6864
9,1157,91824.3,6928
9,1154,92593.6,6987
9,1157,93301.2,7041
9,1154,94172.4,7107
9,1156,94971,7167
9,1143,95670,7221
9,1163,96441.5,7279
9,1161,97325,7346
9,1148,97963.7,7394
9,1155,98865.4,7461
9,1154,99636.1,7520
9,1154,100386,7577
9,1163,101204,7639
9,1159,102129,7709
9,1160,102969,7772
9,1156,103738,7830
9,1151,104590,7893
9,1164,105403,7954
9,1156,106235,8016
9,1153,107026,8075
9,1158,107809,8134
9,1152,108486,8185
9,1161,109400,8254
9,1153,110214,8316
9,1160,111123,8384
9,1159,111897,8443
9,1162,112782,8510
9,1161,113672,8577
9,1148,114446,8638
9,1156,115255,8698
9,1153,115971,8751
9,1152,116701,8805
9,1158,117579,8873
9,1160,118387,8933
9,1159,119225,8996
9,1156,120062,9057
9,1152,120874,9118
9,1155,121626,9174
9,1147,122438,9236
9,1157,123298,9302
9,1155,124234,9371
9,1160,125035,9431
9,1164,125901,9497
9,1155,126698,9557
9,1162,127667,9631
9,1154,128522,9695
9,1165,129470,9766
9,1157,130220,9824
9,1153,131046,9887
9,1155,131807,9945
9,1150,132577,10003
9,1151,133297,10058
9,1159,134213,10128
9,1153,134978,10187
9,1155,135730,10243
9,1158,136510,10302
9,1154,137276,10360
9,1158,138082,10417
9,1159,138921,10480
9,1154,139737,10542
9,1158,140566,10605
9,1147,141294,10661
9,1163,142239,10731
9,1154,142984,10789
9,1162,143704,10843
9,1162,144581,10910
9,1157,145486,10979
9,1162,146463,11054
9,1159,147287,11116
9,1160,148242,11186
9,1158,149086,11250
9,1152,149920,11313
10,1158,993.457,67
10,1154,1673.24,118
10,1155,2336.53,168
10,1165,3219.73,234
10,1155,3906.11,286
10,1158,4540.35,334
10,1159,5483.72,394
10,1158,6227.43,449
10,1155,6997.7,505
10,1160,7895.26,571
10,1155,8724.52,634
10,1159,9529.11,694
10,1155,10382.7,760
10,1163,11237.8,824
10,1162,12091.1,889
10,1155,12938.5,954
10,1156,13716.1,1013
10,1156,14557.3,1077
10,1153,15371.4,1138
10,1156,16153.6,1197
10,1153,16883.2,1252
10,1158,17635.2,1308
10,1159,18527.7,1375
10,1149,19229.4,1428
10,1157,20087,1493
10,1161,21025.1,1562
10,1152,21839.8,1623
10,1162,22687.7,1688
10,1149,23365.6,1739
10,1155,24088.9,1794
10,1152,24776.5,1846
10,1157,25666,1912
10,1153,26462,1971
10,1155,27305.1,2035
10,1147,28044.7,2090
10,1147,28790.6,2145
10,1157,29584.4,2204
10,1163,30478.2,2273
10,1155,31251.7,2332
10,1151,31990,2386
10,1168,32913.6,2455
10,1154,33748.6,2519
10,1153,34473.5,2574
10,1157,35276,2635
10,1165,36242.9,2706
10,1160,36994,2762
10,1157,37880.8,2828
10,1161,38702.5,2892
10,1166,39606.5,2960
10,1161,40451.5,3023
10,1150,41113.6,3073
10,1153,41939.9,3136
10,1158,42742.3,3198
10,1155,43638.2,3263
10,1158,44422.3,3322
10,1152,45329.1,3390
10,1157,46184.5,3454
10,1154,47031.8,3519
10,1161,47961.7,3588
10,1152,48733.2,3646
10,1156,49603.5,3711
10,1152,50368.2,3769
10,1162,51102.4,3826
10,1149,51851.6,3881
10,1160,52856.7,3957
10,1157,53710,4021
10,1147,54418.2,4075
10,1153,55214.7,4136
10,1156,55995.8,4195
10,1156,56850,4259
10,1159,57719.2,4325
10,1152,58480.9,4383
10,1149,59186,4437
10,1154,59950.5,4495
10,1162,60829.8,4559
10,1158,61633.3,4619
10,1155,62538.7,4680
10,1158,63485.3,4743
10,1161,64344.9,4807
10,1158,65218.1,4873
10,1157,66039.9,4935
10,1158,66945,5004
10,1156,67719.8,5063
10,1151,68431.2,5116
10,1160,69275.4,5180
10,1162,70088.6,5242
10,1155,70866.9,5300
10,1157,71646.4,5360
10,1156,72493.7,5423
10,1156,73369.6,5487
10,1150,74158.6,5547
10,1146,74684.5,5587
10,1151,75402,5640
10,1153,76100.8,5694
10,1153,76904.1,5754
10,1164,77767.4,5819
10,1164,78685.2,5887
10,1148,79372.2,5939
10,1161,80222.4,6004
10,1154,81003.7,6064
10,1161,81800.5,6123
10,1160,82634.7,6188
10,1153,83366.1,6243
10,1162,84299,6316
10,1161,85091.3,6373
10,1158,85884.5,6433
10,1157,86743.6,6496
10,1152,87463,6550
10,1161,88264.1,6611
10,1146,89039,6669
10,1158,89893.3,6734
10,1154,90700.3,6795
10,1165,91594.1,6861
10,1150,92404.5,6922
10,1152,93197.9,6984
10,1162,94019.9,7046
10,1156,94757.1,7103
10,1157,95699.7,7172
10,1162,96544.9,7236
10,1154,97400,7300
10,1152,98040.4,7348
10,1148,98810.7,7406
10,1153,99630.1,7469
10,1151,100363,7524
10,1156,101219,7590
10,1157,101946,7645
10,1156,102696,7703
10,1160,103540,7766
10,1163,104399,7832
10,1163,105283,7898
10,1161,106063,7956
10,1153,106863,8016
10,1156,107649,8075
10,1155,108436,8132
10,1151,109180,8189
10,1162,110119,8259
10,1150,110942,8322
10,1157,111887,8383
10,1155,112729,8447
10,1148,113337,8492
10,1149,114071,8548
10,1161,114899,8609
10,1161,115855,8681
10,1154,116682,8745
10,1162,117581,8811
10,1157,118456,8878
10,1158,119195,8936
10,1151,119947,8993
10,1149,120553,9038
10,1160,121386,9101
10,1158,122269,9165
10,1153,123052,9224
10,1163,123869,9285
10,1157,124728,9349
10,1164,125697,9422
10,1153,126397,9475
10,1160,127272,9542
10,1163,128146,9608
10,1162,129081,9679
10,1160,129993,9749
10,1156,130779,9808
10,1168,131712,9879
10,1155,132459,9936
10,1161,133320,10001
10,1149,133971,10051
10,1153,134844,10118
10,1152,135572,10172
10,1162,136609,10249
10,1153,137392,10307
10,1158,138108,10362
10,1156,139018,10432
10,1159,139809,10491
10,1158,140708,10558
10,1152,141473,10616
10,1158,142293,10678
10,1162,143233,10749
10,1160,144118,10815
10,1153,144806,10866
10,1159,145687,10932
10,1160,146512,10995
10,1157,147318,11055
10,1161,148174,11118
10,1160,148979,11181
10,1156,149787,11241
11,1149,952.577,63
11,1152,1748.7,123
11,1154,2506.9,181
11,1155,3310.36,243
11,1155,4210.64,311
11,1154,4984.97,370
11,1155,5800.57,431
11,1156,6547.41,488
11,1150,7263.89,543
11,1164,8238.18,614
11,1150,8934.07,667
11,1155,9770.36,731
11,1150,10483.7,786
11,1162,11344.4,851
11,1158,12145.8,910
11,1153,12976.2,970
11,1170,13915.8,1040
11,1153,14742.6,1100
11,1159,15524.1,1157
11,1159,16461.8,1227
11,1166,17435,1301
11,1159,18200.8,1359
11,1160,19068.4,1425
11,1159,19860.7,1486
11,1162,20699.2,1550
11,1158,21527.2,1612
11,1154,22286.9,1669
11,1158,23065.8,1728
11,1160,23925,1793
11,1160,24710.6,1854
11,1159,25652,1921
11,1159,26545,1982
11,1155,27337,2039
11,1160,28217.1,2095
11,1156,29078.1,2154
11,1156,29998.7,2222
11,1161,30760.5,2280
11,1158,31506,2336
11,1153,32349.6,2398
11,1163,33274,2467
11,1150,34058.5,2526
11,1167,34944.4,2593
11,1157,35741.1,2653
11,1159,36565.1,2716
11,1156,37402.3,2778
11,1157,38139,2834
11,1157,38829,2887
11,1148,39759.3,2947
11,1149,40675.5,3006
11,1156,41375,3060
11,1154,42221.5,3124
11,1152,43316.2,3191
11,1146,44133.4,3238
11,1153,45237.2,3305
11,1163,46221.4,3374
11,1148,46883.2,3425
11,1150,47794.6,3485
11,1156,48600.9,3538
11,1148,49320,3592
11,1152,50132.9,3652
11,1148,50858.4,3707
11,1166,51885.9,3764
11,1149,52950.4,3819
11,1157,54143.8,3885
11,1160,55142.3,3953
11,1160,56074,4019
11,1157,56889.1,4078
11,1154,57622.9,4130
11,1168,58584.4,4197
11,1159,59489.6,4261
11,1150,60259.9,4314
11,1168,61433.6,4378
11,1157,62325.8,4440
11,1153,63169.7,4496
11,1157,64408.8,4549
11,1152,65442,4613
11,1157,66532.1,4686
11,1149,67654.4,4745
11,1152,68526.9,4802
11,1151,69381.3,4859
11,1163,70437.2,4928
11,1163,71379.9,4997
11,1155,72167.3,5054
11,1148,72962.9,5111
11,1149,73765.7,5168
11,1161,74682.6,5234
11,1156,75566.2,5295
11,1154,76511.6,5356
11,1161,77340.2,5409
11,1151,78291.7,5471
11,1155,79166,5531
11,1161,80052.9,5597
11,1153,81037.9,5658
11,1159,82059.9,5720
11,1150,83105.4,5782
11,1152,83814.1,5831
11,1154,84843.5,5885
11,1150,85701.1,5938
11,1149,86556.8,5989
11,1157,87491.6,6051
11,1158,88452.8,6121
11,1157,89341.8,6186
11,1156,90391.2,6253
11,1154,91222.1,6306
11,1158,92270.6,6372
11,1152,93421.3,6435
11,1167,94339.5,6501
11,1156,95220.9,6562
11,1153,96013.8,6622
11,1155,97009.7,6687
11,1162,97960,6755
11,1157,98981,6820
11,1165,100008,6886
11,1160,101042,6949
11,1158,101931,7012
11,1149,102771,7065
11,1155,103728,7126
11,1146,104610,7176
11,1162,105452,7235
11,1154,106322,7297
11,1162,107281,7354
11,1154,108022,7405
11,1164,109182,7475
11,1162,110101,7543
11,1159,111062,7612
11,1152,111797,7664
11,1161,112725,7730
11,1160,113612,7788
11,1158,114465,7848
11,1161,115408,7918
11,1166,116360,7987
11,1155,117208,8047
11,1162,118234,8119
11,1159,119097,8180
11,1154,120001,8244
11,1152,121074,8304
11,1154,122039,8367
11,1159,123001,8436
11,1167,124221,8508
11,1155,125279,8578
11,1161,126177,8635
11,1156,127029,8695
11,1159,127876,8754
11,1153,128604,8807
11,1160,129533,8874
11,1165,130480,8940
11,1161,131372,9008
11,1158,132329,9072
11,1154,133282,9132
11,1156,134155,9191
11,1162,135233,9267
11,1162,136040,9328
11,1156,136769,9384
11,1162,137566,9445
11,1160,138405,9506
11,1163,139405,9576
11,1154,140140,9628
11,1158,141136,9693
11,1157,142133,9750
11,1151,142941,9805
11,1157,143809,9867
11,1158,144628,9925
11,1160,145558,9991
11,1161,146541,10059
11,1154,147453,10123
11,1158,148309,10181
11,1159,149283,10248
12,1160,1310.9,72
12,1155,2102.64,125
12,1166,3052.26,191
12,1147,3848.93,244
12,1167,4879.39,316
12,1153,5703.11,372
12,1157,6628.91,435
12,1156,7569.61,498
12,1148,8258.03,546
12,1162,9211.77,607
12,1154,10158.7,665
12,1161,11092.1,730
12,1159,11974.3,794
12,1155,12930.4,857
12,1156,13684.8,911
12,1158,14584,977
12,1157,15450.6,1038
12,1147,16289.1,1095
12,1163,17234,1163
12,1156,18076.4,1224
12,1160,19043,1293
12,1153,19834.5,1349
12,1161,20722.2,1414
12,1161,21686.9,1481
12,1154,22541,1541
12,1158,23405.1,1602
12,1156,24275.7,1666
12,1155,25038.3,1722
12,1160,25849.8,1784
12,1153,26501.1,1834
12,1145,27177.7,1886
12,1150,28076.9,1953
12,1152,28949.2,2015
12,1158,29809.5,2076
12,1158,30596.1,2133
12,1162,31488,2196
12,1156,32383.4,2263
12,1155,33214.1,2326
12,1150,34039.1,2388
12,1163,34904.6,2453
12,1152,35582.5,2505
12,1162,36390.1,2566
12,1153,37171.7,2626
12,1155,37944.8,2685
12,1156,38739,2746
12,1161,39622,2814
12,1164,40449.5,2877
12,1156,41165.5,2932
12,1155,41963.1,2993
12,1149,42675,3048
12,1146,43377.5,3101
12,1162,44263.7,3169
12,1158,45126,3235
12,1154,45939.6,3296
12,1150,46704.2,3354
12,1159,47566.7,3419
12,1167,48554.1,3495
12,1157,49277.3,3551
12,1161,50146.1,3617
12,1152,50895,3675
12,1151,51625.2,3731
12,1159,52475.3,3794
12,1158,53265.2,3854
12,1150,53940.3,3905
12,1159,54835.8,3974
12,1162,55769.6,4045
12,1154,56556.9,4106
12,1150,57419,4170
12,1158,58284.9,4235
12,1161,59056.7,4295
12,1162,59932.2,4362
12,1158,60693,4421
12,1153,61462.3,4480
12,1157,62246.5,4540
12,1154,63033.5,4600
12,1150,63771,4656
12,1152,64567.4,4717
12,1161,65369,4778
12,1162,66226.9,4843
12,1156,66985,4901
12,1160,67898.2,4970
12,1157,68624.7,5026
12,1159,69517.8,5094
12,1161,70410.3,5162
12,1151,71251.9,5227
12,1163,72132.4,5294
12,1163,72914.8,5354
12,1157,73670.4,5411
12,1154,74362.7,5464
12,1159,75193.6,5528
12,1157,75935.5,5585
12,1152,76722.8,5645
12,1158,77502.2,5704
12,1163,78277,5763
12,1153,79003.8,5819
12,1161,79811.7,5880
12,1153,80625.9,5943
12,1157,81422.3,6004
12,1162,82354.7,6073
12,1160,83166.8,6135
12,1161,84040.3,6201
12,1159,84889.5,6266
12,1160,85735.5,6331
12,1162,86602.4,6397
12,1158,87415.6,6459
12,1159,88203.7,6519
12,1152,88926.4,6574
12,1159,89799.6,6640
12,1161,90653.7,6707
12,1146,91431.4,6766
12,1151,92164.8,6822
12,1158,93016.8,6886
12,1156,93762.6,6943
12,1149,94490.6,6999
12,1155,95294.3,7061
12,1150,96105.5,7122
12,1157,96824.7,7177
12,1157,97701.3,7243
12,1161,98565.5,7310
12,1160,99401.9,7372
12,1163,100255,7437
12,1159,101275,7516
12,1156,102098,7578
12,1161,102968,7644
12,1155,103805,7707
12,1164,104620,7770
12,1162,105427,7831
12,1153,106189,7889
12,1161,106959,7948
12,1164,107867,8016
12,1163,108708,8081
12,1155,109455,8138
12,1150,110125,8189
12,1152,110911,8249
12,1156,111794,8316
12,1160,112617,8379
12,1158,113447,8443
12,1146,114291,8507
12,1148,115066,8567
12,1158,115834,8625
12,1165,116733,8694
12,1158,117532,8754
12,1152,118375,8817
12,1159,119343,8891
12,1157,120128,8951
12,1162,120975,9016
12,1164,121936,9090
12,1152,122695,9148
12,1159,123572,9215
12,1140,124216,9263
12,1153,124984,9322
12,1157,125786,9383
12,1161,126686,9452
12,1161,127615,9522
12,1161,128526,9591
12,1159,129424,9658
12,1148,130261,9720
12,1158,131089,9781
12,1160,131889,9841
12,1157,132640,9897
12,1154,133446,9956
12,1151,134183,10012
12,1150,134981,10072
12,1149,135809,10132
12,1154,136619,10193
12,1157,137388,10251
12,1153,138102,10303
12,1157,138936,10365
12,1161,139716,10422
12,1165,140513,10481
12,1149,141278,10538
12,1160,142139,10602
12,1147,142838,10654
12,1153,143603,10711
12,1158,144512,10779
12,1164,145451,10849
12,1163,146423,10920
12,1152,147273,10984
12,1151,148007,11037
12,1157,148886,11101
12,1152,149641,11158
13,1156,880.553,59
13,1155,1719.54,121
13,1154,2375.82,169
13,1153,3202.97,230
13,1160,4122.36,295
13,1168,5106.72,369
13,1149,5956.35,432
13,1162,6858.27,499
13,1151,7714.61,556
13,1161,8537.84,617
13,1152,9264.23,672
13,1157,10171.8,738
13,1156,11062.6,803
13,1156,11902.6,865
13,1155,12778.1,929
13,1157,13654.4,991
13,1163,14562.9,1056
13,1157,15327.9,1114
13,1156,16095.2,1171
13,1146,16907.9,1231
13,1155,17829.2,1298
13,1156,18756.2,1366
13,1157,19684.4,1435
13,1156,20479.6,1495
13,1159,21412.6,1564
13,1159,22219.1,1624
13,1161,23062.5,1687
13,1153,23795.2,1742
13,1163,24736.2,1809
13,1161,25662.2,1877
13,1155,26481.2,1939
13,1161,27236.5,1995
13,1160,28177.8,2064
13,1154,28997.2,2126
13,1160,30052.8,2203
13,1150,30907.4,2267
13,1168,31750.2,2329
13,1154,32658.1,2395
13,1156,33477.8,2456
13,1155,34277.4,2516
13,1158,35192.5,2584
13,1164,36155.8,2655
13,1148,36922.5,2712
13,1143,37716.1,2769
13,1159,38597.2,2835
13,1150,39561.3,2904
13,1152,40327.8,2961
13,1160,41074.1,3017
13,1158,41903.1,3079
13,1159,42805.6,3146
13,1165,43699.7,3212
13,1152,44659.6,3273
13,1158,45555.8,3330
13,1150,46415.8,3385
13,1148,47302,3448
13,1149,48071.8,3506
13,1164,48928.2,3570
13,1156,49822.8,3635
13,1147,50590.2,3693
13,1161,51500,3761
13,1157,52249,3816
13,1163,53085.3,3878
13,1167,54153.4,3953
13,1161,54957.7,4013
13,1143,55720,4069
13,1162,56568.7,4132
13,1163,57440.4,4196
13,1162,58305.8,4259
13,1155,59046.8,4314
13,1158,59887.2,4376
13,1158,60798.1,4442
13,1159,61710.4,4509
13,1165,62569.7,4573
13,1154,63559.6,4644
13,1157,64450.7,4710
13,1163,65349.9,4777
13,1160,66185.1,4838
13,1165,67076.8,4904
13,1154,67907,4966
13,1156,68778.1,5031
13,1150,69576.8,5089
13,1158,70450.5,5154
13,1158,71403.3,5225
13,1153,72199.9,5283
13,1159,73059.7,5344
13,1168,74069.3,5420
13,1160,74928.6,5484
13,1152,75762,5546
13,1151,76485.5,5600
13,1151,77355.8,5663
13,1163,78310.1,5731
13,1158,79145.6,5794
13,1159,79954.5,5854
13,1157,80874.2,5922
13,1160,81695.4,5984
13,1158,82594.7,6052
13,1151,83549.5,6113
13,1154,84304.1,6170
13,1158,85080.6,6228
13,1151,85867,6287
13,1155,86723.2,6351
13,1163,87567.2,6415
13,1155,88385.2,6476
13,1163,89227.6,6540
13,1155,90044.9,6602
13,1157,90750.6,6655
13,1157,91611.5,6720
13,1160,92584.1,6793
13,1155,93348.6,6850
13,1152,94093.7,6906
13,1160,95027.7,6978
13,1156,95841.8,7039
13,1144,96518.5,7091
13,1157,97413.7,7158
13,1150,98182.4,7216
13,1169,99260.5,7297
13,1159,100181,7366
13,1156,100877,7419
13,1148,101687,7479
13,1152,102414,7535
13,1157,103219,7595
13,1147,103937,7650
13,1159,104785,7714
13,1152,105605,7775
13,1161,106457,7839
13,1162,107330,7905
13,1158,108152,7968
13,1159,108990,8032
13,1168,109919,8102
13,1155,110821,8161
13,1155,111753,8229
13,1163,112752,8299
13,1155,114036,8360
13,1151,114947,8410
13,1156,115951,8468
13,1165,117664,8544
13,1156,119038,8607
13,1154,120134,8673
13,1162,121291,8740
13,1158,122379,8802
13,1155,123457,8864
13,1160,124951,8924
13,1157,126417,8977
13,1159,127539,9041
13,1158,128719,9104
13,1153,130216,9164
13,1166,131869,9230
13,1152,133279,9288
13,1160,134740,9357
13,1164,135821,9429
13,1152,136745,9490
13,1159,137828,9549
13,1149,138600,9602
13,1153,139791,9661
13,1154,140936,9716
13,1161,141884,9780
13,1157,142638,9836
13,1156,143499,9896
13,1158,144300,9955
13,1160,145173,10020
13,1154,145937,10078
13,1155,146742,10138
13,1163,147559,10197
13,1162,148409,10261
13,1156,149437,10325
14,1155,745.677,49
14,1156,1627.14,114
14,1153,2716.35,176
14,1159,4088.05,240
14,1152,4812.32,291
14,1158,5735.61,351
14,1165,6725.31,425
14,1151,7466.13,478
14,1163,8310.74,543
14,1155,9010.56,596
14,1148,9786.15,654
14,1157,10594.6,715
14,1158,11431.8,779
14,1161,12229.5,839
14,1159,13073.3,902
14,1156,14099.2,966
14,1155,15147,1028
14,1150,16095.3,1082
14,1160,16868.3,1134
14,1150,17786.8,1192
14,1161,18637.7,1253
14,1157,19669.4,1322
14,1155,20452.2,1376
14,1153,21354.7,1443
14,1159,22347.9,1513
14,1160,23430.3,1575
14,1148,24522.9,1633
14,1155,25403.8,1694
14,1157,26319.6,1762
14,1155,27125.6,1822
14,1149,27854.7,1876
14,1156,28662.7,1937
14,1159,29405.9,1993
14,1160,30312.4,2051
14,1164,31271.2,2122
14,1162,32014.8,2178
14,1158,33066.9,2243
14,1156,34021.4,2302
14,1155,34858.2,2353
14,1154,35765.9,2413
14,1164,36638.6,2478
14,1152,37506.3,2544
14,1155,38349.9,2606
14,1158,39824.1,2679
14,1156,40745.8,2739
14,1154,41564.6,2801
14,1156,42495.2,2859
14,1157,43450.9,2924
14,1153,44187.9,2980
14,1151,44909.7,3035
14,1161,45841.7,3105
14,1154,46569.9,3161
14,1162,47340.7,3220
14,1152,48124.7,3278
14,1155,48924.6,3339
14,1154,49746.9,3401
14,1160,50590,3466
14,1154,51421.6,3528
14,1157,52338.5,3598
14,1152,53068.9,3654
14,1161,53909.2,3718
14,1159,54813.7,3788
14,1158,55501.4,3840
14,1152,56258.6,3899
14,1158,57149.1,3966
14,1158,58097.5,4036
14,1153,58873.4,4095
14,1163,59769.1,4163
14,1161,60582.3,4225
14,1160,61371.7,4285
14,1158,62202.5,4349
14,1156,63006.2,4409
14,1161,63891.1,4476
14,1154,64728.5,4541
14,1157,65460.1,4596
14,1154,66224.3,4655
14,1150,66957.8,4711
14,1163,67788.7,4774
14,1158,68642.3,4839
14,1153,69511.4,4905
14,1157,70420.3,4973
14,1153,71152.9,5029
14,1153,71927.5,5088
14,1153,72805.8,5154
14,1161,73468.9,5204
14,1154,74263.1,5265
14,1159,75094.1,5327
14,1156,76053.9,5391
14,1153,76818.9,5448
14,1147,77517.9,5496
14,1163,78283.2,5552
14,1155,79132.9,5615
14,1155,79913.8,5673
14,1159,80711,5732
14,1162,81706.7,5802
14,1169,82657.3,5874
14,1155,83461.2,5931
14,1159,84244.4,5990
14,1157,85117.3,6056
14,1158,85954.8,6120
14,1159,86893.3,6192
14,1154,87672,6250
14,1158,88417.9,6307
14,1144,89173.7,6365
14,1160,89983.9,6427
14,1156,90679.8,6480
14,1153,91487,6541
14,1153,92230.4,6599
14,1152,93046.8,6660
14,1144,93826.6,6719
14,1151,94556.7,6775
14,1152,95354.7,6836
14,1162,96250.4,6903
14,1159,97054.4,6962
14,1161,97994.7,7029
14,1158,99028.9,7097
14,1157,99974.1,7159
14,1163,100777,7217
14,1161,101715,7283
14,1162,102751,7352
14,1161,103696,7420
14,1161,104546,7485
14,1160,105491,7552
14,1149,106160,7603
14,1152,106948,7663
14,1158,107741,7722
14,1150,108536,7783
14,1154,109388,7845
14,1160,110264,7909
14,1160,111008,7966
14,1165,111934,8036
14,1153,112676,8093
14,1147,113329,8143
14,1166,114373,8220
14,1157,115357,8277
14,1169,116441,8355
14,1154,117135,8409
14,1165,118031,8476
14,1145,118701,8527
14,1151,119538,8590
14,1160,120458,8659
14,1148,121112,8707
14,1163,122035,8769
14,1154,122935,8829
14,1161,123951,8899
14,1160,124836,8961
14,1153,125688,9023
14,1153,126484,9081
14,1157,127294,9141
14,1146,128079,9199
14,1158,128938,9263
14,1159,129827,9328
14,1158,130548,9381
14,1155,131406,9444
14,1161,132318,9512
14,1156,133245,9579
14,1159,134172,9645
14,1154,134995,9705
14,1161,135937,9774
14,1156,136770,9835
14,1164,137900,9911
14,1154,138995,9969
14,1158,140293,10021
14,1154,141224,10088
14,1150,142012,10141
14,1162,142834,10203
14,1161,143748,10272
14,1143,144553,10325
14,1161,145437,10389
14,1167,146378,10460
14,1155,147224,10521
14,1154,148500,10585
14,1163,149368,10651
15,1156,897.646,60
15,1146,1605.97,114
15,1158,2455.82,178
15,1155,3275.02,239
15,1155,4014.67,296
15,1158,4934.6,365
15,1155,5689.91,422
15,1151,6419.2,478
15,1160,7439.72,550
15,1152,8195.81,603
15,1160,9063.49,669
15,1160,9872.2,728
15,1155,10729.3,791
15,1157,11620.6,855
15,1165,12667.3,930
15,1156,13440.8,987
15,1159,14217.2,1045
15,1159,14944.5,1100
15,1151,15579.5,1147
15,1160,16442.8,1213
15,1150,17287.9,1276
15,1152,18213.5,1334
15,1160,19150.7,1398
15,1150,19869.6,1453
15,1165,20811.2,1521
15,1148,21578.9,1579
15,1150,22319.3,1633
15,1161,23052.7,1687
15,1152,24009.2,1753
15,1154,24924.3,1810
15,1157,25963,1873
15,1154,26689.1,1927
15,1155,27572.8,1992
15,1161,28349.4,2050
15,1156,29183.3,2112
15,1160,30022,2176
15,1150,30841.9,2228
15,1162,31934.2,2299
15,1158,32790.3,2354
15,1153,33584.3,2413
15,1151,34458.4,2479
15,1153,35366.2,2547
15,1162,36190,2611
15,1149,36949.9,2667
15,1156,37732.3,2725
15,1165,38661.9,2794
15,1152,39478.4,2856
15,1155,40201.8,2911
15,1158,41077.4,2976
15,1152,41832.1,3033
15,1155,42654.2,3094
15,1160,43559.1,3162
15,1155,44484.3,3217
15,1149,45225,3273
15,1153,46068.8,3336
15,1163,46947,3402
15,1147,47638.9,3454
15,1157,48578.5,3525
15,1158,49318.6,3580
15,1155,50115.8,3641
15,1157,50806.8,3693
15,1157,51614.5,3753
15,1156,52492.4,3819
15,1162,53402.2,3886
15,1152,54117.3,3940
15,1163,55000,4006
15,1163,55810.3,4067
15,1153,56878.7,4130
15,1162,57655.1,4187
15,1162,58801.8,4258
15,1148,59645.3,4318
15,1152,60486.3,4377
15,1158,61272.9,4436
15,1153,62181.5,4505
15,1153,62983,4565
15,1160,63805.9,4627
15,1158,64795.1,4693
15,1157,65814.2,4758
15,1151,66598.9,4817
15,1152,67261.4,4867
15,1149,68026,4925
15,1162,68916.2,4989
15,1159,69958.9,5061
15,1154,70845.5,5122
15,1168,72060.6,5200
15,1162,72924,5264
15,1162,73845.1,5334
15,1150,74782,5387
15,1154,75643.3,5449
15,1148,76387.5,5505
15,1151,77151.2,5562
15,1159,78099.7,5633
15,1159,79131.4,5693
15,1155,80052.2,5759
15,1165,80915.7,5824
15,1153,81611.1,5875
15,1154,82421,5936
15,1154,83169.9,5991
15,1159,84100,6056
15,1157,85206.1,6122
15,1162,86172.4,6192
15,1158,86976,6249
15,1155,88145.9,6311
15,1165,89155.1,6370
15,1160,90009.6,6432
15,1159,90924.3,6498
15,1159,91745.2,6558
15,1155,92605.4,6620
15,1157,93579.1,6693
15,1156,94443.9,6757
15,1166,95400.2,6827
15,1161,96260.3,6890
15,1153,97024.8,6948
15,1152,97836.3,7009
15,1148,98535.4,7061
15,1155,99264.9,7114
15,1147,100006,7167
15,1158,100910,7233
15,1155,101712,7293
15,1157,102453,7347
15,1156,103577,7406
15,1159,104701,7465
15,1152,105582,7525
15,1147,106442,7580
15,1157,107238,7640
15,1149,108316,7698
15,1154,109358,7763
15,1155,110312,7831
15,1158,111126,7892
15,1157,111959,7954
15,1151,112838,8019
15,1154,113604,8076
15,1158,114424,8137
15,1152,115362,8197
15,1154,116184,8259
15,1154,117018,8321
15,1163,117868,8384
15,1151,118770,8451
15,1158,119637,8515
15,1149,120357,8569
15,1157,121275,8636
15,1155,122119,8699
15,1150,122794,8748
15,1159,123692,8814
15,1153,124489,8874
15,1157,125308,8934
15,1157,126121,8995
15,1158,127051,9064
15,1157,128039,9137
15,1154,128971,9204
15,1156,129905,9273
15,1163,130829,9341
15,1156,131674,9403
15,1163,132482,9462
15,1161,133442,9534
15,1152,134207,9592
15,1149,134853,9641
15,1163,135688,9701
15,1154,136585,9766
15,1157,137471,9831
15,1153,138367,9896
15,1160,139293,9964
15,1155,140089,10023
15,1156,140866,10080
15,1156,141630,10137
15,1155,142469,10199
15,1154,143228,10256
15,1162,143986,10313
15,1154,144801,10374
15,1146,145469,10424
15,1159,146341,10488
15,1155,147270,10555
15,1154,148070,10614
15,1147,148827,10670
15,1161,149695,10735
