1,963,160.92,26
1,960,333.896,71
1,966,582.031,114
1,957,722.231,144
1,958,865.657,179
1,965,1009.73,216
1,962,1209.69,257
1,953,1329.4,292
1,959,1467.23,333
1,958,1609.67,369
1,956,1696.94,397
1,961,1827.69,438
1,960,1997,476
1,967,2329.52,534
1,960,2451.9,571
1,964,2613.24,614
1,970,2791.45,655
1,963,2891.46,692
1,965,3105.98,742
1,961,3221.77,773
1,962,3369.08,814
1,958,3519.36,853
1,968,3801.21,901
1,966,4024.15,953
1,963,4239.34,993
1,966,4375.16,1036
1,969,4525.37,1074
1,962,4638.72,1113
1,956,4810.21,1152
1,960,4934.47,1189
1,955,5076.65,1226
1,963,5269.35,1269
1,964,5386.48,1302
1,968,5621.57,1351
1,962,5793.82,1392
1,967,6081.5,1444
1,958,6167.55,1473
1,960,6316.5,1510
1,967,6619.08,1561
1,958,6866.09,1604
1,956,6991.9,1639
1,958,7139.11,1676
1,962,7355.81,1716
1,968,7522.91,1764
1,958,7755.84,1808
1,956,7914.17,1841
1,964,8092.17,1883
1,961,8218.7,1920
1,951,8350.61,1951
1,967,8591.6,1999
1,964,8787.89,2040
1,962,8916.04,2073
1,955,9101.62,2117
1,964,9316.17,2167
1,965,9499.53,2210
1,961,9619.28,2245
1,962,9879.72,2296
1,966,10045.8,2336
1,962,10200.5,2375
1,970,10408.1,2431
1,961,10637.4,2475
1,963,10792,2515
1,951,10985.5,2555
1,969,11235.7,2604
1,952,11405,2644
1,964,11652.9,2690
1,967,11856.7,2730
1,965,12173.8,2786
1,967,12350.4,2827
1,959,12526.1,2868
1,963,12789.6,2918
1,967,12899.1,2957
1,961,13097.8,2999
1,957,13250.8,3040
1,966,13504,3088
1,965,13611,3123
1,965,13898.2,3173
1,967,14119.9,3225
1,957,14210.7,3255
1,952,14350.2,3289
1,961,14496.9,3327
1,958,14631.9,3369
1,962,14863,3414
1,964,15004,3458
1,961,15204.4,3495
1,960,15387.2,3527
1,964,15765.4,3579
1,962,15889.9,3622
1,971,16135,3680
1,968,16334.4,3721
1,960,16557.1,3761
1,955,16679.7,3796
1,959,16875.3,3835
1,956,17139.6,3877
1,960,17246.7,3917
1,958,17446,3960
1,957,17580.7,4000
1,953,17674.2,4031
1,958,17793.3,4065
1,961,17894.9,4099
1,958,18114.3,4150
1,963,18225.1,4190
1,956,18378.9,4230
1,967,18545.4,4277
1,963,18764.6,4318
1,964,18940.2,4358
1,958,19114.2,4398
1,959,19242.4,4436
1,960,19406.9,4482
1,966,19685.6,4534
1,962,20012.8,4587
1,951,20190.8,4627
1,966,20387.7,4669
1,965,20570.3,4713
1,959,20817.5,4758
1,955,20946.6,4790
1,959,21101.7,4828
1,961,21213.9,4860
1,951,21383.4,4896
1,967,21618,4941
1,964,21837.9,4990
1,963,22058.7,5039
1,954,22194.5,5079
1,955,22350.4,5121
1,965,22468.3,5166
1,963,22587,5198
1,958,22694.6,5236
1,968,22950.9,5284
1,953,23123.5,5324
1,965,23354.2,5374
1,960,23525.4,5413
1,963,23765.8,5463
1,950,23921.2,5503
1,960,24111.9,5540
1,957,24204.1,5570
1,964,24443.7,5621
1,960,24641.1,5670
1,966,25047.5,5730
1,965,25219.5,5778
1,958,25387.2,5816
1,965,25585.3,5865
1,961,25762.6,5904
1,960,25901.9,5938
1,964,26145.3,5989
1,960,26347.2,6029
1,956,26474,6069
1,957,26624.2,6107
1,970,26877.6,6155
1,958,27041.1,6188
1,963,27201.7,6222
1,962,27348.1,6259
1,963,27502.5,6300
1,962,27775.6,6342
1,959,27865.1,6373
1,967,28047,6416
1,959,28179.2,6458
1,963,28626.5,6517
1,965,28889,6567
1,969,29053.8,6615
1,958,29279.7,6659
1,965,29391.7,6697
1,961,29573.4,6742
1,966,29723.2,6782
1,965,29879.5,6824
1,962,30034.1,6866
1,964,30246.1,6912
1,960,30412.9,6958
1,960,30561,6996
1,957,30804.6,7043
1,961,30917.7,7074
1,964,31292.8,7135
1,963,31509.1,7178
1,963,31740.1,7221
1,961,31846,7258
1,965,32000.7,7298
1,961,32161.2,7342
1,965,32370.6,7388
1,966,32580.4,7435
1,962,32740.9,7477
1,963,32866.5,7515
1,954,32951.5,7544
1,964,33096.1,7591
1,967,33208.7,7633
1,964,33413,7675
1,958,33593.7,7717
1,953,33706.1,7757
1,965,33854.9,7796
1,964,34052.9,7844
1,967,34238.4,7889
1,966,34444,7934
1,960,34664.5,7978
1,956,34855.7,8019
1,963,35096.8,8064
1,951,35294.9,8107
1,962,35443.9,8148
1,956,35631,8186
1,958,35828.6,8231
1,964,36023.4,8274
1,960,36243.7,8309
1,951,36442.6,8350
1,962,36594.8,8391
1,961,36742.1,8428
1,961,36934.7,8477
1,961,37057.1,8512
1,962,37251,8552
1,956,37372.6,8589
1,963,37533,8633
1,967,37759.8,8685
1,961,37859,8721
1,962,37995.1,8761
1,959,38118.1,8797
1,964,38290,8840
1,958,38435.8,8875
1,966,38743.5,8929
1,960,38891.9,8970
1,965,39075,9012
1,961,39235.7,9056
1,969,39506.3,9103
1,953,39679.8,9138
1,967,39921,9190
1,971,40306.9,9250
1,968,40559.1,9303
1,959,40667.2,9332
1,961,40879.6,9371
1,966,40967.8,9400
1,958,41372.3,9459
1,956,41514.5,9495
1,962,41675.9,9528
1,963,41865.1,9575
1,956,41978.8,9604
1,958,42144.6,9641
1,961,42277,9681
1,961,42428.1,9720
1,961,42538.4,9760
2,959,205.974,38
2,962,483.505,83
2,959,651.141,124
2,960,803.304,163
2,962,1011,207
2,960,1197.53,250
2,956,1332.96,287
2,963,1548.74,335
2,959,1663.77,368
2,962,1819.55,407
2,962,2040.79,448
2,951,2152.56,478
2,965,2289.51,521
2,962,2539.06,572
2,965,2705.94,618
2,968,2943.38,665
2,960,3190.62,707
2,961,3408.3,756
2,956,3586.85,798
2,959,3673.45,827
2,961,3850.03,868
2,969,4177.15,919
2,958,4387.29,965
2,965,4697.56,1015
2,957,4919.65,1057
2,958,5043.66,1095
2,966,5192.26,1130
2,962,5370.56,1172
2,964,5611.74,1224
2,960,5726.49,1264
2,961,5895.3,1302
2,959,6071.45,1341
2,971,6516.34,1407
2,959,6756.2,1454
2,959,6864.23,1489
2,954,7016.13,1529
2,955,7258.09,1571
2,964,7465.23,1615
2,965,7644.91,1659
2,959,7747.71,1695
2,966,7904.68,1736
2,970,8117.04,1782
2,959,8273.24,1824
2,971,8492.8,1875
2,962,8707.38,1922
2,959,8839.83,1963
2,967,9145.55,2013
2,967,9348.13,2060
2,961,9541.32,2103
2,969,9783.76,2149
2,965,10028.8,2193
2,960,10210.3,2234
2,960,10366.4,2276
2,965,10671.2,2330
2,959,10842.6,2365
2,955,10978.1,2397
2,958,11069.6,2426
2,969,11165.1,2460
2,958,11309.6,2495
2,965,11418.9,2532
2,959,11580.6,2567
2,964,11761.1,2609
2,959,11905.9,2644
2,963,12140.5,2691
2,960,12298.8,2734
2,969,12524.4,2787
2,958,12704.7,2824
2,957,12856.5,2862
2,961,13039.8,2907
2,961,13177.5,2946
2,969,13356.3,2990
2,958,13510,3031
2,966,13690.5,3075
2,963,13934.6,3125
2,965,14181.7,3170
2,948,14280.1,3205
2,966,14453.7,3253
2,969,14696.9,3305
2,972,14933.3,3356
2,960,15052.7,3392
2,956,15192.4,3424
2,963,15476,3476
2,968,15630.5,3525
2,962,15902.4,3570
2,960,16153.1,3617
2,951,16299.2,3651
2,953,16394.5,3684
2,967,16652.5,3731
2,965,16866.8,3781
2,958,17000,3823
2,964,17211.2,3865
2,963,17377.9,3912
2,959,17524.3,3949
2,958,17706.5,3986
2,964,17835.3,4028
2,965,17933.7,4060
2,965,18060.6,4099
2,967,18251.4,4143
2,964,18419.2,4189
2,962,18684.7,4233
2,967,18945.2,4280
2,962,19150,4322
2,965,19310.4,4363
2,963,19532.8,4408
2,965,19709.3,4458
2,957,19910.1,4501
2,958,20010.7,4536
2,963,20170.7,4578
2,960,20419,4622
2,963,20601.2,4666
2,968,20851.2,4720
2,960,21010.9,4752
2,964,21163.3,4790
2,961,21348.7,4832
2,949,21489.1,4867
2,969,21607.2,4912
2,951,21717.4,4942
2,960,21826.6,4979
2,962,22025.6,5021
2,965,22230.3,5055
2,954,22315.5,5083
2,957,22459.2,5116
2,961,22588.1,5155
2,958,22767.1,5198
2,961,22968,5241
2,962,23222.3,5281
2,960,23409.6,5325
2,965,23669.4,5376
2,968,23874.3,5419
2,948,24014.3,5454
2,964,24261.1,5499
2,962,24530.8,5552
2,958,24674.9,5588
2,965,24798.3,5626
2,957,24983.6,5660
2,963,25181.7,5710
2,962,25422.7,5753
2,959,25612,5787
2,967,25921,5840
2,969,26217,5888
2,960,26433.5,5936
2,960,26590.3,5967
2,963,26773.9,6013
2,960,27024.9,6070
2,960,27224.7,6111
2,966,27347.4,6148
2,961,27482.2,6180
2,960,27621.1,6223
2,958,27710.7,6254
2,960,27839.3,6292
2,959,27968.6,6333
2,960,28112,6368
2,959,28308,6411
2,965,28472.6,6455
2,961,28619.7,6492
2,966,28809.7,6528
2,959,29027.4,6573
2,953,29159.7,6602
2,963,29345.7,6638
2,964,29528.7,6681
2,959,29639.2,6711
2,969,29853.9,6758
2,954,29975,6792
2,960,30073.8,6826
2,968,30183.5,6866
2,966,30334.6,6906
2,957,30506.5,6945
2,957,30782.7,6992
2,961,30944.9,7033
2,952,31054,7072
2,965,31207.8,7113
2,961,31301.8,7146
2,960,31496.6,7184
2,964,31725.3,7228
2,962,31882.6,7268
2,966,32014.3,7309
2,966,32256,7351
2,967,32420.9,7389
2,960,32522.9,7424
2,961,32647.2,7461
2,957,32847.9,7503
2,962,33019.3,7540
2,952,33168.1,7578
2,966,33447.3,7627
2,962,33685.3,7669
2,958,33789.3,7704
2,955,33953,7738
2,960,34197.4,7782
2,959,34311.3,7822
2,965,34431.2,7857
2,962,34583.4,7895
2,962,34687.4,7923
2,965,34857.6,7960
2,961,34987.7,8000
2,959,35198.1,8046
2,958,35446.8,8090
2,966,35584.8,8132
2,971,35780,8182
2,961,35943.4,8225
2,970,36240.6,8283
2,959,36399,8320
2,954,36499.4,8345
2,956,36609.7,8385
2,967,36812.7,8429
2,964,36936.7,8463
2,963,37058.7,8506
2,957,37255.1,8546
2,955,37383.1,8585
2,965,37516.6,8625
2,960,37671.3,8658
2,965,37795.2,8694
2,968,38078.3,8745
2,962,38203.5,8780
2,963,38354.5,8819
2,960,38560.6,8865
2,959,38710.8,8904
2,961,38870.5,8951
2,963,39066.1,8997
2,957,39217.2,9036
2,962,39390.4,9086
2,964,39535.9,9126
2,961,39655.1,9159
2,963,39791.8,9202
2,967,39942.3,9252
2,958,40172.6,9295
2,964,40337.6,9340
2,956,40537.9,9382
2,962,40753.7,9423
2,965,40953.9,9471
2,963,41062.3,9510
2,964,41336.2,9558
2,955,41485.5,9595
2,963,41610.7,9633
2,962,41837.7,9679
2,960,41976.1,9720
2,961,42177.9,9763
2,957,42355,9802
2,955,42466.6,9843
2,970,42648.4,9886
2,965,42892.7,9927
2,964,43116,9968
2,959,43306.8,10013
2,957,43451.9,10048
2,964,43582.8,10081
2,952,43729.5,10117
2,962,43854.7,10153
2,967,44037.4,10197
2,960,44252.8,10246
2,954,44362.6,10276
2,963,44517.8,10317
2,961,44645.9,10356
2,965,44764.4,10399
2,964,44927.1,10441
2,961,45080.2,10481
2,961,45270.8,10529
2,964,45413.3,10572
2,964,45654.8,10623
2,963,45876.8,10666
2,959,46004.3,10703
2,960,46154.4,10741
2,962,46357.1,10784
2,951,46476.4,10819
2,963,46678.5,10861
2,960,46798.9,10897
2,960,46893.6,10929
2,966,47176.7,10979
2,959,47288.3,11009
2,968,47383.8,11041
2,957,47498,11074
2,962,47657.2,11115
2,957,47793.2,11156
2,959,47943.9,11189
2,958,48132.9,11234
2,968,48277.2,11280
2,964,48492,11319
2,965,48668,11358
2,964,48848.7,11402
2,960,48944.6,11436
2,952,49042.1,11469
2,960,49303.4,11518
2,958,49532.7,11564
2,966,49648.3,11607
2,969,49865.6,11656
2,969,50120.2,11714
2,962,50251,11754
2,968,50562.7,11810
2,963,50703.9,11845
2,964,50827.9,11882
2,957,51026,11926
2,969,51231.2,11964
2,967,51405.3,12007
2,960,51576.6,12048
2,957,51725.5,12085
2,959,51857.8,12113
2,958,52065.7,12160
2,955,52240.1,12200
2,963,52379.2,12242
2,965,52565.6,12289
2,952,52718.6,12327
2,963,52901.5,12371
2,965,53150.8,12416
2,961,53382,12463
2,961,53568.5,12508
2,971,53913.1,12569
2,966,54133.4,12614
2,967,54307.4,12663
2,962,54441.5,12705
2,952,54588.3,12741
2,966,54754.3,12787
2,959,54908.7,12829
2,962,55139.9,12869
2,965,55405.1,12915
2,954,55533.9,12944
2,969,55755.1,13007
2,957,55878.5,13043
2,959,56056.2,13083
2,971,56304.6,13136
2,966,56453.6,13174
2,967,56592.3,13218
2,961,56810.1,13261
2,970,57016.5,13314
2,966,57279,13365
2,959,57379.1,13399
2,953,57478.5,13433
2,962,57660.2,13477
2,960,57765.9,13516
2,964,57977.1,13560
2,958,58142.1,13603
2,969,58295.6,13654
2,967,58420.7,13691
2,961,58545.7,13727
2,966,58652.2,13764
2,964,58908,13812
2,960,59023.4,13845
2,961,59152.8,13884
2,964,59388.1,13932
2,967,59525.4,13976
2,958,59640.2,14007
2,960,59766.8,14044
2,959,59874.7,14081
2,962,60058.4,14124
2,963,60227.5,14162
2,966,60366.8,14205
2,958,60523.8,14245
2,960,60735.4,14292
2,962,60843.8,14329
2,948,60971.7,14368
2,958,61228.2,14413
2,962,61424,14453
2,964,61553.6,14492
2,962,61760.2,14535
2,962,61911.6,14574
2,965,62218.7,14626
2,967,62419.1,14667
2,964,62569.6,14706
2,961,62672,14743
2,967,62920.2,14796
2,964,63115.9,14843
2,964,63319.4,14885
2,963,63543.1,14937
2,963,63702.6,14977
2,958,63878.8,15018
2,965,64024.5,15055
2,960,64196.3,15095
2,961,64417.1,15134
2,962,64614.3,15185
2,963,64834.4,15226
2,959,64987.1,15262
2,959,65151.9,15306
2,963,65445.4,15361
2,958,65684.2,15409
2,970,65812.2,15448
2,961,66048.3,15495
2,960,66224.3,15534
2,959,66365.7,15569
2,964,66610.1,15613
2,964,66763.4,15656
2,958,66898.2,15695
2,964,67052.5,15734
2,955,67263,15779
2,964,67462.3,15819
2,957,67561.9,15855
2,960,67755.4,15904
2,969,67894.5,15946
2,966,68096.3,15991
2,962,68205.3,16028
2,958,68321.2,16061
2,961,68500,16103
2,967,68789.5,16156
2,960,68974,16198
2,954,69142.7,16234
2,960,69299.7,16275
2,965,69527.3,16328
2,964,69767.2,16370
2,963,69920.8,16405
2,956,70023.1,16442
2,962,70259,16490
2,962,70404.1,16525
2,968,70631.5,16577
2,956,70752,16611
2,963,70907.5,16652
2,957,71106.3,16693
2,959,71226.1,16725
2,962,71459.9,16773
2,966,71789.1,16826
2,956,71925.9,16861
2,964,72164.3,16907
2,966,72302.3,16951
2,966,72592.2,17004
2,969,72866.7,17054
2,960,72999.3,17095
2,967,73104.7,17132
2,961,73295.4,17170
2,970,73576,17223
2,957,73697.9,17257
2,966,73873.8,17298
2,963,74036.4,17342
2,957,74238.9,17386
2,955,74383.3,17422
2,959,74535.2,17461
2,964,74810.8,17514
2,971,75033.6,17576
2,968,75147.3,17616
2,958,75311.7,17655
2,958,75517.5,17698
2,959,75735.2,17738
2,960,75940.2,17779
2,958,76034.9,17811
2,957,76144.9,17842
2,956,76242.5,17876
2,958,76446.4,17920
2,962,76592.7,17956
2,961,76797.2,17999
2,950,76917.2,18034
2,953,77084.5,18070
2,965,77270.7,18117
2,969,77536.8,18168
2,954,77654.4,18201
2,965,77897.4,18251
2,960,78064.1,18287
2,966,78299.3,18337
2,962,78505.5,18375
2,963,78713.3,18420
2,951,78812.4,18445
2,963,78991.7,18485
2,955,79088.7,18518
2,958,79262.5,18558
2,960,79404.7,18600
2,955,79662.6,18642
2,965,79884.3,18691
2,959,80017.7,18731
2,963,80149.3,18769
2,965,80301.7,18810
2,962,80464.6,18853
2,964,80705.8,18902
2,963,80850.2,18949
2,962,81169.2,19003
2,967,81294,19040
2,960,81442.6,19076
2,964,81577.3,19119
2,962,81798.9,19162
2,959,81982,19205
2,961,82200,19247
2,964,82389.7,19293
2,962,82576.3,19338
2,965,82732,19376
2,960,82962,19422
2,962,83123.4,19465
2,961,83245.2,19499
2,963,83451.6,19544
2,959,83637.1,19579
2,963,83773.7,19621
2,958,83997.6,19671
2,962,84172.3,19710
2,960,84343.8,19749
2,966,84471.8,19775
2,960,84567.8,19806
2,958,84718.9,19846
2,964,84911.5,19892
2,962,85103.6,19936
2,959,85231.3,19974
2,958,85322,20006
2,961,85497.8,20046
2,954,85636.7,20083
2,956,85865.5,20128
2,962,86049.6,20173
2,962,86226.7,20212
2,953,86395,20250
2,959,86567.9,20288
2,957,86767.9,20330
2,967,86927.8,20370
2,945,87083.2,20402
2,961,87225.5,20447
2,961,87477.2,20491
2,958,87603.3,20524
2,961,87854.3,20569
2,958,87947,20600
2,966,88121.6,20641
2,963,88309.4,20685
2,965,88463.7,20725
2,970,88599.5,20765
2,963,88818.7,20816
2,971,89110.7,20870
2,958,89339.5,20922
2,963,89554.4,20969
2,963,89770.4,21018
2,959,89893.4,21055
2,963,90018.1,21090
2,963,90219.8,21133
2,958,90383.5,21178
2,957,90603.3,21219
2,960,90751.8,21264
2,970,90988.5,21311
2,965,91146.1,21352
2,968,91286,21394
2,951,91450.8,21429
2,960,91600.8,21468
2,961,91762.6,21511
2,966,91957.8,21548
2,950,92039.4,21576
2,960,92170.5,21615
2,962,92390.9,21667
2,961,92669.1,21715
2,970,92867,21765
2,964,93036.4,21801
2,964,93176,21844
2,963,93402.6,21888
2,955,93495.7,21920
2,956,93644.9,21957
2,959,93815.5,21998
2,964,94028.4,22043
2,958,94148.4,22079
2,965,94356.3,22125
2,959,94456.8,22158
2,959,94694.3,22206
2,968,94966.8,22252
2,957,95132.4,22290
2,967,95402.5,22348
2,956,95562.7,22383
2,959,95713.2,22430
2,958,95887.1,22470
2,966,96140.8,22517
2,959,96279.4,22549
2,950,96424.5,22584
2,966,96598.8,22625
2,964,96728.7,22664
2,958,96887.6,22709
2,965,97044,22749
2,965,97226.8,22793
2,962,97375.4,22832
2,969,97564.6,22878
2,966,97718.3,22918
2,958,97815,22949
2,964,98115.3,22998
2,960,98321.4,23041
2,962,98432.3,23071
2,957,98555,23107
2,967,98704.3,23144
2,963,98881.9,23184
2,964,99146.9,23235
2,965,99304.8,23277
2,959,99448.9,23312
2,961,99682.9,23359
2,964,99811.1,23397
2,961,100044,23444
2,950,100141,23475
2,962,100318,23517
2,962,100556,23567
2,969,100741,23612
2,966,100903,23654
2,959,101157,23700
2,969,101319,23743
2,967,101481,23784
2,966,101677,23825
2,962,101774,23859
2,965,102040,23908
2,966,102335,23965
2,960,102514,24007
2,962,102760,24049
2,956,102862,24082
2,970,103249,24140
2,960,103393,24174
2,962,103548,24213
2,959,103698,24253
2,959,103916,24302
2,967,104023,24337
2,967,104235,24385
2,968,104354,24430
2,956,104522,24467
2,962,104705,24513
2,953,104848,24547
2,964,105036,24594
2,964,105201,24637
2,958,105384,24678
2,962,105513,24717
2,956,105709,24757
2,961,105837,24796
2,963,105984,24840
2,965,106182,24881
2,956,106323,24916
2,962,106558,24962
2,960,106699,25006
2,954,106835,25048
2,958,107051,25087
2,964,107196,25123
2,956,107332,25162
2,955,107566,25209
2,966,107955,25270
2,971,108213,25322
2,971,108423,25367
2,963,108552,25406
2,967,108733,25448
2,972,108872,25491
2,965,109057,25536
2,971,109316,25592
2,957,109538,25632
2,963,109693,25683
2,960,109920,25727
2,957,110112,25767
2,968,110377,25816
2,962,110499,25852
2,957,110632,25886
2,966,110881,25931
2,957,111049,25968
2,962,111326,26017
2,958,111451,26049
2,962,111610,26088
2,955,111765,26121
2,965,111903,26157
2,960,112110,26206
2,963,112255,26246
2,968,112438,26296
2,957,112656,26339
2,964,112865,26388
2,959,113046,26432
2,961,113153,26466
2,967,113360,26506
2,961,113593,26554
2,967,113810,26598
2,959,113931,26630
2,964,114052,26668
2,961,114200,26711
2,969,114416,26762
2,951,114605,26801
2,961,114759,26836
2,961,115039,26884
2,963,115282,26928
2,959,115422,26966
2,955,115560,27001
2,966,115722,27041
2,963,115884,27080
2,958,116089,27118
2,959,116302,27158
2,959,116556,27206
2,962,116797,27248
2,965,116968,27290
2,960,117261,27341
2,968,117491,27390
2,964,117678,27438
2,958,117864,27478
2,962,117981,27517
2,966,118160,27562
2,963,118384,27608
2,949,118470,27633
2,961,118700,27673
2,957,118828,27704
2,960,118980,27737
2,966,119085,27775
2,965,119191,27811
2,964,119568,27865
2,960,119757,27906
2,968,119929,27952
2,950,120071,27987
2,963,120340,28031
2,961,120569,28073
2,955,120695,28110
2,953,120821,28147
2,968,120987,28193
2,961,121166,28232
2,962,121393,28276
2,960,121657,28319
2,953,121793,28358
2,965,121946,28398
2,969,122239,28453
2,959,122376,28494
2,965,122543,28542
2,962,122721,28585
2,965,122963,28636
2,958,123055,28666
2,963,123175,28701
2,955,123329,28742
2,960,123491,28786
2,967,123716,28829
2,965,123911,28876
2,965,124059,28913
2,960,124239,28958
2,965,124471,29005
2,961,124606,29047
2,955,124703,29080
2,962,124897,29120
2,955,125026,29149
2,959,125149,29184
2,961,125411,29234
2,957,125492,29259
2,957,125587,29293
2,965,125928,29348
2,962,126088,29385
2,961,126295,29429
2,959,126423,29468
2,961,126625,29509
2,953,126780,29548
2,962,126927,29584
2,963,127034,29623
2,960,127196,29667
2,963,127396,29712
2,966,127579,29751
2,963,127836,29792
2,957,127967,29832
2,965,128092,29870
2,957,128204,29902
2,963,128363,29946
2,957,128527,29988
2,964,128659,30028
2,964,128797,30072
2,958,128957,30111
2,967,129263,30169
2,963,129460,30210
2,959,129670,30258
2,968,129884,30309
2,966,130090,30358
2,960,130369,30409
2,956,130483,30450
2,965,130597,30492
2,962,130779,30536
2,966,130946,30572
2,961,131061,30611
2,961,131247,30655
2,960,131477,30702
2,956,131578,30736
2,962,131719,30781
2,960,131910,30827
2,955,132022,30867
2,959,132258,30915
2,956,132415,30950
2,956,132544,30985
2,964,132716,31022
2,969,133049,31076
2,970,133364,31134
2,963,133522,31174
2,966,133880,31232
2,955,134020,31265
2,964,134250,31310
2,958,134433,31354
2,964,134671,31400
2,963,134820,31438
2,967,134923,31476
2,958,135121,31516
2,963,135290,31559
2,963,135471,31602
2,962,135580,31640
2,961,135722,31676
2,969,135861,31713
2,965,136023,31758
2,965,136233,31805
2,964,136417,31850
2,956,136546,31887
2,954,136659,31927
2,956,136767,31957
2,962,136936,31999
2,956,137060,32033
2,961,137180,32067
2,957,137384,32110
2,960,137534,32149
2,961,137743,32193
2,966,137931,32238
2,968,138282,32290
2,963,138476,32333
2,964,138690,32370
2,952,138832,32405
2,961,139063,32449
2,968,139323,32497
2,960,139448,32533
2,966,139750,32583
2,960,139930,32625
2,955,140042,32665
2,956,140185,32700
2,958,140351,32737
2,960,140508,32776
2,962,140720,32824
2,960,140973,32866
2,966,141093,32900
2,961,141223,32941
2,959,141389,32976
2,966,141633,33017
2,962,141875,33067
2,964,142060,33113
2,956,142206,33146
2,964,142392,33192
2,963,142525,33234
2,963,142700,33276
2,964,142924,33327
2,966,143154,33382
2,959,143260,33419
2,968,143504,33471
2,964,143672,33517
2,965,143809,33561
2,967,144073,33607
2,963,144207,33648
2,960,144382,33689
2,963,144519,33730
2,959,144699,33763
2,967,144819,33807
2,962,145005,33852
2,961,145285,33898
2,961,145524,33940
2,964,145785,33989
2,967,145970,34034
2,964,146196,34078
2,954,146314,34111
2,953,146454,34146
2,966,146639,34191
2,955,146804,34235
2,961,146954,34273
2,967,147228,34320
2,956,147345,34354
2,958,147535,34390
2,957,147773,34439
2,964,147978,34481
2,960,148150,34524
2,960,148307,34574
2,961,148486,34617
2,968,148765,34668
2,965,148961,34705
2,958,149092,34745
2,962,149287,34794
2,966,149519,34835
2,961,149623,34872
2,958,149822,34911
3,964,224.826,46
3,957,391.548,82
3,964,652.591,124
3,962,787.229,156
3,963,1004.11,198
3,961,1203.15,243
3,955,1295.12,273
3,955,1458.37,316
3,961,1636.64,358
3,966,1856.56,404
3,965,2104.61,459
3,960,2332.98,503
3,961,2471.65,543
3,961,2635.61,588
3,952,2744.56,618
3,958,2903.69,657
3,962,3108.48,709
3,956,3299.44,756
3,967,3521.76,802
3,958,3690.95,833
3,953,3810.04,868
3,962,4083.41,925
3,963,4252.08,963
3,959,4377.68,999
3,955,4519.17,1033
3,962,4702.89,1078
3,965,4886.98,1119
3,964,5081.8,1158
3,963,5285.37,1201
3,960,5438.5,1237
3,960,5574.25,1270
3,956,5666.28,1303
3,965,5909.03,1354
3,967,6087.23,1398
3,968,6330.49,1448
3,959,6442.16,1488
3,954,6607.98,1525
3,963,6857.24,1577
3,964,7001.37,1622
3,966,7227.33,1674
3,964,7491.46,1727
3,963,7753.44,1778
3,964,7927.8,1826
3,964,8077.25,1866
3,971,8399.4,1928
3,962,8531.62,1968
3,959,8678.33,2003
3,968,8839.56,2057
3,959,9077.65,2104
3,964,9350.04,2152
3,971,9540.76,2198
3,960,9715.55,2236
3,954,9814.53,2268
3,969,10050.1,2316
3,959,10241.3,2353
3,962,10496.5,2400
3,967,10667.3,2447
3,962,10991,2506
3,963,11176.2,2545
3,958,11366.3,2586
3,964,11543.7,2630
3,961,11699.9,2667
3,965,11965,2719
3,963,12127,2763
3,957,12222.7,2794
3,962,12450.7,2840
3,963,12643.5,2877
3,963,12824.9,2919
3,971,13053.5,2966
3,955,13141,2994
3,964,13424.5,3046
3,969,13649.2,3092
3,963,13833.2,3133
3,963,14006.5,3173
3,959,14118.3,3205
3,962,14295.9,3245
3,960,14482.6,3292
3,966,14687.9,3337
3,960,14883.9,3378
3,965,15077,3419
3,962,15221.1,3458
3,961,15519.8,3509
3,956,15656.5,3545
3,967,15872.6,3597
3,969,16058.5,3651
3,964,16177.8,3686
3,960,16345.6,3722
3,965,16621.1,3770
3,959,16753.1,3807
3,966,16987.3,3855
3,959,17130.7,3890
3,963,17304,3930
3,956,17447.8,3963
3,963,17597.6,4001
3,966,17741.8,4047
3,966,17893.2,4085
3,967,18113.2,4132
3,962,18286.2,4180
3,961,18411.2,4215
3,966,18582.5,4265
3,962,18790.8,4313
3,960,18959.1,4351
3,963,19145.9,4394
3,947,19271.5,4428
3,956,19373.6,4465
3,960,19537.7,4508
3,963,19701,4551
3,960,19879.4,4591
3,969,20014,4633
3,965,20246.3,4678
3,960,20435.8,4724
3,960,20661.4,4768
3,963,20804.3,4803
3,961,21091.1,4852
3,971,21252,4894
3,961,21466.5,4941
3,961,21626.3,4982
3,952,21750.6,5019
3,959,21887,5059
3,966,22148,5109
3,957,22282.8,5145
3,966,22538.5,5194
3,954,22652.6,5225
3,962,22849.3,5265
3,963,23200.1,5321
3,960,23371.2,5356
3,971,23509.6,5398
3,966,23674.1,5444
3,960,23772.6,5479
3,961,24076.2,5526
3,962,24281.7,5572
3,955,24369.2,5601
3,970,24744,5665
3,962,24995,5712
3,967,25268.2,5760
3,946,25363.1,5790
3,960,25500.5,5823
3,955,25630.1,5859
3,951,25711.9,5886
3,960,25903.8,5933
3,965,26052.8,5980
3,968,26252.2,6032
3,971,26581.8,6086
3,957,26748.7,6131
3,959,26933.7,6170
3,957,27061.9,6207
3,952,27145.3,6235
3,957,27251.6,6273
3,952,27343.4,6305
3,958,27514.8,6341
3,964,27809.4,6387
3,964,27992.6,6431
3,958,28119.3,6464
3,968,28465.2,6523
3,953,28625.1,6565
3,964,28793.8,6608
3,961,29005.9,6646
3,963,29237.8,6694
3,949,29380.4,6727
3,962,29608.2,6772
3,962,29730.1,6809
3,959,29937.2,6854
3,969,30231.9,6913
3,965,30402.7,6959
3,960,30527,6996
3,966,30747,7042
3,957,30949.2,7081
3,961,31105.4,7120
3,959,31199.9,7151
3,966,31350.3,7190
3,958,31515.7,7224
3,967,31683.6,7271
3,956,31792.8,7308
3,959,31930.2,7350
3,967,32107.1,7391
3,958,32265.9,7423
3,959,32382.5,7454
3,961,32476.6,7486
3,964,32674.9,7528
3,964,32823.3,7566
3,967,33127.9,7617
3,964,33409,7670
3,962,33651,7719
3,965,33898,7770
3,962,34098.6,7811
3,963,34290.7,7851
3,960,34440.9,7891
3,964,34706,7938
3,962,34835.1,7976
3,957,34918.8,8002
3,959,35042,8037
3,961,35184.5,8073
3,955,35328.9,8108
3,964,35567.1,8155
3,956,35681.8,8195
3,963,35859.4,8236
3,958,36046.1,8275
3,966,36316.7,8327
3,959,36406.7,8358
3,963,36555.2,8394
3,969,36812.9,8440
3,962,37037.4,8482
3,956,37243.8,8525
3,958,37376.6,8556
3,955,37499.6,8592
3,965,37661.8,8635
3,970,37856.4,8677
3,958,38001.1,8716
3,959,38229.5,8763
3,961,38399.8,8799
3,964,38623.2,8842
3,958,38781.7,8885
3,964,38970.5,8926
3,962,39173.8,8967
3,957,39304.5,9006
3,965,39446.4,9041
3,969,39638.8,9089
3,969,40043.9,9147
3,961,40206.5,9178
3,966,40382.7,9218
3,953,40537.2,9259
3,964,40686,9298
3,959,40905.7,9340
3,960,41137.9,9382
3,954,41339.6,9424
3,961,41568.9,9467
3,964,41755.8,9503
3,955,41933.9,9544
3,962,42207.3,9591
3,965,42412.7,9635
3,958,42610.7,9676
3,959,42765.2,9715
3,962,42919.9,9753
3,963,43073.5,9793
3,949,43218.1,9828
3,964,43474.1,9873
3,962,43561.1,9903
3,963,43716.9,9945
3,964,43935.3,9996
3,965,44186.8,10042
3,962,44321.8,10083
3,966,44456.2,10125
3,962,44599.7,10160
3,952,44724.4,10195
3,965,44832.5,10234
3,964,44958.2,10271
3,962,45102.1,10308
3,958,45222.8,10341
3,963,45385.5,10383
3,959,45629.1,10426
3,962,45814.1,10472
3,962,45997.6,10515
3,955,46137.8,10550
3,956,46247.2,10588
3,962,46403.6,10639
3,966,46611.4,10684
3,963,46830,10726
3,960,46985.1,10766
3,963,47244,10817
3,960,47452.5,10871
3,958,47601.1,10910
3,960,47862.6,10951
3,962,48140.6,11002
3,950,48268.4,11030
3,967,48498.1,11077
3,949,48564.5,11095
3,960,48768.6,11139
3,963,48922.3,11173
3,966,49085.5,11217
3,961,49250.8,11260
3,955,49376,11298
3,965,49651.2,11344
3,972,49912.5,11402
3,955,50048.8,11437
3,963,50310,11492
3,959,50452.4,11527
3,962,50642.7,11575
3,961,50734.9,11607
3,957,50846.1,11647
3,969,51021.4,11693
3,961,51189,11737
3,955,51306.8,11770
3,954,51404.3,11805
3,966,51614,11848
3,969,51749.7,11889
3,968,51930,11931
3,960,52039.1,11960
3,971,52349.8,12021
3,962,52461.1,12060
3,962,52649.2,12096
3,958,52871,12141
3,964,53074.3,12187
3,958,53224.2,12221
3,959,53398.4,12260
3,961,53712.5,12317
3,964,53871.8,12358
3,969,54086.5,12405
3,961,54256.3,12443
3,963,54409.3,12483
3,965,54727.1,12536
3,962,54985.3,12573
3,961,55140.1,12611
3,964,55384.3,12663
3,963,55591.7,12698
3,960,55751,12739
3,963,55923.9,12778
3,959,56043.7,12813
3,962,56216.2,12853
3,963,56366.6,12891
3,954,56483.3,12924
3,961,56616,12963
3,961,56783.8,13010
3,959,56932.3,13046
3,953,57074.6,13087
3,966,57473.2,13142
3,954,57599.3,13172
3,958,57786.3,13216
3,963,58026.9,13265
3,961,58203.6,13299
3,956,58393.3,13344
3,960,58587.3,13383
3,962,58727.3,13424
3,962,58834.4,13462
3,959,59020.4,13505
3,964,59126.3,13541
3,961,59251.5,13587
3,972,59401.9,13637
3,968,59662.8,13687
3,962,59836.9,13733
3,962,60026.1,13778
3,964,60175.4,13816
3,959,60340,13863
3,963,60443.9,13898
3,965,60738.5,13954
3,959,60908.6,13990
3,960,61085,14025
3,960,61230.5,14068
3,966,61358.1,14117
3,961,61474.7,14151
3,961,61658,14192
3,962,61814.9,14232
3,957,61937.1,14268
3,956,62128.6,14305
3,958,62295.1,14347
3,963,62446.6,14383
3,963,62565.2,14421
3,968,62739.5,14463
3,968,63005.5,14512
3,963,63201.3,14554
3,965,63380.6,14596
3,970,63555.3,14645
4,963,163.766,39
4,961,400.963,87
4,963,719.88,139
4,958,918.503,181
4,958,1061.18,215
4,967,1335.63,270
4,961,1656.22,318
4,958,1949.64,370
4,970,2127.96,420
4,959,2276.3,457
4,966,2411.53,495
4,958,2577.33,531
4,960,2750.06,570
4,960,2897.53,609
4,958,3025.94,644
4,959,3262.58,690
4,953,3471.95,735
4,954,3628.77,778
4,962,3771.13,811
4,961,3880.68,840
4,958,3961.75,867
4,961,4138.44,906
4,965,4364.01,951
4,966,4609.35,1006
4,971,4854.54,1052
4,957,4987.16,1091
4,966,5224.03,1140
4,958,5445.54,1181
4,969,5646.35,1221
4,967,5898.62,1274
4,962,6006.36,1310
4,962,6154.5,1344
4,962,6323.78,1382
4,965,6711.08,1440
4,964,6910.32,1487
5,969,198.017,42
5,961,372.612,80
5,965,506.872,118
5,963,716.919,163
5,966,898.528,206
5,960,1050.74,246
5,965,1330.67,296
5,967,1545.87,338
5,961,1671.98,375
5,963,1981.05,427
5,957,2104.98,463
5,964,2296.67,509
5,961,2466.21,554
5,964,2663.22,601
5,959,2829.81,645
5,965,2944.49,688
5,967,3128.71,741
5,962,3260.03,779
5,964,3393.42,818
5,958,3570.37,860
5,962,3752.38,902
5,958,3895.19,943
5,964,4052.7,981
5,967,4263.38,1028
5,960,4506.87,1072
5,962,4613.11,1108
5,958,4730.97,1148
5,963,4969.83,1198
5,964,5151.35,1242
5,966,5375.71,1292
5,963,5624.12,1337
5,963,5751.58,1369
5,953,5893.23,1406
5,965,6069.8,1453
5,966,6214.84,1497
5,965,6431.34,1547
5,962,6597.29,1586
5,958,6832.02,1632
5,961,7004.19,1671
5,961,7231.86,1722
5,963,7339.65,1761
5,966,7508.25,1797
5,957,7649.42,1830
5,957,7805.25,1862
5,959,7899.27,1894
5,962,8060.15,1935
5,960,8237.34,1976
5,967,8481.84,2025
5,960,8668.73,2068
5,961,8817.1,2106
5,955,9006.34,2144
5,969,9267.03,2192
5,958,9456.17,2229
5,956,9575.23,2260
5,962,9885,2312
5,966,10168.9,2361
5,969,10339.6,2401
5,957,10457.1,2436
5,966,10758.4,2486
5,967,10886.6,2524
5,966,11076.4,2568
5,960,11248.8,2607
5,968,11490.8,2658
5,959,11617.3,2694
5,959,11942.9,2753
5,957,12094.8,2790
5,956,12292.7,2830
5,961,12421.5,2868
5,960,12630.1,2913
5,966,12809,2952
5,962,13123.8,3005
5,963,13303.2,3048
5,959,13463.5,3089
5,964,13670.2,3133
5,959,13789.5,3163
5,956,13956.1,3209
5,963,14114.8,3249
5,962,14235.8,3285
5,964,14420.3,3329
5,957,14592.4,3368
5,964,14812.7,3417
5,965,15001.5,3463
5,965,15188.1,3507
5,956,15343.3,3545
5,957,15479.4,3585
5,959,15736.5,3642
5,956,15860.9,3676
5,966,15994.9,3716
5,962,16187,3752
5,958,16371.9,3794
5,963,16522.7,3840
5,955,16731.6,3876
5,971,16894.3,3919
5,954,17000.6,3946
5,972,17111.2,3984
5,969,17389.2,4039
5,959,17516.9,4077
5,968,17732.3,4117
5,966,17920.4,4155
5,961,18111.6,4194
5,966,18332.7,4242
5,967,18570.5,4299
5,968,18813.7,4348
5,957,18964.8,4385
5,961,19162.3,4435
5,971,19403.6,4486
5,965,19623,4526
5,964,19842.7,4571
5,963,19971.1,4608
5,961,20109.7,4648
5,961,20393.1,4698
5,957,20535.8,4733
5,961,20697.5,4769
5,961,20837.6,4810
5,962,20969.8,4850
5,960,21133.2,4885
5,963,21270.7,4923
5,964,21373.2,4958
5,956,21477.2,4993
5,967,21669.3,5031
5,962,21770.9,5065
5,952,21872.8,5097
5,966,22025.7,5145
5,962,22202.5,5187
5,965,22338.9,5230
5,971,22533.5,5275
5,967,22784.4,5330
5,958,22937,5369
5,959,23102.9,5412
5,962,23284.1,5455
5,962,23467,5500
5,964,23606.2,5533
5,962,23806.1,5573
5,961,23961.5,5612
5,966,24131.3,5658
5,955,24255.5,5693
5,962,24477.6,5733
5,971,24720.8,5783
5,960,24933.3,5827
5,956,25089.1,5867
5,960,25244,5906
5,968,25465.7,5947
5,959,25615,5986
5,968,25798.8,6028
5,960,26032.2,6078
5,961,26180.3,6119
5,953,26316.6,6150
5,968,26425,6188
5,958,26632.8,6232
5,966,26787.9,6271
5,965,27131.2,6328
5,966,27250.3,6369
5,968,27392.5,6413
5,964,27580.8,6458
5,960,27761.5,6499
5,963,27934.8,6544
5,951,28051.4,6577
5,962,28242.2,6612
5,962,28476.7,6658
5,965,28642.9,6701
5,963,28843.3,6741
5,959,28929.2,6767
5,961,29083.9,6809
5,960,29238.7,6846
5,960,29461.3,6888
5,963,29666.4,6931
5,959,29915.9,6979
5,959,30051.4,7018
5,968,30267.6,7068
5,966,30546.7,7126
5,959,30728.5,7168
5,957,30935.1,7211
5,951,31053.6,7242
5,960,31221.8,7289
5,962,31461.7,7329
5,958,31622.8,7363
5,958,31752.5,7396
5,960,31968.1,7445
5,964,32156.7,7490
5,954,32347.3,7527
5,967,32482.9,7564
5,964,32611.2,7599
5,967,32754.5,7634
5,965,33024.9,7687
5,962,33145.9,7722
5,964,33349,7764
5,960,33544.9,7803
5,959,33731.9,7846
5,964,34015.1,7896
5,964,34155.6,7937
5,965,34299.7,7980
5,965,34493.5,8027
5,960,34639.5,8063
5,970,34884.4,8105
5,950,34971.3,8133
5,961,35259.5,8184
5,962,35511.2,8230
5,965,35750.9,8279
5,952,35896.4,8315
5,965,36148.9,8361
5,960,36283,8398
5,959,36409.7,8436
5,961,36624.1,8484
5,964,36774.8,8529
5,962,36982.9,8567
5,964,37287.3,8615
5,965,37429.9,8658
5,961,37601.3,8695
5,963,37743.9,8738
5,958,37951.3,8773
5,956,38120.7,8810
5,965,38331.1,8851
5,965,38488.6,8891
5,961,38659.6,8929
5,964,38900.3,8980
5,958,39093.5,9021
5,965,39321.8,9069
5,956,39492.7,9104
5,967,39773.7,9163
5,959,40015.7,9203
5,965,40215.3,9245
5,964,40398.5,9281
5,958,40549.2,9325
5,965,40703.2,9365
5,962,40880.3,9405
5,966,41026.5,9450
5,963,41199.1,9486
5,959,41312.2,9518
5,960,41506.8,9566
5,955,41712.6,9610
5,962,41846.5,9640
5,955,41986.1,9676
5,959,42199,9722
5,971,42310.9,9762
5,958,42557.5,9811
5,964,42710.8,9851
5,960,42863.6,9890
5,967,43164.4,9946
5,961,43330,9981
5,960,43507.9,10021
5,957,43745.2,10064
5,959,43884.3,10105
5,960,44035.4,10144
5,960,44248.9,10198
5,950,44371.7,10234
5,969,44528.2,10284
5,960,44758.6,10329
5,964,44917.3,10369
5,955,45067.9,10407
5,966,45205.3,10449
5,965,45494.4,10501
5,963,45738.4,10551
5,959,45934.6,10590
5,962,46087.4,10630
5,955,46264.5,10668
5,960,46448.4,10710
5,962,46586.4,10751
5,965,46746.8,10793
5,967,47064.9,10848
5,955,47179.9,10881
5,958,47294.4,10913
5,962,47428.1,10950
5,962,47549.8,10975
5,969,47753.3,11023
5,961,47957.8,11069
5,956,48071.4,11097
5,966,48351.8,11153
5,962,48589.1,11193
5,953,48897.3,11250
5,962,49056.6,11290
5,969,49306.3,11345
5,965,49504.8,11395
5,969,49866.8,11450
5,967,50068.8,11494
5,965,50252.1,11538
5,963,50467.9,11577
5,959,50657.7,11616
5,970,50861.1,11666
5,967,51105.8,11718
5,955,51256.2,11756
5,963,51453.6,11797
5,967,51733.4,11846
5,960,51877,11878
5,966,52180.9,11927
5,960,52296.4,11957
5,958,52424.7,11994
5,962,52587.2,12037
5,951,52713.5,12065
5,965,52920.4,12109
5,960,53097.1,12148
5,963,53312.9,12194
5,959,53491.2,12232
5,960,53621.6,12267
5,967,53891.6,12319
5,963,54077,12362
5,961,54251.3,12408
5,961,54389.4,12441
5,957,54515.2,12478
5,958,54700.4,12519
5,959,54911.4,12563
5,969,55161.2,12619
5,953,55370.5,12661
5,964,55559.9,12704
5,959,55732.3,12741
5,958,55878.1,12776
5,964,56112.9,12822
5,961,56276.6,12864
5,959,56492.5,12911
5,958,56658.3,12952
5,959,56828,12994
5,955,57002.9,13027
5,968,57114.7,13055
5,964,57270.8,13096
5,962,57445.7,13135
5,952,57585.2,13166
5,963,57790.8,13209
5,960,58015.4,13252
5,966,58279.8,13303
5,960,58417.4,13342
5,963,58644.6,13387
5,957,58810.7,13429
5,957,58962.1,13468
5,968,59210.3,13519
5,956,59478.8,13560
5,965,59740.8,13607
5,962,59893.4,13647
5,957,60006.6,13678
5,951,60207.8,13719
5,965,60439.9,13765
5,962,60567.5,13799
5,964,60724.7,13838
5,956,60924.2,13879
5,958,61065.3,13914
5,958,61184.6,13946
5,957,61332.9,13982
5,963,61485.5,14022
5,963,61664.8,14062
5,967,61870.9,14101
5,968,62005.4,14141
5,968,62210.5,14186
5,965,62350.8,14227
5,954,62470.2,14260
5,966,62658.8,14306
5,961,62783.8,14343
5,960,63014.1,14386
5,954,63181.5,14421
5,970,63366.9,14465
5,960,63500.1,14501
5,958,63666.4,14538
5,967,63822,14579
5,965,64113.2,14630
5,961,64325.7,14674
5,959,64546.2,14716
5,966,64677.4,14757
5,966,64979.6,14809
5,959,65083.1,14846
5,962,65274,14892
5,953,65424.9,14927
5,967,65603.9,14968
5,964,65868,15019
5,953,66023.2,15057
5,963,66264.8,15106
5,963,66429.6,15151
5,964,66635.8,15195
5,958,66786.6,15233
5,962,66901.7,15270
5,962,67058.4,15312
5,965,67273.6,15354
5,962,67474.7,15395
5,960,67656.1,15438
5,959,67847.9,15482
5,958,68090.4,15529
5,962,68353.8,15581
5,962,68513.2,15621
5,967,68655.8,15657
5,965,68823.6,15693
5,963,68970.2,15729
5,965,69229.3,15777
5,964,69455.1,15820
5,965,69596.6,15863
5,964,69725.8,15900
5,972,70012.7,15957
5,967,70291.4,16014
5,956,70418.2,16049
5,961,70568.1,16088
5,963,70802.3,16136
5,963,71022.5,16178
5,966,71288.7,16228
5,964,71440.7,16267
5,959,71623.7,16310
5,953,71748.4,16342
5,953,71899.2,16377
5,962,72030.3,16418
5,960,72188.8,16460
5,960,72328.4,16495
5,968,72519.3,16539
5,970,72888.7,16601
5,964,73051.7,16642
5,959,73338.2,16690
5,960,73426,16720
5,955,73593.7,16764
5,960,73768.6,16804
5,956,73854.4,16833
5,963,74065.8,16878
5,962,74329.3,16924
5,961,74561.1,16969
5,957,74722.2,17010
5,967,74941,17046
5,964,75152.3,17091
5,962,75350.3,17131
5,957,75499.4,17165
5,957,75633.3,17206
5,952,75781.7,17241
5,960,75977.7,17287
5,964,76151,17327
5,972,76477.9,17384
5,963,76663.5,17428
5,962,76804.8,17468
5,961,77077.7,17514
5,952,77222.1,17548
5,961,77329.7,17585
5,965,77487.5,17624
5,961,77603.8,17656
5,959,77747.3,17691
5,959,77939.7,17733
5,965,78170.5,17784
5,969,78449.4,17832
5,961,78602.5,17872
5,962,78714.2,17907
5,967,78896.4,17950
5,965,79182.7,18003
5,951,79313,18039
5,965,79425.7,18071
5,957,79560.2,18109
5,970,79752.8,18156
5,962,79938.3,18189
5,963,80079.6,18233
5,969,80347.5,18285
5,965,80579.7,18329
5,957,80707.4,18367
5,959,80868,18408
5,963,80983.4,18449
5,963,81188.1,18490
5,960,81390.7,18533
5,961,81593.9,18574
5,954,81743.7,18608
5,960,81900.5,18647
5,961,82018.4,18680
5,966,82178.9,18722
5,957,82337.3,18756
5,963,82587.1,18797
5,955,82694.1,18823
5,965,82920.8,18867
5,967,83200.7,18914
5,958,83337.7,18956
5,966,83488,18994
5,964,83659.8,19039
5,966,83865.6,19089
5,963,84010.2,19133
5,964,84264.4,19188
5,961,84449,19229
5,958,84542.1,19261
5,962,84675.8,19298
5,965,84836,19339
5,947,84993.5,19370
5,961,85234.9,19420
5,968,85368.2,19460
5,961,85527.8,19499
5,963,85662.3,19538
5,961,85840.2,19576
5,961,85963.7,19611
5,958,86143.4,19645
5,959,86320.3,19693
5,964,86520.5,19734
5,964,86664.8,19773
5,961,86805.9,19815
5,956,86933.2,19851
5,955,87040.3,19880
5,963,87234.7,19926
5,961,87377.1,19967
5,959,87632.3,20013
5,956,87802.7,20050
5,959,87947.3,20083
5,963,88070.5,20119
5,956,88209.4,20161
5,956,88345.5,20193
5,958,88504.6,20229
5,961,88614,20266
5,962,88798.9,20310
5,961,88894.4,20343
5,955,89053.1,20379
5,960,89278.6,20423
5,961,89484.4,20467
5,960,89721.5,20509
5,956,89916.6,20550
5,964,90060.9,20587
5,957,90146.9,20614
5,958,90334.7,20661
5,970,90448,20702
5,961,90687.3,20749
5,961,90921.1,20798
5,958,91004.5,20826
5,955,91195.3,20868
5,961,91325.2,20907
5,968,91536,20954
5,964,91676,20995
5,967,91835.9,21045
5,963,91984.8,21084
5,959,92169.2,21128
5,966,92431.7,21178
5,953,92596.7,21212
5,960,92762,21258
5,965,92919.4,21299
5,963,93181.8,21349
5,963,93318,21386
5,962,93602.8,21437
5,964,93872.4,21488
5,957,94009,21526
5,966,94152.8,21569
5,967,94354.4,21610
5,964,94583.1,21664
5,955,94745,21700
5,960,94858,21739
5,960,95027.5,21775
5,955,95126.9,21809
5,964,95282.3,21846
5,965,95487,21887
5,966,95642.2,21928
5,962,95857.7,21976
5,962,96012.6,22015
5,964,96243.2,22057
5,963,96344.7,22091
5,956,96481.6,22123
5,962,96675.3,22161
5,961,96821,22196
5,966,96955.5,22235
5,964,97137.2,22279
5,964,97308.9,22329
5,962,97534,22375
5,960,97755.3,22420
5,962,97948,22467
5,953,98103.5,22509
5,961,98327.3,22551
5,959,98503.6,22590
5,965,98644.8,22632
5,962,98786.8,22675
5,970,98999.7,22722
5,964,99153.9,22765
5,969,99437,22814
5,965,99645.9,22859
5,959,99845.3,22898
5,963,100023,22940
5,964,100193,22988
5,966,100364,23033
5,967,100504,23076
5,968,100755,23132
5,957,100907,23167
5,957,101050,23212
5,962,101185,23251
5,959,101411,23296
5,968,101669,23343
5,964,101862,23379
5,962,102006,23423
5,963,102211,23466
5,968,102481,23519
5,966,102717,23564
5,963,102851,23603
5,961,103010,23645
5,951,103146,23678
5,961,103369,23720
5,966,103462,23751
5,964,103637,23800
5,951,103755,23830
5,966,103985,23884
5,954,104150,23925
5,965,104289,23957
5,953,104395,23986
5,959,104538,24019
5,949,104683,24051
5,950,104818,24081
5,971,105012,24131
5,958,105105,24162
5,962,105273,24206
5,954,105463,24250
5,960,105584,24285
5,968,105763,24326
5,966,105983,24374
5,965,106166,24416
5,954,106258,24447
5,965,106538,24503
5,960,106797,24549
5,965,106951,24588
5,966,107167,24628
5,962,107326,24669
5,962,107541,24716
5,967,107710,24762
5,967,107925,24812
5,966,108101,24858
5,957,108271,24896
5,962,108497,24947
5,956,108645,24983
5,960,108827,25025
5,964,109069,25072
5,964,109309,25122
5,958,109494,25166
5,960,109587,25197
5,956,109712,25234
5,958,109961,25278
5,961,110156,25325
5,960,110280,25358
5,967,110649,25415
5,958,110802,25454
5,959,110963,25491
5,962,111138,25539
5,960,111275,25572
5,964,111496,25623
5,956,111685,25667
5,963,111997,25728
5,957,112100,25763
5,964,112201,25796
5,962,112349,25833
5,959,112484,25873
5,954,112684,25915
5,958,112784,25947
5,962,112939,25986
5,968,113138,26034
5,963,113264,26070
5,965,113431,26114
5,959,113612,26156
5,969,113837,26197
5,967,114145,26254
5,959,114300,26293
5,957,114469,26339
5,966,114635,26380
5,958,114806,26417
5,966,115029,26458
5,963,115173,26501
5,964,115412,26551
5,963,115514,26587
5,957,115658,26621
5,960,115934,26674
5,961,116076,26708
5,967,116295,26756
5,958,116426,26794
5,963,116596,26832
5,961,116696,26864
5,962,116882,26909
5,968,117200,26964
5,959,117409,27008
5,964,117596,27052
5,968,117827,27103
5,962,118072,27144
5,966,118259,27189
5,967,118478,27235
5,958,118625,27271
5,961,118769,27306
5,968,118921,27345
5,960,119118,27392
5,962,119300,27434
5,958,119402,27469
5,959,119564,27511
5,961,119812,27560
5,962,120019,27604
5,961,120232,27651
5,956,120382,27687
5,962,120567,27727
5,959,120748,27769
5,963,120860,27809
5,958,120964,27843
5,968,121138,27882
5,952,121247,27913
5,959,121472,27958
5,966,121729,28010
5,961,121868,28043
5,966,122033,28086
5,963,122171,28124
5,954,122337,28160
5,958,122553,28198
5,959,122747,28244
5,965,122915,28289
5,960,123138,28333
5,966,123306,28380
5,960,123478,28414
5,960,123598,28447
5,962,123886,28496
5,960,124151,28545
5,955,124262,28575
5,966,124447,28626
5,964,124739,28677
5,963,124869,28713
5,969,125068,28764
5,965,125225,28803
5,967,125428,28846
5,961,125627,28887
5,961,125858,28932
5,958,126060,28975
5,963,126267,29019
5,957,126512,29070
5,960,126667,29111
5,967,126837,29158
5,965,127043,29201
5,957,127269,29245
5,963,127450,29288
5,960,127691,29337
5,961,127823,29374
5,971,128245,29438
5,954,128440,29478
5,958,128618,29512
5,960,128778,29554
5,965,128964,29600
5,960,129115,29637
5,972,129331,29685
5,964,129482,29726
5,954,129677,29764
5,967,129912,29811
5,956,130068,29849
5,964,130205,29883
5,957,130296,29913
5,963,130433,29956
5,967,130713,30014
5,963,130829,30045
5,968,131028,30094
5,953,131156,30130
5,965,131343,30165
5,963,131599,30219
5,961,131780,30260
5,960,132035,30305
5,962,132243,30344
5,963,132410,30380
5,963,132545,30420
5,957,132636,30449
5,962,132753,30480
5,962,133088,30530
5,962,133260,30572
5,965,133516,30624
5,954,133642,30657
5,962,133872,30696
5,956,134011,30731
5,955,134120,30767
5,961,134257,30798
5,965,134406,30833
5,957,134545,30871
5,962,134700,30910
5,964,134857,30951
5,958,135009,30987
5,956,135108,31020
5,960,135250,31053
5,961,135370,31086
5,958,135553,31128
5,968,135764,31172
5,963,135947,31215
5,969,136225,31270
5,959,136353,31314
5,964,136534,31365
5,965,136818,31413
5,961,137162,31468
5,956,137341,31506
5,961,137501,31547
5,948,137635,31585
5,955,137779,31619
5,955,137904,31652
5,959,138113,31697
5,958,138325,31736
5,960,138477,31772
5,965,138692,31820
5,959,138795,31853
5,965,138949,31894
5,959,139055,31930
5,961,139299,31979
5,962,139464,32018
5,959,139612,32054
5,957,139775,32095
5,957,139920,32130
5,965,140113,32173
5,971,140407,32227
5,961,140564,32267
5,959,140705,32306
5,960,140973,32358
5,962,141209,32402
5,968,141385,32451
5,968,141596,32496
5,962,141707,32533
5,960,141844,32576
5,959,142001,32612
5,963,142195,32660
5,961,142416,32700
5,957,142567,32734
5,960,142757,32777
5,966,142944,32823
5,960,143096,32868
5,962,143326,32911
5,959,143435,32950
5,955,143561,32985
5,962,143694,33021
5,961,143877,33062
5,948,144019,33096
5,957,144157,33139
5,962,144286,33176
5,961,144405,33208
5,962,144592,33253
5,964,144735,33288
5,964,144915,33336
5,953,145030,33368
5,967,145164,33410
5,962,145317,33447
5,961,145502,33490
5,963,145626,33537
5,956,145798,33574
5,963,146039,33622
5,968,146242,33668
5,954,146360,33699
5,958,146476,33731
5,965,146573,33765
5,961,146711,33799
5,971,147044,33850
5,961,147297,33894
5,955,147475,33933
5,963,147705,33977
5,957,147833,34014
5,968,148085,34063
5,956,148257,34097
5,961,148400,34140
5,963,148497,34171
5,962,148655,34211
5,967,148839,34260
5,959,148996,34299
5,959,149151,34337
5,950,149330,34377
5,953,149448,34409
5,960,149675,34452
5,959,149806,34490
5,963,149993,34534
6,952,198.869,36
6,961,317.104,73
6,964,498.617,116
6,957,607.22,146
6,960,764.975,184
6,958,926.542,220
6,967,1108.82,258
6,969,1356.09,311
6,957,1593,353
6,960,1846.53,398
6,957,2054.26,440
6,956,2237.76,471
6,960,2369.04,510
6,959,2527.87,553
6,965,2710.33,595
6,957,2848,629
6,964,3044.84,676
6,965,3245.76,715
6,962,3530.03,773
6,961,3648.36,806
6,959,3843.38,844
6,954,3929.44,870
6,959,4136.77,915
6,960,4249.1,955
6,961,4400.33,993
6,953,4518.68,1032
6,967,4756.31,1080
6,967,4968.13,1125
6,955,5070.36,1159
6,963,5220.38,1205
6,969,5375.7,1245
6,965,5525.83,1283
6,959,5735.17,1326
6,958,5964.22,1369
6,964,6247.48,1415
6,970,6416.21,1456
6,960,6524.38,1494
6,962,6741.34,1539
6,967,6927.61,1582
6,966,7178.32,1634
6,963,7361.67,1675
6,961,7579.54,1714
6,962,7742.38,1755
6,959,7919.75,1794
6,966,8082.27,1838
6,966,8250,1884
6,964,8401.38,1927
6,953,8548.87,1962
6,957,8696.65,1998
6,962,8921.61,2041
6,957,9090.36,2081
6,962,9278.64,2124
6,959,9460.96,2166
6,960,9627.06,2208
6,965,9834.97,2251
6,964,9981.18,2287
6,956,10091.9,2316
6,962,10275.3,2357
6,965,10441.1,2401
6,957,10621.9,2444
6,964,10915.7,2486
6,960,11083.8,2522
6,965,11327.9,2564
6,971,11580.2,2618
6,965,11807.6,2670
6,964,12053.5,2710
6,962,12224.2,2745
6,963,12438.4,2792
6,962,12548.2,2827
6,963,12738.5,2871
6,955,12932,2916
6,959,13125,2955
6,954,13266.5,2999
6,956,13468.5,3038
6,966,13642.9,3086
6,959,13821.9,3126
6,965,14051,3169
6,956,14155,3205
6,956,14258.1,3241
6,965,14465.3,3286
6,961,14658.2,3331
6,959,14779.3,3365
6,963,14870.6,3395
6,954,14991.9,3430
6,968,15182.6,3475
6,966,15333.9,3512
6,964,15567.1,3558
6,965,15748.5,3605
6,962,16001.3,3658
6,955,16132.9,3696
6,964,16370.8,3744
6,954,16521.5,3781
6,967,16708.1,3826
6,965,16931.2,3874
6,966,17093,3918
6,959,17211.9,3959
6,966,17528,4013
6,967,17727.5,4055
6,960,17955,4104
6,965,18202.8,4158
6,957,18330.1,4196
6,957,18432,4228
6,953,18522.5,4258
6,971,18741.1,4307
6,965,18951.4,4350
6,961,19121.6,4394
6,970,19418.9,4451
6,963,19556.5,4492
6,962,19712.8,4526
6,960,19819.3,4563
6,966,20036.7,4609
6,962,20221.9,4650
6,947,20401.4,4689
6,968,20572.9,4727
6,961,20734.9,4771
6,963,20839.1,4808
6,953,20940.5,4841
6,963,21100.4,4884
6,970,21345.6,4935
6,959,21442.1,4968
6,964,21740.9,5022
6,959,21854.1,5060
6,957,22028.1,5099
6,965,22186.1,5138
6,963,22368.5,5180
6,959,22543.9,5218
6,957,22698.7,5257
6,957,22856.6,5298
6,959,23033.1,5339
6,958,23179.9,5374
6,958,23469.4,5425
6,963,23851.5,5489
6,967,24059.2,5533
6,966,24184.6,5576
6,961,24337.4,5624
6,963,24528.3,5670
6,959,24701,5708
6,959,24910.7,5754
6,959,25073.8,5796
6,958,25182.1,5831
6,964,25281.7,5866
6,966,25519,5909
6,961,25872.3,5961
6,959,26052.9,6002
6,964,26263.2,6046
6,963,26435.1,6085
6,960,26560.9,6127
6,960,26777.9,6167
6,964,26963.1,6211
6,958,27091.7,6249
6,966,27233.4,6286
6,960,27390.4,6323
6,965,27596.6,6367
6,955,27775,6407
6,962,27940.8,6452
6,962,28107.2,6498
6,968,28284.9,6538
6,962,28435.5,6584
6,960,28540.9,6620
6,960,28744.8,6663
6,967,29022.8,6720
6,960,29280.8,6767
6,960,29369.6,6797
6,962,29547.9,6838
6,957,29713.5,6879
6,964,29931.8,6927
6,967,30162,6981
6,962,30339.5,7024
6,964,30576.3,7069
6,962,30723.7,7113
6,963,30922.9,7153
6,958,31078.7,7193
6,965,31295.5,7240
6,962,31422.1,7275
6,956,31516.6,7303
6,961,31686.4,7340
6,965,31870.8,7384
6,963,32051.5,7431
6,967,32284.2,7477
6,964,32502.5,7525
6,967,32667.1,7569
6,963,32838,7606
6,961,33024.2,7652
6,969,33281.1,7710
6,963,33475.1,7757
6,965,33608,7797
6,966,33791.1,7840
6,962,33962.8,7877
6,952,34136.4,7913
6,960,34381.4,7965
6,968,34611.6,8019
6,964,34738.6,8049
6,960,34876.1,8092
6,956,35027.2,8131
6,953,35160.6,8161
6,963,35401.4,8209
6,963,35623.8,8250
6,954,35805.9,8290
6,963,35950.2,8333
6,964,36108.5,8375
6,955,36300.7,8412
6,966,36469.3,8458
6,965,36791,8517
6,959,36973.4,8559
6,963,37112.9,8602
6,958,37254.4,8641
6,963,37498.6,8692
6,964,37620.9,8728
6,956,37804,8769
6,956,37951.4,8802
6,960,38117,8837
6,960,38309.5,8875
6,960,38473.4,8918
6,958,38650.5,8952
6,957,38805.4,8994
6,954,38919.6,9023
6,964,39056.1,9065
6,963,39246.1,9100
6,962,39387.6,9143
6,952,39493.3,9171
6,963,39741.9,9223
6,963,39919.6,9270
6,951,40053.5,9308
6,962,40200.6,9345
6,963,40428.3,9388
6,960,40596.9,9433
6,957,40692.3,9464
6,964,40857.4,9510
6,965,40981.4,9554
6,968,41173,9597
6,963,41300,9632
6,962,41439.5,9676
6,965,41619.6,9718
6,965,41862.6,9763
6,961,41986.9,9799
6,960,42186.1,9838
6,961,42332.2,9872
6,961,42513,9913
6,963,42702.6,9959
6,969,42821.8,10003
6,957,42955.8,10041
6,963,43120.7,10085
6,960,43218.3,10119
6,963,43322.3,10155
6,963,43521.1,10197
6,955,43617.5,10229
6,963,43749.9,10257
6,958,43913.6,10301
6,964,44076.6,10343
6,963,44348.7,10396
6,966,44642.5,10449
6,965,44867.9,10500
6,959,45000.3,10537
6,963,45201.1,10578
6,964,45356.8,10616
6,958,45501.9,10652
6,965,45764.4,10704
6,960,45936.6,10744
6,961,46091.2,10783
6,961,46247,10822
6,959,46451.1,10864
6,968,46689.6,10910
6,965,46828.1,10952
6,956,47017.5,10998
6,963,47129.6,11036
6,969,47451.6,11091
6,959,47559.4,11119
6,963,47722.2,11161
6,964,47860.9,11202
6,957,47960.3,11237
6,959,48139.9,11277
6,963,48276.3,11315
6,956,48445.8,11352
6,958,48574.5,11390
6,963,48804.7,11433
6,958,48957.6,11470
6,959,49107,11511
6,957,49314.7,11551
6,965,49508.1,11591
6,962,49747.9,11634
6,965,49974.7,11682
6,966,50220,11734
6,954,50373.3,11771
6,951,50527.1,11809
6,959,50644.1,11842
6,959,50797.1,11881
6,964,50982.7,11924
6,950,51062,11949
6,962,51154.6,11980
6,965,51551.4,12042
6,958,51764.5,12087
6,969,51906.9,12130
6,961,52125.5,12178
6,963,52405.3,12225
6,958,52625.3,12265
6,965,52751,12301
6,954,52838.3,12327
6,961,53120.7,12376
6,957,53376.8,12424
6,968,53773.7,12484
6,958,53901.8,12521
6,954,54093.7,12557
6,946,54204.4,12587
6,963,54332.1,12625
6,971,54529.5,12673
6,964,54689.7,12713
6,964,54884.4,12760
6,965,55062.5,12800
6,957,55268.7,12843
6,966,55518.4,12890
6,969,55680.7,12930
6,956,55862,12973
6,962,56143.2,13033
6,958,56274.2,13070
6,961,56405.4,13110
6,962,56607.8,13161
6,951,56738.4,13196
6,960,56911.6,13234
6,964,57193.8,13283
6,966,57292.3,13316
6,960,57459.6,13361
6,968,57682.5,13412
6,960,57857.7,13447
6,958,57990.4,13484
6,956,58109.8,13519
6,960,58372.4,13569
6,961,58633.7,13619
6,963,58782.1,13649
6,968,58996,13689
6,965,59201.7,13732
6,962,59542.2,13787
6,966,59757.2,13834
6,963,59965.2,13883
6,958,60087.7,13916
6,961,60206.8,13950
6,947,60388.9,13992
6,964,60574.6,14033
6,963,60726.3,14070
6,956,60892.8,14116
6,966,61031.4,14148
6,958,61212.5,14184
6,960,61355.9,14221
6,970,61508.9,14268
6,962,61643.8,14310
6,953,61779.9,14344
6,956,61901.3,14378
6,958,62066,14411
6,969,62256.5,14447
6,952,62376.8,14478
6,962,62720.5,14534
6,955,62923.7,14576
6,961,63245.1,14628
6,960,63450.9,14672
6,958,63692.1,14714
6,963,63854.2,14758
6,969,64040.6,14802
6,964,64278.7,14844
6,967,64494.5,14890
6,962,64660.3,14935
6,965,64848.2,14969
6,962,65007.1,15012
6,968,65221.8,15057
6,964,65373.5,15097
6,960,65648.1,15146
6,965,65778.5,15181
6,964,65928,15218
6,959,66073.9,15256
6,964,66242.6,15299
6,963,66410.1,15334
6,949,66551.8,15367
6,966,66770.5,15416
6,958,66976.9,15467
6,961,67150.7,15506
6,957,67362.8,15552
6,960,67502.4,15593
6,953,67631.7,15630
6,964,67811.3,15670
6,967,67983.8,15707
6,959,68120.4,15746
6,956,68304.1,15788
6,960,68399.7,15821
6,956,68575.8,15862
6,963,68816.4,15909
6,964,69035.1,15958
6,959,69164.8,15997
6,970,69531.3,16056
6,961,69739.5,16101
6,966,69881.1,16143
6,964,70053.6,16181
6,964,70233.3,16223
6,963,70395.1,16265
6,969,70595.4,16309
6,956,70722,16343
6,957,70843.3,16378
6,962,70985.3,16421
6,969,71230.2,16472
6,964,71360.1,16510
6,964,71648.3,16561
6,961,71843.4,16602
6,964,72105.1,16651
6,964,72292.5,16695
6,954,72422,16732
6,962,72571.5,16768
6,961,72723.4,16804
6,959,72881.2,16844
6,968,73066.5,16896
6,964,73338.2,16951
6,953,73530.2,16987
6,951,73620.1,17015
6,966,73761.1,17055
6,956,73920.6,17097
6,957,74039.9,17132
6,965,74268.4,17174
6,957,74401.5,17213
6,964,74658.2,17260
6,966,74897.7,17308
6,970,75080.7,17353
6,963,75277.6,17400
6,958,75448.8,17436
6,959,75599.9,17476
6,965,75755.6,17514
6,962,75962.2,17556
6,963,76111.2,17593
6,963,76280.7,17637
6,954,76358.4,17662
6,967,76528.3,17708
6,972,76777.4,17752
6,960,76952.5,17795
6,961,77094.7,17830
6,964,77280.1,17867
6,965,77543.2,17917
6,964,77807,17968
6,956,77932.2,17999
6,961,78123.7,18046
6,962,78311.1,18091
6,965,78551.5,18139
6,964,78823,18194
6,964,79027.1,18235
6,951,79140.9,18267
6,960,79286.9,18302
6,968,79466.5,18353
6,967,79667.2,18397
6,963,79851.1,18438
6,959,80000.9,18477
6,960,80131.3,18511
6,967,80345.2,18558
6,959,80440.9,18591
6,961,80589.1,18628
6,954,80730.3,18662
6,968,80950.5,18711
6,966,81169.9,18762
6,960,81334.8,18807
6,958,81460.5,18842
6,969,81624.7,18886
6,961,81766.9,18926
6,962,81949.1,18967
6,957,82078.1,19003
6,964,82247.9,19040
6,969,82472.9,19092
6,968,82741.1,19142
6,968,83031.3,19193
6,970,83264.1,19241
6,961,83420.2,19266
6,963,83574.3,19309
6,963,83844.6,19354
6,958,84016.8,19396
6,959,84236,19438
6,950,84399.8,19471
6,961,84634.8,19515
6,959,84753.7,19555
6,958,84939.6,19599
6,965,85089.7,19635
6,968,85221.5,19676
7,956,152.876,33
7,965,321.564,77
7,970,491.998,122
7,964,771.374,166
7,968,973.602,215
7,964,1124.2,253
7,965,1309.68,297
7,959,1447.22,335
7,962,1570.51,368
7,964,1750.09,410
7,962,2056.99,460
7,966,2230.15,506
7,961,2437.66,550
7,967,2733.83,604
7,967,2949.64,643
7,963,3196.29,692
7,965,3440.92,740
7,963,3606.42,773
7,961,3794.1,817
7,967,3968.73,862
7,968,4216.12,913
7,962,4419.39,960
7,957,4628.39,1004
7,964,4853.58,1056
7,964,5069.21,1101
7,952,5247.86,1141
7,963,5449.33,1183
7,957,5551.48,1218
7,960,5763.65,1264
7,961,5912,1300
7,959,6012.77,1333
7,968,6341.56,1391
7,967,6446.17,1426
7,963,6787.2,1482
7,970,6943.15,1520
7,965,7176.34,1567
7,963,7348.77,1605
7,963,7483.44,1644
7,957,7750.7,1694
7,964,7901.33,1732
7,961,8227.39,1784
7,963,8534.66,1834
7,962,8768.69,1874
7,965,8959.39,1914
7,959,9174.18,1955
7,962,9319.83,1997
7,961,9553.03,2043
7,957,9701.87,2079
7,964,9965.05,2128
7,960,10083.1,2160
7,959,10228.6,2194
7,957,10414.4,2237
7,961,10651.6,2285
7,968,10963.3,2335
7,961,11095.1,2373
7,967,11266,2419
7,961,11506.6,2467
7,969,11809.1,2525
7,959,12087.1,2573
7,959,12321.5,2617
7,962,12532.1,2663
7,954,12746.2,2707
7,965,12982.9,2754
7,952,13114.9,2792
7,964,13248,2834
7,960,13515.9,2883
7,957,13620.5,2920
7,971,13956.8,2973
7,962,14186.8,3026
7,967,14354.3,3071
7,962,14569.2,3114
7,964,14721.8,3154
7,961,14819.4,3185
7,962,14971.1,3224
7,961,15137.6,3269
7,953,15291.4,3304
7,961,15401.1,3334
7,961,15615,3377
7,966,15803.1,3420
7,964,15917.4,3457
7,952,16057,3490
7,967,16449.7,3549
7,964,16709.6,3603
7,954,16820.2,3641
7,962,16920.7,3676
7,958,17119.8,3716
7,963,17297.7,3762
7,960,17466.7,3807
7,965,17719.9,3852
7,955,17891.7,3895
7,964,18031.2,3928
7,957,18176.7,3964
7,959,18285,3998
7,961,18463,4036
7,962,18606.3,4080
7,961,18753.5,4121
7,966,18985.9,4167
7,962,19174.5,4220
7,963,19346.1,4266
7,966,19495.6,4303
7,961,19634,4346
7,964,19853.2,4390
7,968,19989.8,4429
7,968,20269.3,4485
7,963,20539,4534
7,965,20718.3,4574
7,956,20858.4,4605
7,967,21148.9,4657
7,960,21287,4698
7,964,21482.3,4738
7,961,21751.2,4788
7,961,21904.5,4825
7,961,22003.6,4860
7,962,22194.6,4906
7,967,22340.1,4947
7,955,22460.1,4978
7,959,22579,5011
7,953,22701.9,5045
7,969,22848,5091
7,958,22996.2,5133
7,952,23117.7,5167
7,968,23400.2,5216
7,967,23605.3,5265
7,965,23841.9,5312
7,950,23936.1,5343
7,967,24064.6,5390
7,956,24227.5,5430
7,961,24415.7,5471
7,957,24547.8,5511
7,965,24727.9,5551
7,965,25091.3,5604
7,959,25396.2,5653
7,968,25525,5690
7,961,25695,5727
7,959,25848.4,5766
7,956,26094.6,5816
7,963,26367.4,5871
7,962,26669.3,5918
7,965,26898.3,5970
7,959,27041.6,6005
7,960,27228.8,6045
7,966,27434.5,6094
7,963,27568.6,6132
7,966,27760.3,6178
7,962,27936.5,6219
7,958,28046.5,6249
7,953,28150.3,6284
7,962,28281.9,6321
7,963,28447,6364
7,960,28588.1,6406
7,961,28771.2,6448
7,957,28958.4,6492
7,949,29092.2,6529
7,962,29219.5,6564
7,968,29334.1,6604
7,958,29541.6,6645
7,968,29782.9,6695
7,963,29999.6,6732
7,962,30180.7,6771
7,966,30346.6,6814
7,958,30462.8,6847
7,968,30704.3,6895
7,968,30862.9,6936
7,968,31036.8,6985
7,965,31278.3,7034
7,962,31728.7,7095
7,966,31908.2,7136
7,961,32052.4,7176
7,964,32226.5,7215
7,956,32386,7247
7,969,32638.4,7299
7,964,32736,7331
7,955,32842.2,7359
7,962,33029.5,7404
7,963,33275.6,7455
7,959,33451,7493
7,953,33537,7521
7,969,33728.7,7567
7,958,33881.5,7605
7,967,34083.7,7650
7,962,34276.9,7687
7,965,34461.7,7730
7,961,34619.8,7766
7,949,34716.3,7799
7,964,34892.8,7838
7,962,34997.5,7874
7,959,35141.5,7903
7,964,35329.6,7944
7,954,35443.7,7974
7,958,35598.8,8014
7,957,35738.6,8055
7,962,35969.1,8099
7,952,36122.2,8138
7,960,36318.2,8184
7,961,36443.9,8220
7,960,36650.8,8262
7,954,36800.9,8300
7,952,36916.3,8336
7,966,37151.2,8384
7,959,37312.2,8424
7,963,37409,8457
7,961,37579.1,8492
7,961,37817.2,8540
7,958,37933.8,8573
7,962,38088.8,8614
7,955,38291.1,8651
7,967,38523.7,8703
7,962,38783,8751
7,965,38905,8794
7,965,39098.8,8841
7,964,39327.5,8885
7,964,39531.1,8933
7,955,39707.9,8970
7,966,39874.7,9012
7,963,39997.2,9045
7,962,40117.7,9088
7,963,40257.5,9129
7,966,40471.2,9175
7,958,40673.9,9215
7,964,40864,9261
7,962,40973.1,9300
7,961,41140,9344
7,959,41339.2,9384
7,961,41454.2,9416
7,962,41565.1,9455
7,962,41715.2,9503
7,970,41845,9540
7,961,42134.5,9588
7,965,42371.4,9635
7,962,42553.1,9675
7,962,42732.2,9715
7,957,42864.7,9754
7,962,43062.7,9799
7,962,43270.9,9840
7,965,43426.6,9876
7,966,43625.8,9917
7,958,43822.4,9955
7,965,44076.9,10000
7,963,44254.1,10041
7,966,44544.4,10092
7,968,44709.9,10126
7,962,44915.2,10169
7,964,45169,10213
7,968,45434,10263
7,966,45683.4,10308
7,954,45830.3,10342
7,966,46022.7,10386
7,959,46175.7,10417
7,960,46305.9,10461
7,960,46445.8,10502
7,955,46780.1,10554
7,958,47030,10600
7,963,47195.7,10642
7,966,47415,10689
7,957,47613.4,10737
7,966,47845.4,10782
7,958,47936.6,10813
7,969,48276.4,10866
7,956,48371.6,10896
7,964,48517.2,10930
7,962,48771.3,10975
7,958,48900.8,11012
7,968,49129.5,11064
7,959,49330.2,11104
7,960,49569.5,11152
7,964,49895,11206
7,964,50022.2,11241
7,953,50159.3,11275
7,969,50330.9,11321
7,964,50567.4,11375
7,949,50768,11415
7,959,51052.7,11462
7,960,51215.1,11505
7,971,51534.1,11554
7,962,51674.5,11593
7,959,51792.3,11626
7,966,52042.2,11680
7,963,52202.3,11723
7,966,52399.7,11762
7,958,52543.3,11800
7,952,52664.4,11834
7,961,52826.2,11875
7,962,53020.8,11921
7,965,53181.3,11952
7,951,53325.1,11986
7,969,53499.4,12036
7,964,53648.9,12081
7,971,53875.7,12134
8,969,268.224,47
8,957,441.324,83
8,959,561.314,123
8,963,778.479,168
8,948,873.772,198
8,967,1073.34,247
8,966,1278.06,290
8,955,1457.65,329
8,969,1715.73,378
8,961,1901.66,419
8,962,2138.39,457
8,960,2246.47,488
8,961,2472.1,530
8,965,2760.12,579
8,962,2966.11,623
8,955,3123.53,656
8,965,3297.25,707
8,962,3407.72,744
8,960,3542.43,775
8,969,3782.22,823
8,958,3955.49,860
8,963,4170.62,905
8,964,4393.4,947
8,954,4531.25,979
8,966,4697.94,1020
8,963,4877.5,1060
8,959,5029.66,1100
8,961,5156.46,1138
8,960,5456.25,1190
8,957,5579.99,1225
8,956,5673.13,1255
8,970,5899.22,1300
8,961,6005.22,1336
8,951,6121.66,1366
8,960,6359.8,1413
8,964,6474.11,1444
8,960,6621.83,1479
8,959,6823.96,1518
8,957,7039.99,1555
8,954,7180.8,1589
8,963,7334.62,1628
8,963,7433.45,1662
8,957,7557.41,1696
8,967,7739.2,1748
8,963,8014.51,1801
8,964,8178.21,1843
8,962,8284.02,1880
8,960,8457.44,1925
8,955,8620.62,1965
8,958,8914.25,2010
8,956,9067.33,2047
8,962,9232.31,2087
8,966,9370.91,2126
8,968,9568.64,2173
8,965,9814.03,2221
8,961,9953.73,2261
8,960,10085.4,2298
8,958,10255.7,2333
8,959,10461.7,2376
8,971,10687,2426
8,966,10897.6,2473
8,962,10998.8,2509
8,964,11151,2549
8,969,11291.3,2588
8,958,11473.4,2628
8,967,11686.2,2672
8,962,11953.2,2719
8,964,12105.2,2757
8,962,12347.8,2804
8,965,12583.6,2849
8,961,12752.7,2885
8,961,12862.4,2924
8,968,13069,2968
8,961,13196.8,3002
8,964,13416.7,3049
8,965,13729.2,3102
8,963,13846.5,3142
8,965,14146.9,3199
8,967,14304.4,3238
8,965,14463.1,3275
8,964,14574.6,3316
8,966,14750.7,3363
8,957,14904.3,3401
8,955,15086.6,3441
8,955,15245,3482
8,969,15448.1,3531
8,968,15593.2,3573
8,960,15682.6,3603
8,961,15897.8,3651
8,964,16099.2,3693
8,963,16305.7,3743
8,962,16470.2,3786
8,967,16688.6,3831
8,965,16844,3869
8,963,17073,3913
8,964,17310.8,3960
8,965,17484.7,4003
8,965,17730.5,4043
8,957,17928.1,4082
8,968,18212,4134
8,963,18443.5,4184
8,965,18753.5,4235
8,959,18885,4271
8,963,19179.6,4325
8,961,19383.1,4366
8,954,19562.6,4405
8,965,19762.4,4455
8,958,19887.9,4492
8,961,20028.8,4525
8,963,20307.4,4570
8,962,20505.2,4607
8,951,20615.9,4635
8,955,20737.5,4667
8,954,20862,4692
8,962,21017,4732
8,965,21161.2,4768
8,962,21358.8,4809
8,960,21538.2,4845
8,963,21723.8,4887
8,961,21883.7,4918
8,962,22073.3,4964
8,955,22257.7,5007
8,960,22362.4,5043
8,964,22525.1,5092
8,962,22715.8,5138
8,968,22813.5,5172
8,956,22941.4,5208
8,957,23090.7,5243
8,968,23210,5277
8,961,23398.4,5321
8,963,23612.7,5369
8,954,23757.2,5403
8,960,23894.5,5435
8,961,24088.6,5472
8,963,24186.5,5504
8,964,24342.5,5540
8,963,24516,5578
8,971,24709.2,5622
8,952,24916.7,5663
8,962,25285.6,5721
8,947,25449.3,5756
8,963,25666.6,5803
8,961,25732.1,5822
8,962,25930.1,5870
8,960,26073,5910
8,967,26235,5954
8,963,26405.4,5999
8,955,26572,6040
8,966,26713.1,6074
8,956,26900.7,6117
8,967,27071.5,6164
8,958,27242.7,6202
8,960,27436.4,6245
8,962,27547.5,6284
8,957,27700.8,6323
8,950,27884.4,6364
8,963,28143.7,6412
8,968,28313.3,6455
8,963,28527.6,6499
8,959,28796.7,6547
8,965,29015.9,6598
8,960,29186.4,6636
8,964,29348,6675
8,963,29586.1,6714
8,955,29796,6758
8,962,29976.3,6806
8,966,30175,6855
8,961,30342.2,6889
8,963,30487.7,6934
8,956,30633.3,6968
8,954,30766.4,7004
8,965,30917.9,7052
8,968,31070.2,7090
8,962,31263.6,7134
8,961,31468.1,7176
8,960,31570.6,7212
8,962,31767.4,7252
8,959,31940.7,7292
8,962,32170.5,7342
8,957,32267.5,7374
8,967,32543.2,7428
8,960,32657.7,7466
8,957,32776.5,7499
8,952,32927.2,7535
8,957,33102.6,7574
8,971,33416.9,7626
8,964,33617.4,7667
8,963,33792.3,7704
8,961,33981.1,7747
8,965,34219.1,7795
8,961,34405,7836
8,959,34578.7,7876
8,970,34781.8,7921
8,968,35046,7974
8,967,35246.1,8016
8,957,35367.6,8046
8,965,35608.1,8092
8,967,35842.6,8137
8,958,35968,8173
8,962,36102.6,8214
8,954,36187.1,8240
8,965,36331.4,8277
8,955,36516.5,8317
8,958,36654.1,8355
8,961,36785.6,8394
8,965,36993.6,8437
8,960,37115.7,8472
8,956,37294.6,8512
8,965,37596.2,8569
8,960,37831.1,8616
8,963,38010.7,8658
8,965,38345.2,8709
8,965,38534.5,8752
8,968,38634.3,8786
8,948,38774.6,8827
8,959,38924.3,8865
8,963,39097.4,8907
8,954,39224.7,8942
8,969,39454.4,8994
8,961,39566.7,9031
8,963,39714.2,9076
8,956,39890.7,9117
8,966,40090.8,9166
8,965,40385.4,9225
8,957,40554.1,9262
8,960,40727.1,9307
8,958,40859.5,9343
8,960,40978.4,9385
8,970,41164.7,9429
8,961,41428.1,9476
8,967,41598.6,9521
8,956,41834.1,9567
8,961,41987.2,9605
8,967,42192.2,9649
8,969,42363.9,9701
8,967,42546.2,9743
8,957,42713.9,9786
8,961,42908.5,9823
8,965,43062.5,9863
8,963,43223.9,9905
8,960,43413.3,9946
8,968,43608.1,9995
8,964,43748.2,10037
8,958,43983.1,10083
8,964,44129.7,10122
8,971,44500.1,10178
8,969,44663.2,10220
8,966,44832.1,10260
8,970,45174.9,10323
8,970,45311,10362
8,961,45513.8,10403
8,955,45641.2,10440
8,963,45760.8,10472
8,961,45933.5,10510
8,962,46062.4,10546
8,963,46270.4,10591
8,968,46510.3,10638
8,954,46601.5,10667
8,961,46781,10706
8,969,47100.7,10763
8,958,47234.9,10798
8,957,47498.1,10847
8,966,47739.6,10894
8,950,47936.2,10935
8,960,48207.1,10977
8,964,48506.5,11031
8,953,48722.3,11067
8,955,48915.7,11113
8,966,49104,11159
8,963,49240.7,11198
8,965,49450.2,11242
8,962,49675.6,11285
8,964,49822.2,11320
8,960,49990.7,11355
8,961,50143,11392
8,952,50280.5,11434
8,959,50432.2,11478
8,969,50812.9,11541
8,968,51014.4,11589
8,959,51213.2,11629
8,961,51314.5,11663
8,965,51437,11696
8,965,51625.8,11740
8,963,51832.1,11783
8,971,52020.2,11828
8,944,52116.5,11859
8,960,52298.9,11900
8,964,52541.7,11949
8,961,52828.7,11997
8,959,52979.5,12037
8,964,53215,12081
8,958,53434.8,12125
8,968,53735.5,12179
8,960,53892.5,12220
8,957,54003.9,12250
8,958,54211,12292
8,964,54459.3,12343
8,962,54656.9,12392
8,961,54844.1,12434
8,971,55185.2,12490
8,963,55377.5,12531
8,962,55559.9,12583
8,964,55795.5,12630
8,965,56007.5,12675
8,957,56164.5,12715
8,958,56294.7,12753
8,962,56430.8,12794
8,969,56594,12842
8,961,56765.8,12879
8,957,56942.8,12919
8,957,57145,12961
8,964,57507.4,13016
8,969,57682.7,13067
8,957,57833.4,13103
8,963,57996.4,13138
8,958,58157.9,13174
8,964,58306.5,13217
8,963,58450.3,13260
8,960,58688.9,13305
8,957,58822.5,13344
8,964,58905.4,13371
8,968,59056.2,13408
8,964,59364.5,13457
8,949,59477.6,13485
8,960,59682.7,13529
8,954,59794.3,13558
8,960,60057.4,13606
8,965,60250.4,13654
8,961,60424.8,13691
8,970,60555.7,13728
8,956,60750.4,13765
8,961,60920,13803
8,962,61214.6,13857
8,964,61368.9,13905
8,962,61561.7,13942
8,964,61805.8,13985
8,959,62064.5,14042
8,959,62184.3,14084
8,955,62294.1,14120
8,958,62475.1,14158
8,955,62627.4,14194
8,968,62749.2,14237
8,957,62908.8,14278
8,970,63114.1,14321
8,961,63443,14379
8,971,63572.2,14414
8,960,63815.2,14455
8,957,63921.5,14492
8,960,64065.1,14536
8,965,64297.9,14584
8,968,64543,14638
8,962,64777.5,14681
8,961,64878.1,14713
8,960,65016,14746
8,959,65142.4,14782
8,968,65384.4,14828
8,964,65581.9,14866
8,959,65703,14899
8,961,65900.9,14941
8,967,66160.1,14993
8,961,66366.3,15039
8,962,66534.4,15078
8,966,66782.2,15128
8,962,66985.2,15179
8,966,67151.9,15224
8,953,67324,15259
8,960,67506.6,15301
8,960,67668.2,15342
8,968,68017.6,15401
8,958,68207.7,15441
8,966,68321.9,15480
8,961,68515.3,15526
8,966,68637.2,15561
8,960,68774.2,15602
8,960,68936.8,15643
8,962,69059.2,15678
8,963,69311.2,15722
8,962,69497.1,15771
8,967,69626.5,15809
8,966,69862.3,15855
8,955,70001.3,15893
8,957,70124.8,15926
8,966,70236.9,15966
8,968,70449.1,16018
8,961,70623.8,16055
8,964,70907.1,16105
8,970,71105.3,16155
8,959,71327.8,16200
8,958,71478.8,16237
8,963,71677.4,16287
8,959,71855.1,16326
8,963,72096.4,16378
8,966,72421.5,16435
8,966,72571.1,16470
8,961,72818,16519
8,962,73039.7,16568
8,966,73198,16608
8,970,73447,16658
8,967,73735.9,16708
8,966,73935.1,16756
8,969,74102.5,16801
8,967,74344.6,16848
8,966,74483.2,16889
8,960,74664.9,16940
8,959,74862.5,16978
8,960,74954,17007
8,951,75115.8,17048
8,969,75465.6,17107
8,963,75603.3,17147
8,958,75820.3,17194
8,966,75949,17232
8,958,76160.8,17277
8,958,76278.5,17307
8,961,76429.6,17342
8,962,76551.8,17377
8,968,76726.7,17424
8,957,76877.5,17461
8,958,77106.2,17508
8,965,77263.7,17547
8,962,77447.7,17590
8,970,77561.8,17629
8,965,77752.5,17675
8,968,77994.3,17725
8,970,78349.9,17778
8,961,78522.4,17814
8,962,78785.4,17863
8,963,78962.4,17911
8,964,79164.6,17951
8,968,79433.5,18013
8,966,79592.1,18051
8,960,79728.4,18084
8,955,79881.3,18122
8,959,80075.9,18160
8,960,80166.2,18189
8,964,80347,18229
8,960,80483.4,18266
8,969,80766.8,18315
8,959,80865.9,18346
8,963,81074.5,18391
8,964,81267.6,18437
8,965,81430.2,18471
8,966,81627.2,18514
8,965,81804.7,18557
8,959,81993.4,18601
8,968,82362.3,18657
8,962,82535.5,18696
8,954,82695.1,18735
8,961,82799.4,18772
8,968,82944,18807
8,963,83068.4,18843
8,962,83245.1,18887
8,959,83381.1,18925
8,962,83494,18966
8,964,83616.5,19009
8,957,83878.2,19062
8,959,84000.8,19097
8,953,84116.9,19130
8,958,84247.4,19167
8,963,84429.2,19209
8,962,84628.1,19248
8,962,84737.9,19288
8,958,84944.2,19329
8,954,85136.6,19367
8,961,85268.5,19403
8,962,85440.5,19440
8,954,85558,19471
8,970,85717.5,19511
8,954,85822.8,19547
8,966,86031.7,19592
8,958,86208.5,19632
8,955,86348.3,19668
8,964,86585.1,19715
8,957,86756.7,19753
8,957,86899.9,19790
8,968,87165.9,19833
8,962,87440,19881
8,958,87614.7,19918
8,960,87806,19965
8,954,87956.9,20002
8,967,88165.3,20047
8,968,88326.1,20087
8,961,88540.5,20131
8,956,88698.4,20170
8,958,88851.4,20202
8,965,88982.1,20249
8,967,89180.4,20286
8,964,89445,20333
8,962,89594.4,20378
8,963,89806.7,20423
8,953,89895.7,20451
8,965,90071.7,20491
8,962,90293.8,20543
8,960,90390.1,20574
8,968,90642.7,20619
8,957,90827.7,20659
8,968,90981.4,20699
8,968,91200.3,20748
8,962,91374.6,20794
8,962,91462.8,20823
8,954,91547.5,20850
8,956,91673.4,20886
8,966,91885.8,20932
8,960,92030.6,20970
8,970,92262.1,21014
8,962,92466.6,21057
8,962,92616.4,21093
8,963,92737.7,21127
8,961,92895.4,21158
8,967,92989.2,21190
8,965,93262.7,21242
8,960,93527.2,21292
8,960,93656.8,21330
8,958,93917.8,21376
8,961,94098,21410
8,962,94298.7,21453
8,963,94402.5,21487
8,958,94551.3,21524
8,968,94745.5,21565
8,967,94997.7,21614
8,963,95220.4,21663
8,965,95384.3,21704
8,955,95515.2,21743
8,962,95777.2,21794
8,966,96061.7,21846
8,959,96258.2,21884
8,971,96379.8,21928
8,969,96727.5,21984
8,963,96903.4,22022
8,967,97079.9,22063
8,964,97269.7,22110
8,965,97517.5,22163
8,948,97637.1,22195
8,958,97802.2,22229
8,960,97953.1,22274
8,962,98125,22310
8,962,98267,22353
8,961,98367.2,22385
8,964,98508.8,22425
8,950,98654.7,22460
8,965,98863.5,22506
8,960,99004.6,22548
8,965,99189.5,22591
8,968,99352.6,22643
8,961,99480.8,22680
8,955,99610.4,22716
8,959,99768.3,22755
8,959,99880.3,22793
8,958,99979.8,22828
8,962,100207,22870
8,961,100371,22911
8,961,100532,22951
8,962,100692,22993
8,964,100880,23038
8,962,101002,23071
8,963,101129,23116
8,961,101362,23161
8,966,101585,23212
8,965,101739,23249
8,956,101911,23286
8,963,102096,23331
8,965,102252,23370
8,965,102450,23405
8,966,102659,23449
8,964,102799,23481
8,963,102995,23528
8,958,103142,23565
8,965,103325,23606
8,960,103512,23649
8,961,103702,23692
8,962,103856,23731
8,956,103963,23759
8,952,104087,23793
8,961,104282,23838
8,959,104457,23876
8,969,104677,23925
8,966,104895,23971
8,958,105155,24019
8,957,105343,24062
8,963,105505,24103
8,961,105640,24144
8,958,105812,24187
8,957,105957,24219
8,964,106094,24249
8,957,106226,24288
8,965,106402,24335
8,961,106569,24371
8,957,106707,24408
8,958,106830,24442
8,964,107011,24482
8,960,107170,24522
8,965,107534,24578
8,958,107710,24615
8,956,107866,24652
8,956,108052,24695
8,968,108410,24750
8,964,108570,24790
8,964,108814,24837
8,957,109023,24881
8,964,109272,24927
8,960,109430,24966
8,959,109603,25005
8,967,109809,25055
8,967,109994,25098
8,963,110181,25139
8,964,110392,25183
8,960,110551,25221
8,956,110656,25258
8,958,110856,25296
8,962,111081,25342
8,967,111419,25402
8,962,111577,25440
8,962,111744,25484
8,963,111975,25538
8,963,112170,25582
8,963,112313,25625
8,957,112538,25666
8,953,112702,25707
8,968,112924,25756
8,964,113117,25802
8,958,113262,25833
8,965,113472,25879
8,961,113740,25930
8,960,113877,25969
8,961,114069,26007
8,963,114247,26056
8,962,114448,26095
8,963,114676,26135
8,964,114831,26174
8,957,115006,26213
8,962,115194,26252
8,961,115382,26286
8,957,115550,26332
8,959,115655,26366
8,955,115845,26406
8,959,116029,26446
8,967,116189,26489
8,960,116405,26526
8,964,116819,26583
8,959,117017,26625
8,967,117185,26668
8,959,117325,26705
8,968,117451,26740
8,961,117649,26777
8,970,117842,26822
8,965,118081,26868
8,968,118180,26899
8,966,118339,26940
8,960,118526,26984
8,965,118859,27037
8,960,119020,27073
8,968,119234,27119
8,962,119417,27161
8,962,119544,27195
8,960,119669,27229
8,958,119894,27270
8,965,120046,27308
8,957,120196,27339
8,964,120357,27388
8,955,120500,27430
8,969,120741,27478
8,962,120936,27524
8,967,121131,27572
8,964,121354,27623
8,967,121490,27662
8,957,121594,27698
8,959,121763,27734
8,960,122021,27781
8,961,122356,27836
8,960,122585,27883
9,964,229.026,41
9,967,387.98,81
9,959,548.456,111
9,961,727.463,151
9,960,829.138,187
9,958,961.896,224
9,961,1135.04,259
9,968,1406.35,310
9,953,1620.42,353
9,965,1938.51,407
9,971,2171.19,456
9,959,2324.38,497
9,960,2445.33,539
9,965,2654.28,582
9,960,2786.55,619
9,964,2922.26,659
9,965,3160.98,708
9,964,3433.37,764
9,966,3677.59,810
9,961,3796.99,844
9,959,3977.08,885
9,960,4183.59,925
9,962,4315.46,961
9,969,4428.22,1001
9,966,4687.59,1046
9,959,4817.27,1083
9,963,5025.52,1127
9,962,5172.51,1161
9,967,5442.18,1213
9,960,5628.55,1252
9,968,5876.22,1302
9,953,6054.39,1339
9,960,6239.29,1384
9,963,6588.38,1438
9,966,6741.37,1477
9,963,6951.87,1529
9,962,7076.7,1572
9,959,7260.55,1612
9,958,7467.37,1655
9,959,7641.49,1691
9,965,7905.52,1743
9,962,8096.58,1785
9,964,8277.91,1825
9,965,8485.48,1874
9,971,8630.85,1920
9,965,8863.06,1966
9,961,9101.38,2011
9,964,9279.83,2059
9,960,9415.73,2098
9,963,9607.3,2139
9,954,9705.37,2170
9,967,9897.88,2216
9,953,10051.7,2255
9,959,10219.7,2298
9,968,10346.6,2335
9,969,10663.5,2387
9,964,10886.7,2430
9,967,11044.5,2469
9,956,11164,2503
9,959,11319.2,2544
9,967,11451,2580
9,951,11628.4,2612
9,964,11874,2664
9,960,12035.7,2696
9,961,12168.5,2736
9,950,12280.8,2765
9,961,12479.6,2805
9,961,12663.8,2843
9,961,12751.4,2873
9,963,12930,2913
9,966,13038.3,2951
9,962,13174.7,2988
9,962,13273.4,3019
9,965,13440.9,3065
9,967,13659.2,3110
9,964,13803.2,3146
9,961,13973.1,3182
9,964,14188.6,3230
9,956,14361.9,3275
9,957,14568.2,3316
9,963,14748.7,3357
9,965,14971.5,3407
9,946,15091.3,3440
9,967,15240.9,3475
9,962,15423.5,3516
9,962,15625.5,3564
9,962,15905.3,3610
9,955,15988.8,3637
9,963,16206.5,3685
9,963,16382.6,3724
9,965,16680.3,3777
9,964,16870.2,3819
9,961,17042,3858
9,954,17185.7,3892
9,959,17307.3,3926
9,960,17435.4,3960
9,956,17606.9,4001
9,960,17752.3,4043
9,961,17849.3,4075
9,958,18000.7,4110
9,962,18310.9,4161
9,963,18472.9,4203
9,963,18711,4250
9,960,18858.5,4283
9,967,18994.4,4321
9,958,19136.7,4354
9,956,19267.6,4391
9,965,19495.2,4443
9,961,19683.5,4487
9,964,19813.9,4528
9,956,19927.6,4556
9,958,20142.2,4602
9,958,20374.9,4647
9,969,20590.1,4696
9,957,20743.8,4733
9,964,20890.1,4769
9,964,21074.1,4819
9,960,21187.7,4857
9,968,21424.4,4913
9,967,21599.3,4950
9,962,21751.3,4989
9,969,21893.2,5031
9,967,22111.8,5077
9,957,22214.6,5113
9,963,22411.9,5155
9,958,22555.4,5196
9,962,22808.1,5240
9,967,22983.1,5277
9,960,23098.8,5308
9,959,23247.7,5345
9,962,23439.2,5382
9,953,23609.5,5414
10,971,233.496,46
10,956,385.792,82
10,956,554.002,126
10,960,675.621,167
10,966,962.022,217
10,966,1157.35,261
10,964,1344.88,303
10,963,1584.01,351
10,963,1765.88,390
10,964,1889.27,423
10,966,2056.07,458
10,956,2169.3,496
10,961,2365.4,540
10,951,2526.16,572
10,964,2717.09,618
10,955,2856.17,659
10,962,3071.6,704
10,955,3223.39,741
10,956,3383.58,782
10,958,3544.07,820
10,961,3690.65,864
10,959,3894.88,905
10,960,4026.08,939
10,959,4122.11,970
10,965,4282.64,1011
10,966,4548.68,1059
10,963,4758.87,1109
11,883,15.5472,1,1
11,889,30.0099,1,2
11,894,46.1752,1,3
11,897,62.082,1,4
11,901,75.3992,1,5
11,905,86.6305,1,6
11,908,97.4859,1,7
11,912,108.781,1,8
11,915,119.815,1,9
11,918,130.541,1,10
11,921,141.531,1,11
11,924,153.599,1,12
11,926,165.545,1,13
11,928,179.111,1,14
11,930,190.126,1,15
11,932,201.393,1,16
11,934,212.083,1,17
11,936,222.963,1,18
11,938,233.773,1,19
11,940,245.339,1,20
11,941,257.925,1,21
11,943,271.693,1,22
11,944,283.082,1,23
11,946,294.27,1,24
11,947,305.702,1,25
11,948,317.522,1,26
11,949,329.416,1,27
11,950,341.19,1,28
11,951,353.254,1,29
11,954,364.124,1,30
11,955,376.067,1,31
11,956,388.093,1,32
11,957,399.163,1,33
11,958,411.331,1,34
11,960,423.828,1,35
11,961,437.021,1,36
11,962,449.033,1,37
11,963,463.059,1,38
11,964,478.317,1,39
11,965,490.783,1,40
11,966,11371.3,32,1061
11,967,11382.7,32,1062
11,968,11394.2,32,1063
11,969,38852.1,112,3643
11,970,125658,367,11783
12,886,14.1485,1,1
12,892,26.2044,1,2
12,897,38.47,1,3
12,902,51.0683,1,4
12,906,63.0204,1,5
12,911,74.8596,1,6
12,915,86.6502,1,7
12,918,98.5462,1,8
12,921,110.125,1,9
12,924,121.845,1,10
12,927,134.589,1,11
12,930,147.261,1,12
12,933,159.193,1,13
12,936,170.909,1,14
12,938,182.31,1,15
12,941,195.57,1,16
12,943,209.293,1,17
12,945,221.515,1,18
12,947,233.091,1,19
12,948,244.777,1,20
12,949,256.644,1,21
12,950,267.566,1,22
12,952,280.625,1,23
12,953,292.166,1,24
12,954,303.908,1,25
12,955,315.463,1,26
12,956,599.851,2,53
12,957,612.218,2,54
12,958,623.154,2,55
12,960,937.802,3,85
12,961,949.296,3,86
12,962,960.83,3,87
12,963,2971.05,9,271
12,965,2981.58,9,272
12,966,2992.18,9,273
12,967,21284.9,64,1984
12,968,21296,64,1985
13,880,13.597,1,1
13,887,28.4415,1,2
13,894,41.0098,1,3
13,899,53.26,1,4
13,903,66.9861,1,5
13,907,96.6356,1,6
13,911,108.688,1,7
13,915,120.447,1,8
13,918,132.621,1,9
13,921,144.307,1,10
13,923,155.737,1,11
13,925,167.445,1,12
13,927,179.067,1,13
13,931,190.928,1,14
13,933,203.185,1,15
13,935,214.849,1,16
13,937,227.718,1,17
13,939,240.093,1,18
13,940,251.93,1,19
13,941,263.398,1,20
13,942,275.402,1,21
13,943,287.375,1,22
13,944,299.09,1,23
13,945,310.033,1,24
13,946,321.665,1,25
13,948,332.19,1,26
13,949,342.965,1,27
13,950,353.478,1,28
13,951,364.032,1,29
13,953,374.745,1,30
13,954,385.383,1,31
13,955,395.922,1,32
13,956,406.599,1,33
13,957,417.263,1,34
13,959,719.795,2,63
13,960,1078.5,3,96
13,961,1093.73,3,97
13,962,1106.14,3,98
13,963,11343.3,33,1049
13,964,11355.8,33,1050
13,965,11367.2,33,1051
13,966,33061,96,3055
13,967,68404.9,198,6306
13,968,68428.1,198,6307
13,970,78900.7,228,7270
13,971,78912.6,228,7271
13,972,109887,317,10114
13,973,109898,317,10115
14,872,10.7789,1,1
14,877,22.6773,1,2
14,882,34.6136,1,3
14,887,46.4697,1,4
14,891,58.3109,1,5
14,895,70.5713,1,6
14,899,81.8361,1,7
14,903,92.8005,1,8
14,907,106.907,1,9
14,911,122.971,1,10
14,915,136.972,1,11
14,919,149.69,1,12
14,922,160.916,1,13
14,925,174.623,1,14
14,928,185.772,1,15
14,931,197.447,1,16
14,933,209.184,1,17
14,935,220.923,1,18
14,937,232.465,1,19
14,939,244.083,1,20
14,941,255.699,1,21
14,942,267.245,1,22
14,944,278.94,1,23
14,945,290.56,1,24
14,946,302.083,1,25
14,947,313.759,1,26
14,948,325.317,1,27
14,949,337.109,1,28
14,951,347.718,1,29
14,953,360.809,1,30
14,954,374.457,1,31
14,955,386.087,1,32
14,956,397.367,1,33
14,957,710.816,2,63
14,958,724.08,2,64
14,959,735.831,2,65
14,960,748.348,2,66
14,961,775.156,2,67
14,962,787.732,2,68
14,963,803.221,2,69
14,964,814.922,2,70
14,965,13884.2,39,1275
14,966,26039.1,74,2393
14,967,89490.3,253,8277
14,968,89501.9,253,8278
15,899,10.6502,1,1
15,904,22.3244,1,2
15,909,35.8342,1,3
15,913,50.0048,1,4
15,916,62.2948,1,5
15,919,74.2749,1,6
15,922,88.3283,1,7
15,924,99.644,1,8
15,926,111.28,1,9
15,929,122.768,1,10
15,931,134.525,1,11
15,932,145.05,1,12
15,934,156.355,1,13
15,935,167.051,1,14
15,936,177.557,1,15
15,938,188.769,1,16
15,940,199.521,1,17
15,941,210.054,1,18
15,943,223.827,1,19
15,944,236.605,1,20
15,945,250.241,1,21
15,946,261.902,1,22
15,947,272.955,1,23
15,948,800.877,3,73
15,949,824.295,3,74
15,950,835.03,3,75
15,951,846.825,3,76
15,952,872.845,3,77
15,953,885.031,3,78
15,955,897.562,3,79
15,956,908.304,3,80
15,957,919.039,3,81
15,958,929.63,3,82
15,960,1551.83,5,139
15,961,1575.58,5,140
15,962,1586.14,5,141
15,963,1597.64,5,142
15,964,1621.77,5,143
15,965,1633.3,5,144
15,966,3688.44,11,336
15,967,70464.3,203,6498
15,968,70474.8,203,6499
15,969,74911.6,216,6907
15,970,74923,216,6908
15,876,11.339,1,1
15,884,23.7996,1,2
15,890,35.9301,1,3
15,895,47.5288,1,4
15,900,58.6369,1,5
15,905,70.4935,1,6
15,910,82.5182,1,7
15,914,93.5446,1,8
15,918,105.017,1,9
15,923,116.842,1,10
15,927,129.76,1,11
15,930,141.125,1,12
15,932,154.654,1,13
15,934,167.075,1,14
15,935,179.148,1,15
15,936,191.228,1,16
15,938,202.989,1,17
15,939,214.354,1,18
15,940,225.64,1,19
15,941,237.841,1,20
15,943,249.44,1,21
15,944,260.695,1,22
15,945,272.3,1,23
15,947,283.487,1,24
15,948,294.317,1,25
15,950,549.191,2,49
15,952,560.922,2,50
15,953,577.336,2,51
15,954,591.374,2,52
15,955,605.065,2,53
15,956,617.764,2,54
15,957,628.679,2,55
15,958,1316.92,4,120
15,959,1328.37,4,121
15,960,1339.8,4,122
15,961,9659.83,29,877
15,962,9672.77,29,878
15,963,14979.6,43,1326
15,965,14990.5,43,1327
15,966,15001.6,43,1328
15,968,24794.5,71,2229
15,969,82970,202,6413
15,970,82984.5,202,6414
16,891,13.055,1,1
16,895,27.0527,1,2
16,899,38.0539,1,3
16,902,49.5907,1,4
16,905,61.3777,1,5
16,908,72.8293,1,6
16,911,84.0609,1,7
16,913,95.0446,1,8
16,915,110.062,1,9
16,917,123.303,1,10
16,919,137.301,1,11
16,922,149.988,1,12
16,925,162.039,1,13
16,927,182.938,1,14
16,929,205.147,1,15
16,931,220.077,1,16
16,933,232.054,1,17
16,935,243.77,1,18
16,937,256.716,1,19
16,939,267.833,1,20
16,940,279.749,1,21
16,941,292.53,1,22
16,942,303.456,1,23
16,943,315.607,1,24
16,945,330.723,1,25
16,946,343.607,1,26
16,947,355.13,1,27
16,948,367.828,1,28
16,949,386.162,1,29
16,950,410.331,1,30
16,951,421.465,1,31
16,952,433.331,1,32
16,953,444.268,1,33
16,954,458.038,1,34
16,956,470.325,1,35
16,957,483.893,1,36
16,958,497.176,1,37
16,960,511.144,1,38
16,961,8739.78,24,760
16,962,8753.38,24,761
16,963,8767.03,24,762
16,964,8780.06,24,763
16,965,39619.9,112,3502
16,966,46979.3,133,4174
16,967,46991.6,133,4175
16,968,52529.5,148,4665
16,969,52542.9,148,4666
17,869,13.7095,1,1
17,876,26.6138,1,2
17,882,45.5448,1,3
17,887,68.3365,1,4
17,892,82.5814,1,5
17,896,94.1379,1,6
17,900,109.154,1,7
17,905,120.49,1,8
17,909,133.226,1,9
17,912,147.766,1,10
17,915,160.561,1,11
17,917,176.808,1,12
17,919,193.427,1,13
17,921,208.587,1,14
17,923,221.139,1,15
17,925,235.389,1,16
17,927,252.17,1,17
17,929,267.232,1,18
17,931,280.879,1,19
17,932,293.011,1,20
17,933,304.324,1,21
17,934,320.22,1,22
17,936,333.761,1,23
17,937,346.864,1,24
17,938,358.35,1,25
17,939,375.087,1,26
17,942,386.42,1,27
17,943,398.723,1,28
17,944,414.087,1,29
17,945,428.645,1,30
17,946,445.297,1,31
17,947,459.179,1,32
17,948,471.223,1,33
17,949,482.691,1,34
17,950,493.563,1,35
17,951,505.121,1,36
17,952,516.713,1,37
17,953,526.955,1,38
17,955,537.32,1,39
17,956,548.609,1,40
17,957,876.239,2,69
17,958,887.624,2,70
17,959,899.49,2,71
17,960,911.518,2,72
17,961,923.182,2,73
17,962,3466.31,9,298
17,963,3478.15,9,299
17,964,3491.17,9,300
17,965,22895.5,63,2033
17,966,22907.6,63,2034
17,967,39693.4,108,3507
17,968,39704.8,108,3508
17,969,39715,108,3509
17,970,39725.3,108,3510
18,892,11.178,1,1
18,897,24.8654,1,2
18,903,37.1049,1,3
18,907,50.8211,1,4
18,910,64.6586,1,5
18,913,76.0047,1,6
18,916,89.3092,1,7
18,919,104.974,1,8
18,921,120.702,1,9
18,924,134.869,1,10
18,927,149.387,1,11
18,929,168.489,1,12
18,932,185.27,1,13
18,934,201.124,1,14
18,937,222.362,1,15
18,939,242.25,1,16
18,941,255.376,1,17
18,942,267.291,1,18
18,943,278.559,1,19
18,944,290.134,1,20
18,945,301.092,1,21
18,946,311.536,1,22
18,947,323.075,1,23
18,948,335.398,1,24
18,949,629.318,2,47
18,950,645.08,2,48
18,951,659.293,2,49
18,952,676.334,2,50
18,953,689.361,2,51
18,954,702.462,2,52
18,955,1079.64,3,83
18,957,1089.8,3,84
18,958,1101.13,3,85
18,959,1112.85,3,86
18,961,1124.27,3,87
18,962,1134.73,3,88
18,963,1146.77,3,89
18,964,1158.85,3,90
18,965,15937.8,44,1426
18,966,15948.6,44,1427
18,967,15959.7,44,1428
18,968,15970.5,44,1429
18,969,15981.4,44,1430
18,970,28436.7,77,2534
18,971,28448.2,77,2535
18,972,28461.2,77,2536
19,889,13.4837,1,1
19,896,24.8749,1,2
19,902,37.0634,1,3
19,907,48.7822,1,4
19,911,60.2377,1,5
19,915,71.1405,1,6
19,918,83.0799,1,7
19,920,94.6613,1,8
19,922,106.199,1,9
19,924,120.289,1,10
19,926,135.437,1,11
19,928,147.339,1,12
19,930,160.635,1,13
19,932,171.94,1,14
19,935,183.889,1,15
19,936,197.876,1,16
19,937,211.871,1,17
19,938,223.421,1,18
19,939,235.578,1,19
19,941,247.11,1,20
19,942,259.108,1,21
19,944,271.14,1,22
19,945,282.995,1,23
19,946,294.448,1,24
19,947,305.578,1,25
19,948,317.8,1,26
19,949,329.756,1,27
19,950,341.344,1,28
19,951,352.441,1,29
19,952,363.755,1,30
19,953,374.942,1,31
19,954,386.605,1,32
19,955,400.263,1,33
19,956,1088.54,3,97
19,958,1098.96,3,98
19,959,1109.39,3,99
19,960,1120.91,3,100
19,961,1131.74,3,101
19,962,1142.45,3,102
19,963,1153.98,3,103
19,964,12776,34,1121
19,966,14122.3,38,1250
19,967,14133,38,1251
19,969,29286.4,81,2582
19,970,29297.3,81,2583
19,971,29307.8,81,2584
19,972,29319.1,81,2585
20,855,14.0822,1,1
20,863,26.763,1,2
20,870,39.312,1,3
20,876,57.142,1,4
20,882,85.4315,1,5
20,887,99.2922,1,6
20,891,113.534,1,7
20,895,134.128,1,8
20,900,149.132,1,9
20,904,160.049,1,10
20,908,171.613,1,11
20,912,183.186,1,12
20,915,194.635,1,13
20,918,207.038,1,14
20,921,219.898,1,15
20,924,231.747,1,16
20,926,243.682,1,17
20,929,256.857,1,18
20,931,272.464,1,19
20,934,284.82,1,20
20,937,299.508,1,21
20,939,310.394,1,22
20,941,321.962,1,23
20,943,334.855,1,24
20,945,345.571,1,25
20,947,358.203,1,26
20,949,369.981,1,27
20,951,380.891,1,28
20,953,393.173,1,29
20,954,404.775,1,30
20,955,416.944,1,31
20,956,427.546,1,32
20,957,438.832,1,33
20,958,451.727,1,34
20,960,463.883,1,35
20,961,4821.44,11,351
20,962,4836.3,11,352
20,963,4848.69,11,353
20,964,4860.49,11,354
20,965,4874.8,11,355
20,966,12012.3,31,972
20,967,12023.8,31,973
20,968,12035.1,31,974
20,969,12046.3,31,975
