1,880,9.10036,1,1
1,887,14.6424,1,2
1,892,18.2943,1,3
1,897,22.0393,1,4
1,902,25.0387,1,5
1,907,28.2461,1,6
1,911,31.613,1,7
1,914,34.7991,1,8
1,917,38.059,1,9
1,920,41.5163,1,10
1,923,45.0095,1,11
1,926,48.4384,1,12
1,928,51.6146,1,13
1,930,55.5184,1,14
1,932,58.8513,1,15
1,934,62.6967,1,16
1,936,65.8208,1,17
1,938,69.0286,1,18
1,940,72.0264,1,19
1,942,75.1031,1,20
1,944,78.3015,1,21
1,945,81.1188,1,22
1,947,83.849,1,23
1,948,86.621,1,24
1,950,89.5307,1,25
1,951,92.825,1,26
1,952,95.6748,1,27
1,953,98.9173,1,28
1,954,102.114,1,29
1,955,106.165,1,30
1,956,109.729,1,31
1,957,113.346,1,32
1,958,116.851,1,33
1,959,119.999,1,34
1,960,137.11,1,41
1,961,143.852,1,43
1,962,154.892,1,47
1,963,164.558,1,50
1,964,168.747,1,51
1,965,207.276,1,67
1,966,211.177,1,68
1,967,214.234,1,69
1,968,339.953,1,122
1,970,343.588,1,123
1,971,347.044,1,124
1,972,355.253,1,127
1,973,360.711,1,129
2,874,3.3511,1,1
2,881,7.17591,1,2
2,886,11.1673,1,3
2,891,14.9396,1,4
2,896,18.2552,1,5
2,901,21.1286,1,6
2,905,24.6917,1,7
2,909,27.819,1,8
2,912,30.9435,1,9
2,915,34.0866,1,10
2,917,36.8834,1,11
2,919,39.9132,1,12
2,922,43.0665,1,13
2,925,46.7445,1,14
2,928,50.0226,1,15
2,931,53.7858,1,16
2,934,57.0844,1,17
2,936,59.8489,1,18
2,938,62.7101,1,19
2,940,65.9179,1,20
2,942,68.7941,1,21
2,944,71.6964,1,22
2,945,74.7072,1,23
2,946,77.7989,1,24
2,948,80.9744,1,25
2,949,83.8064,1,26
2,951,87.2159,1,27
2,952,90.1872,1,28
2,954,92.9699,1,29
2,955,95.7545,1,30
2,957,98.5293,1,31
2,958,101.563,1,32
2,959,104.872,1,33
2,960,107.681,1,34
2,961,110.464,1,35
2,962,113.282,1,36
2,963,116.069,1,37
2,964,118.931,1,38
2,965,128,1,42
2,966,131.693,1,43
2,967,139.17,1,46
2,968,157.787,1,54
2,969,165.63,1,57
2,970,169.07,1,58
2,971,178.901,1,62
2,972,188.898,1,66
2,973,4810.36,1,2128
3,882,3.08661,1,1
3,887,6.11046,1,2
3,891,9.36563,1,3
3,895,12.3504,1,4
3,899,15.1611,1,5
3,903,18.1111,1,6
3,907,21.0078,1,7
3,911,24.0885,1,8
3,915,27.3157,1,9
3,918,30.4441,1,10
3,921,33.4131,1,11
3,924,36.403,1,12
3,928,39.2101,1,13
3,931,42.1716,1,14
3,934,45.0715,1,15
3,937,47.8443,1,16
3,940,50.6017,1,17
3,942,53.5529,1,18
3,944,56.5471,1,19
3,946,59.4285,1,20
3,948,62.2684,1,21
3,950,64.9764,1,22
3,952,67.5751,1,23
3,953,70.2105,1,24
3,954,72.7133,1,25
3,955,75.5725,1,26
3,956,78.3318,1,27
3,957,85.3131,1,30
3,958,88.0764,1,31
3,959,90.8011,1,32
3,960,93.5482,1,33
3,961,97.2869,1,34
3,962,102.857,1,36
3,963,106.107,1,37
3,964,109.084,1,38
3,965,111.902,1,39
3,966,114.545,1,40
3,967,121.525,1,43
3,968,181.204,1,70
3,969,184.853,1,71
3,970,188.772,1,72
3,971,456.7,1,190
3,973,5464.08,1,2402
4,884,3.449,1,1
4,889,22.6149,1,2
4,894,26.5577,1,3
4,899,30.1856,1,4
4,903,33.6523,1,5
4,907,36.7386,1,6
4,911,39.4679,1,7
4,914,42.5281,1,8
4,917,46.5834,1,9
4,920,50.4852,1,10
4,923,54.0013,1,11
4,926,57.6544,1,12
4,930,61.0833,1,13
4,932,64.4107,1,14
4,934,67.0564,1,15
4,936,69.7715,1,16
4,938,72.8944,1,17
4,940,75.6692,1,18
4,942,78.4759,1,19
4,943,81.1437,1,20
4,944,83.7645,1,21
4,946,86.5385,1,22
4,948,89.5078,1,23
4,950,91.9917,1,24
4,952,94.4261,1,25
4,953,97.5554,1,26
4,954,101.323,1,27
4,955,104.314,1,28
4,956,107.31,1,29
4,957,109.823,1,30
4,958,112.327,1,31
4,960,114.799,1,32
4,961,117.683,1,33
4,962,131.008,1,39
4,963,134.093,1,40
4,964,145.535,1,45
4,965,242.683,1,88
4,966,330.913,1,126
4,967,374.436,1,146
4,968,377.268,1,147
4,969,386.514,1,151
4,970,426.282,1,169
4,971,1937.92,1,845
4,972,2529.83,1,1110
4,973,3534.09,1,1562
5,861,2.89318,1,1
5,867,6.6501,1,2
5,873,9.7446,1,3
5,879,12.9145,1,4
5,884,16.1444,1,5
5,889,19.8694,1,6
5,893,23.8426,1,7
5,897,44.9874,1,8
5,900,49.0005,1,9
5,903,52.4685,1,10
5,906,55.9751,1,11
5,909,59.5232,1,12
5,912,62.8925,1,13
5,915,66.2238,1,14
5,918,69.0542,1,15
5,922,71.7319,1,16
5,925,74.9543,1,17
5,928,79.0002,1,18
5,931,82.3686,1,19
5,933,86.345,1,20
5,935,89.5631,1,21
5,937,92.4634,1,22
5,939,96.3901,1,23
5,940,100.3,1,24
5,941,103.556,1,25
5,942,107.115,1,26
5,943,110.846,1,27
5,945,114.273,1,28
5,947,117.491,1,29
5,948,120.389,1,30
5,949,123.24,1,31
5,950,125.868,1,32
5,951,128.541,1,33
5,952,131.152,1,34
5,953,137.928,1,37
5,955,140.816,1,38
5,956,146.114,1,40
5,957,152.008,1,42
5,958,162.037,1,46
5,959,172.08,1,50
5,960,180.267,1,53
5,961,185.961,1,55
5,962,189.747,1,56
5,963,206.348,1,63
5,964,313.395,1,111
5,965,371.954,1,134
5,966,379.88,1,137
5,967,727.829,1,286
5,968,741.247,1,291
5,969,1190.92,1,496
5,970,1196.62,1,498
5,971,1209.22,1,503
5,972,13137,1,5735
5,973,13142,1,5737
6,860,3.3365,1,1
6,867,6.36587,1,2
6,873,9.21208,1,3
6,879,12.6177,1,4
6,885,16.1199,1,5
6,891,19.1888,1,6
6,896,22.1637,1,7
6,901,24.8796,1,8
6,906,28.1684,1,9
6,911,31.2814,1,10
6,915,34.042,1,11
6,919,36.7918,1,12
6,923,39.6144,1,13
6,926,42.5229,1,14
6,930,46.4729,1,15
6,932,50.2006,1,16
6,934,53.1751,1,17
6,936,56.8246,1,18
6,939,60.6491,1,19
6,941,63.7811,1,20
6,944,66.9482,1,21
6,946,69.869,1,22
6,947,73.1534,1,23
6,948,76.4311,1,24
6,949,79.477,1,25
6,950,82.4196,1,26
6,951,86.1145,1,27
6,952,89.1194,1,28
6,953,91.921,1,29
6,954,94.7447,1,30
6,955,97.4251,1,31
6,956,100.047,1,32
6,957,102.772,1,33
6,958,105.659,1,34
6,959,113.162,1,37
6,960,121.36,1,40
6,961,129.234,1,43
6,962,135.353,1,45
6,963,141.466,1,47
6,964,151.797,1,51
6,965,189.889,1,66
6,966,193.516,1,67
6,967,207.825,1,72
6,968,239.629,1,86
6,969,258.197,1,94
6,970,266.295,1,97
6,971,547.989,1,221
6,972,2190.04,1,962
6,973,2212.2,1,972
7,871,2.70686,1,1
7,876,5.68767,1,2
7,881,8.40677,1,3
7,885,11.0023,1,4
7,889,13.7707,1,5
7,893,16.7926,1,6
7,897,19.2804,1,7
7,900,21.7385,1,8
7,903,24.175,1,9
7,906,26.6537,1,10
7,909,29.3341,1,11
7,912,32.3267,1,12
7,915,35.4532,1,13
7,918,39.0791,1,14
7,921,42.082,1,15
7,923,45.6332,1,16
7,925,48.8379,1,17
7,927,51.8088,1,18
7,929,55.5365,1,19
7,931,59.5181,1,20
7,933,62.6525,1,21
7,935,65.7402,1,22
7,937,68.7471,1,23
7,938,71.5732,1,24
7,939,77.3153,1,25
7,941,80.3917,1,26
7,943,83.5316,1,27
7,944,86.2582,1,28
7,945,88.9248,1,29
7,946,91.5843,1,30
7,947,94.2994,1,31
7,949,97.0248,1,32
7,950,100.034,1,33
7,952,102.952,1,34
7,953,105.644,1,35
7,954,108.403,1,36
7,955,115.539,1,39
7,957,122.516,1,42
7,958,125.206,1,43
7,959,127.864,1,44
7,960,149.727,1,54
7,961,156.665,1,57
7,962,203.617,1,76
7,963,222.899,1,77
7,964,232.743,1,81
7,965,252.516,1,89
7,966,308.989,1,113
7,967,414.229,1,160
7,968,432.619,1,168
7,969,454.941,1,177
7,970,570.871,1,228
7,971,573.756,1,229
7,972,2923.41,1,1280
7,973,2926.53,1,1281
8,891,2.69936,1,1
8,897,5.54675,1,2
8,902,8.37835,1,3
8,907,11.315,1,4
8,911,14.522,1,5
8,915,17.3615,1,6
8,919,20.0632,1,7
8,923,22.9106,1,8
8,926,26.0221,1,9
8,929,30.0135,1,10
8,933,33.5675,1,11
8,935,36.4583,1,12
8,937,40.2602,1,13
8,940,44.164,1,14
8,942,48.4668,1,15
8,944,51.7457,1,16
8,947,55.5559,1,17
8,948,58.3847,1,18
8,949,61.6502,1,19
8,951,64.5489,1,20
8,954,68.303,1,21
8,955,71.4532,1,22
8,956,74.95,1,23
8,957,78.2726,1,24
8,958,81.4319,1,25
8,959,84.841,1,26
8,960,88.3852,1,27
8,962,91.4181,1,28
8,963,94.243,1,29
8,964,101.702,1,32
8,965,104.826,1,33
8,966,110.1,1,35
8,967,115.605,1,37
8,968,118.641,1,38
8,969,130.308,1,43
8,970,138.5,1,46
8,971,142.103,1,47
8,972,480.516,1,200
8,973,484.191,1,201
9,873,2.88568,1,1
9,879,6.50482,1,2
9,884,9.91948,1,3
9,889,13.8738,1,4
9,894,32.9568,1,5
9,898,36.5171,1,6
9,901,40.4209,1,7
9,904,43.6697,1,8
9,907,46.8886,1,9
9,910,50.0881,1,10
9,913,53.0022,1,11
9,916,55.7927,1,12
9,918,58.5249,1,13
9,920,61.4528,1,14
9,922,64.736,1,15
9,924,67.6927,1,16
9,926,70.4829,1,17
9,928,73.4179,1,18
9,930,76.6928,1,19
9,932,80.3925,1,20
9,934,84.2382,1,21
9,936,87.8258,1,22
9,938,90.7794,1,23
9,939,93.5371,1,24
9,940,96.2681,1,25
9,941,99.0488,1,26
9,942,101.714,1,27
9,943,104.355,1,28
9,944,106.904,1,29
9,945,109.644,1,30
9,946,112.655,1,31
9,947,116.148,1,32
9,949,119.084,1,33
9,950,122.15,1,34
9,951,125.291,1,35
9,953,128.29,1,36
9,954,131.277,1,37
9,955,134.502,1,38
9,956,137.876,1,39
9,957,141.276,1,40
9,958,144.688,1,41
9,959,147.799,1,42
9,960,157.054,1,46
9,961,160.767,1,47
9,962,164.049,1,48
9,963,168.932,1,50
9,964,171.914,1,51
9,965,174.988,1,52
9,966,181.078,1,54
9,967,186.79,1,56
9,968,563.233,1,226
9,969,566.746,1,227
9,970,570.493,1,228
9,971,573.782,1,229
9,972,3874.13,1,1704
9,973,3877.24,1,1705
10,888,3.08464,1,1
10,893,7.29829,1,2
10,897,11.8577,1,3
10,901,33.0938,1,4
10,906,36.6162,1,5
10,910,39.3286,1,6
10,914,42.204,1,7
10,916,45.0198,1,8
10,919,48.1514,1,9
10,921,51.086,1,10
10,924,53.8154,1,11
10,926,56.5953,1,12
10,928,59.3329,1,13
10,930,62.0197,1,14
10,932,64.8801,1,15
10,934,67.8001,1,16
10,936,70.4777,1,17
10,937,73.1041,1,18
10,938,75.7651,1,19
10,940,78.4842,1,20
10,942,81.1702,1,21
10,944,84.1668,1,22
10,945,87.0165,1,23
10,946,94.0981,1,24
10,947,97.1144,1,25
10,948,99.9484,1,26
10,949,102.899,1,27
10,950,105.719,1,28
10,951,108.509,1,29
10,952,111.129,1,30
10,953,113.779,1,31
10,954,116.284,1,32
10,955,118.971,1,33
10,956,125.661,1,36
10,957,128.375,1,37
10,958,131.071,1,38
10,959,141.764,1,42
10,960,146.766,1,44
10,961,162.654,1,50
10,962,168.026,1,52
10,963,175.143,1,55
10,964,184.435,1,59
10,965,189.892,1,61
10,966,192.763,1,62
10,967,199.9,1,65
10,968,211.815,1,70
10,969,216.875,1,72
10,970,224.066,1,75
10,971,231.03,1,78
10,972,242.378,1,83
10,973,251.84,1,87
11,965,504.827,41
11,955,860.898,75
11,959,1225.75,107
11,963,1624.81,144
11,950,1996.44,179
11,956,2325.37,210
11,957,2661.97,242
11,951,2993.49,273
11,954,3363.06,308
11,956,3647.49,334
11,960,4024.07,370
11,961,4401.56,406
11,959,4827.47,447
11,957,5292.89,488
11,957,5670.5,524
11,955,5983.99,553
11,963,6361.21,589
11,961,6713.31,623
11,957,7126.75,661
11,959,7452.04,692
11,948,7738.05,719
11,957,8048.26,748
11,951,8351.49,776
11,959,8721.84,811
11,961,9003.95,838
11,952,9370.28,872
11,949,9621.25,896
11,961,10045.4,936
11,953,10354.5,965
11,954,10677.6,996
11,958,11019.7,1028
11,968,11407.9,1064
11,951,11745.5,1096
11,951,12031,1123
11,956,12448.8,1162
11,953,12719,1188
11,950,13068.8,1221
11,948,13393.2,1252
11,956,13664.7,1278
11,958,13972,1307
11,952,14273.9,1335
11,952,14590.5,1365
11,963,15046.5,1409
11,941,15332.9,1435
11,961,15757.4,1475
11,956,16031.1,1501
11,960,16375.8,1533
11,951,16766,1569
11,956,17106.6,1600
11,952,17350.7,1623
11,952,17679.3,1654
11,955,18072.4,1691
11,959,18482.5,1729
11,959,18873.9,1767
11,965,19269.3,1805
11,957,19580,1835
11,956,19963.2,1871
11,949,20216.2,1894
11,950,20625.9,1933
11,961,20985.5,1967
11,954,21346,2001
11,954,21671.7,2032
11,942,21970.3,2060
11,958,22293.9,2090
11,953,22626.6,2121
11,955,22988.9,2156
11,955,23330.8,2188
11,968,23670.9,2221
11,958,24022,2254
11,953,24302.6,2280
11,948,24543,2303
11,959,24841.2,2332
11,963,25211.6,2367
11,968,25591.8,2404
11,957,25961,2438
11,952,26261.7,2466
11,948,26588,2497
11,968,27068.9,2543
11,957,27458.6,2580
11,950,27748.8,2607
11,952,28023,2633
11,953,28427.2,2671
11,959,28831.8,2709
11,954,29143.4,2738
11,949,29432.4,2766
11,950,29757.7,2797
11,960,30242.2,2832
11,954,30524,2859
11,956,30854.2,2890
11,953,31227.6,2922
11,953,31568.6,2954
11,957,31819.7,2977
11,961,32167.6,3010
11,963,32628.7,3054
11,953,32973.6,3087
11,958,33301,3118
11,958,33649.5,3152
11,968,34006.4,3186
11,951,34292.7,3213
11,957,34723.1,3253
11,956,35051.2,3284
11,949,35473.4,3323
11,950,35801,3354
11,946,36076.1,3379
11,956,36409.5,3411
11,960,36763.1,3445
11,957,37137.2,3481
11,958,37430.8,3509
11,955,37796.6,3543
11,949,38120.7,3573
11,954,38471.8,3606
11,969,38865.8,3644
11,951,39165.3,3672
11,947,39470.9,3701
11,955,39744.9,3727
11,951,40075.6,3758
11,953,40429.3,3792
11,954,40732.4,3820
11,946,40974,3843
11,956,41241.6,3868
11,947,41538.2,3896
11,957,41872.4,3928
11,959,42257,3964
11,951,42614,3998
11,949,42882.6,4024
11,954,43243.1,4058
11,953,43539.6,4087
11,955,43971.6,4119
11,956,44477.9,4155
11,956,44800.7,4186
11,949,45096.8,4213
11,948,45376.6,4240
11,951,45738.3,4274
11,958,46102.3,4309
11,959,46521.8,4348
11,954,46821.9,4377
11,955,47171.8,4410
11,957,47550.2,4446
11,953,47893.1,4478
11,960,48189.7,4506
11,957,48616.5,4546
11,960,49027.4,4585
11,955,49329.1,4614
11,951,49649,4644
11,959,49953.1,4673
11,960,50254.5,4701
11,958,50650,4739
11,960,51045.9,4776
11,951,51394,4809
11,959,51755.9,4844
11,947,52124.5,4879
11,963,52532.6,4918
11,955,52847.6,4948
11,963,53164.8,4978
11,940,53487.5,5008
11,950,53833.3,5040
11,959,54297.8,5084
11,958,54656.5,5118
11,939,54905.2,5142
11,955,55211,5171
11,955,55583.6,5206
11,959,55955.1,5241
11,955,56260,5270
11,961,56545.6,5297
11,950,56871.8,5328
11,961,57203.9,5359
11,962,57518.8,5389
11,957,57807.2,5416
11,957,58144.4,5448
11,955,58433.7,5475
11,951,58812.5,5511
11,956,59181.5,5546
11,955,59498.7,5576
11,951,59880.6,5611
11,964,60319,5652
11,950,60611.8,5680
11,959,61073,5724
11,958,61442.6,5759
11,953,61755.5,5788
11,959,62079.2,5819
11,959,62469.1,5856
11,956,62771.3,5885
11,956,63160,5921
11,954,63519.8,5955
11,959,63865.6,5988
11,952,64158.4,6016
11,956,64514.7,6049
11,950,64797.6,6076
11,954,65079.8,6103
11,957,65428.2,6136
11,960,65835.6,6174
11,948,66152.8,6204
11,950,66507.4,6238
11,957,66892.8,6275
11,958,67259.9,6309
11,954,67581.7,6340
11,951,67871.5,6367
11,962,68314.4,6409
11,962,68686.3,6444
11,960,69098,6483
11,949,69390.4,6511
11,949,69674.9,6538
11,953,69918.7,6561
11,959,70319.9,6599
11,957,70643,6630
11,956,70937.2,6658
11,955,71253.6,6688
11,957,71617.6,6722
11,959,72043.4,6763
11,955,72355.1,6792
11,959,72704.2,6825
11,956,73105.8,6863
11,958,73448.4,6895
11,962,73903.9,6938
11,963,74376.2,6983
11,946,74696,7013
11,956,74963.3,7039
11,953,75287.1,7070
11,963,75620.2,7102
11,954,75981.3,7135
11,955,76270.5,7162
11,966,76658.8,7199
11,953,76921.1,7224
11,958,77315.6,7261
11,955,77694.8,7297
11,958,78031,7329
11,957,78387.9,7363
11,951,78691.4,7391
11,959,79092.7,7429
11,961,79461.4,7465
11,953,79800.8,7497
11,957,80185.1,7533
11,953,80498.7,7563
11,957,80860.9,7597
11,953,81205.7,7630
11,962,81560.5,7664
11,956,81917.3,7697
11,954,82210.3,7725
11,949,82527.6,7755
11,951,82843,7785
11,944,83166.6,7814
11,957,83470.9,7843
11,959,83852.8,7879
11,940,84115.5,7903
11,944,84421.1,7931
11,953,84807.6,7967
11,956,85211.4,8005
11,949,85555.6,8037
11,957,85898.3,8069
11,941,86188.9,8096
11,959,86538,8129
11,958,86789.1,8153
11,952,87163.5,8189
11,961,87546.9,8225
11,956,87843.4,8253
11,959,88084.1,8276
11,959,88464.3,8312
11,956,88891.5,8352
11,947,89206,8381
11,956,89581.8,8416
11,957,89982.4,8454
11,961,90359.8,8489
11,941,90612.1,8513
11,953,90972.1,8547
11,948,91298.6,8578
11,956,91662.7,8612
11,957,92006.8,8645
11,944,92287.6,8671
11,959,92648,8706
11,949,92917.6,8731
11,953,93322.1,8769
11,962,93681.5,8803
11,958,93999,8833
11,950,94288.6,8860
11,961,94660.9,8894
11,960,94997.2,8926
11,954,95360,8960
11,960,95738.9,8996
11,953,96112.7,9031
11,953,96363.9,9055
11,965,96706.9,9088
11,953,97008.3,9117
11,949,97328.4,9147
11,957,97644.1,9177
11,960,97978.1,9208
11,952,98263.9,9235
11,959,98573.9,9265
11,957,98904.4,9297
11,950,99196.7,9324
11,956,99587.9,9361
11,965,99894.2,9390
11,957,100282,9427
11,956,100632,9460
11,955,100946,9490
11,959,101344,9528
11,953,101613,9554
11,958,101965,9587
11,947,102259,9615
11,953,102565,9644
11,953,102810,9667
11,954,103103,9695
11,959,103406,9724
11,959,103809,9761
11,952,104135,9792
11,959,104531,9830
11,956,104880,9863
11,945,105167,9890
11,952,105412,9913
11,950,105715,9942
11,961,106042,9973
11,960,106390,10006
11,952,106716,10037
11,959,107088,10072
11,956,107431,10105
11,959,107734,10133
11,957,108032,10162
11,949,108321,10189
11,961,108796,10235
11,953,109139,10268
11,956,109530,10305
11,957,109884,10338
11,955,110224,10370
11,950,110505,10397
11,961,110843,10429
11,950,111145,10458
11,958,111474,10489
11,957,111821,10522
11,950,112102,10548
11,964,112520,10588
11,951,112812,10616
11,947,113141,10647
11,956,113495,10681
11,956,113735,10703
11,955,114065,10734
11,958,114388,10764
11,957,114789,10802
11,951,115117,10833
11,952,115415,10861
11,945,115705,10889
11,956,116094,10925
11,950,116432,10957
11,955,116767,10989
11,963,117244,11035
11,950,117519,11060
11,954,117833,11089
11,956,118150,11116
11,963,118578,11152
11,961,119035,11185
11,957,119473,11215
11,960,119811,11243
11,963,120206,11277
11,950,120538,11304
11,953,120944,11341
11,957,121320,11376
11,954,121600,11403
11,955,121933,11434
11,957,122377,11475
11,949,122643,11500
11,957,122957,11530
11,956,123328,11565
11,957,123640,11594
11,958,124072,11634
11,956,124393,11664
11,942,124674,11691
11,945,124957,11717
11,955,125290,11748
11,970,125671,11784
11,956,125943,11810
11,961,126287,11842
11,958,126637,11876
11,952,126959,11906
11,957,127230,11932
11,948,127519,11958
11,955,127853,11987
11,947,128206,12020
11,961,128481,12046
11,962,128883,12083
11,953,129295,12120
11,956,129644,12153
11,952,129937,12181
11,961,130262,12211
11,955,130605,12242
11,962,131012,12280
11,956,131343,12311
11,964,131695,12344
11,960,132002,12373
11,956,132333,12404
11,947,132657,12434
11,953,133009,12468
11,950,133323,12497
11,961,133615,12525
11,954,134026,12563
11,967,134366,12595
11,965,134747,12631
11,948,135023,12657
11,953,135294,12682
11,955,135602,12712
11,956,135985,12747
11,936,136261,12773
11,961,136628,12807
11,945,136881,12831
11,956,137228,12862
11,944,137499,12886
11,950,137857,12919
11,956,138163,12948
11,951,138467,12975
11,957,138742,13001
11,953,139094,13034
11,954,139430,13066
11,957,139726,13094
11,951,140040,13122
11,962,140493,13163
11,953,140848,13197
11,963,141229,13233
11,959,141549,13263
11,954,141976,13304
11,955,142325,13337
11,963,142731,13376
11,961,143111,13410
11,949,143409,13437
11,958,143776,13472
11,954,144066,13499
11,956,144416,13531
11,959,144802,13568
11,959,145229,13608
11,959,145571,13640
11,947,145861,13667
11,961,146247,13704
11,952,146569,13734
11,958,146954,13771
11,954,147304,13801
11,950,147665,13833
11,952,148026,13867
11,948,148276,13890
11,958,148679,13927
11,952,149055,13963
11,950,149386,13994
11,954,149712,14025
12,955,328.033,27
12,958,637.95,56
12,962,973.981,88
12,955,1312.2,117
12,955,1591.36,143
12,953,1880.5,170
12,957,2264.57,206
12,959,2618.98,238
12,966,3003.1,274
12,954,3340.54,306
12,945,3643.08,334
12,948,3917.46,360
12,943,4223.04,388
12,961,4609.55,425
12,954,4876.46,450
12,960,5270.93,488
12,948,5589.41,516
12,958,5979.38,551
12,954,6299.65,581
12,958,6601.1,610
12,957,6906.48,639
12,957,7230.95,670
12,953,7562.36,701
12,952,7893.33,733
12,957,8295.56,770
12,955,8627.33,802
12,955,8928.51,829
12,960,9370.52,871
12,960,9709.4,902
12,948,10010.1,929
12,958,10314.4,957
12,957,10701.8,990
12,954,11085.3,1026
12,957,11420,1058
12,947,11752.8,1088
12,947,12092.6,1120
12,963,12499.2,1158
12,956,12833.2,1190
12,963,13132.9,1218
12,955,13432.6,1247
12,961,13757.7,1276
12,954,14064.5,1304
12,957,14385.4,1334
12,943,14613.9,1356
12,948,14896.9,1382
12,956,15331.3,1423
12,962,15675.4,1455
12,962,16091.7,1495
12,957,16476.7,1531
12,959,16824.7,1565
12,957,17148.3,1595
12,948,17381.5,1617
12,956,17601.4,1637
12,961,17952.5,1670
12,954,18254,1698
12,957,18595.3,1731
12,955,18959.2,1765
12,954,19323.5,1799
12,954,19576.6,1822
12,954,19876.2,1850
12,952,20162.9,1877
12,958,20439.6,1904
12,957,20845.2,1942
12,968,21309.9,1986
12,955,21651.9,2018
12,944,21942.6,2045
12,955,22226.6,2071
12,962,22591.9,2106
12,955,22909.5,2136
12,953,23244,2167
12,960,23557.7,2197
12,960,23934,2232
12,952,24318.3,2266
12,964,24722.7,2305
12,956,25055.6,2336
12,954,25421.3,2370
12,950,25733.9,2399
12,958,26162.9,2438
12,955,26507.3,2471
12,952,26802.5,2499
12,958,27165.4,2532
12,953,27539.8,2566
12,961,27906.8,2601
12,958,28260.5,2634
12,964,28593.8,2666
12,956,28910.2,2696
12,954,29224.7,2724
12,951,29525,2750
12,955,29946.4,2789
12,957,30268.4,2820
12,955,30573.8,2847
12,955,31008.1,2886
12,966,31401.5,2922
12,947,31699.3,2950
12,960,32052.7,2984
12,960,32404.1,3017
12,952,32682.1,3042
12,965,33095.6,3081
12,952,33416.4,3112
12,951,33690.7,3137
12,963,34021.9,3169
12,955,34356.6,3199
12,945,34689.8,3231
12,961,34984.6,3258
12,955,35308.4,3289
12,950,35711.5,3325
12,957,36093.8,3360
12,953,36426.2,3391
12,957,36773.3,3425
12,956,37092.6,3453
12,961,37489.3,3489
12,961,37835.9,3522
12,951,38065.6,3544
12,955,38429.5,3577
12,959,38821.4,3614
12,962,39144.2,3645
12,962,39521.7,3681
12,955,39853,3712
12,963,40334.9,3757
12,948,40582.6,3781
12,954,40903.2,3811
12,962,41271.4,3846
12,963,41630.7,3880
12,956,42012.1,3916
12,956,42442.3,3956
12,962,42885.6,3997
12,952,43217,4027
12,961,43547.1,4058
12,953,43986.4,4091
12,956,44348.7,4120
12,951,44733.7,4150
12,956,45140.8,4189
12,961,45551.6,4227
12,954,45906.3,4261
12,957,46285.1,4294
12,957,46677.2,4330
12,953,47051.9,4365
12,955,47414,4399
12,963,47815,4437
12,951,48160.6,4470
12,956,48427.3,4495
12,955,48760.7,4527
12,956,49130.1,4561
12,955,49439.6,4591
12,954,49791.4,4624
12,945,50055.4,4649
12,954,50451.3,4686
12,956,50804.9,4720
12,959,51155.9,4752
12,966,51489.9,4782
12,952,51829.1,4814
12,954,52110.6,4840
12,950,52380,4865
12,949,52716.1,4897
12,955,53042,4926
12,942,53303.5,4950
12,961,53656.5,4984
12,955,54072.5,5023
12,950,54373,5051
12,949,54648.8,5076
12,950,54955.2,5103
12,962,55345.6,5140
12,955,55692.1,5173
12,954,56036,5204
12,957,56344.3,5231
12,955,56637.8,5259
12,965,57129.3,5306
12,959,57507.9,5342
12,956,57800.8,5369
12,959,58164,5402
12,956,58444.6,5428
12,954,58765.5,5459
12,956,59053.5,5485
12,953,59342.2,5513
12,955,59658.3,5542
12,960,59970.7,5572
12,963,60345,5607
12,947,60642.7,5635
12,961,61037.5,5670
12,960,61384.4,5702
12,951,61676.8,5730
12,958,62039.5,5764
12,957,62343.1,5792
12,952,62591.8,5816
12,961,63035.1,5858
12,955,63389.8,5892
12,959,63793.2,5928
12,958,64154.8,5961
12,956,64498.1,5993
12,947,64933.1,6033
12,958,65304.1,6068
12,958,65641.5,6100
12,959,65956.7,6129
12,961,66372.6,6167
12,952,66716.1,6199
12,956,67028.3,6229
12,946,67315.6,6254
12,963,67679.3,6287
12,959,68014.4,6318
12,953,68304.3,6345
12,955,68618,6374
12,955,69015.7,6411
12,955,69354,6443
12,959,69752.1,6481
12,964,70094.7,6514
12,954,70416.3,6542
12,951,70765.5,6574
12,967,71118.6,6607
12,963,71563.5,6650
12,947,71905.4,6677
12,961,72330.5,6716
12,956,72673.8,6748
12,953,73008.9,6778
12,953,73304.5,6805
12,958,73676.9,6838
12,958,73998.9,6867
12,954,74377.1,6902
12,956,74712.9,6935
12,959,75141.7,6975
12,959,75479.3,7007
12,963,75898.6,7047
12,955,76208.6,7077
12,958,76621,7116
12,960,76971.7,7149
12,958,77396.2,7188
12,954,77759.7,7221
12,956,78062.4,7250
12,961,78438.1,7285
12,953,78725.4,7313
12,954,79005.7,7339
12,958,79373,7374
12,950,79622.1,7396
12,944,79898.8,7422
12,950,80151.4,7446
12,953,80478.5,7475
12,958,80804.1,7506
12,951,81124.8,7536
12,965,81518.7,7572
12,956,81886.4,7606
12,960,82243.3,7639
12,959,82502.4,7664
12,953,82884.3,7699
12,952,83228.9,7731
12,943,83500.6,7757
12,958,83831.4,7787
12,960,84217.7,7824
12,956,84558.4,7856
12,942,84827.9,7882
12,957,85171.1,7913
12,958,85463.2,7941
12,947,85747,7966
12,957,86131.3,8001
12,959,86446.5,8031
12,959,86836.1,8068
12,963,87128.6,8096
12,953,87464.6,8128
12,959,87877.4,8166
12,953,88147.8,8190
12,961,88507.3,8224
12,953,88870.3,8259
12,953,89240.4,8292
12,964,89569.9,8322
12,958,89941.8,8357
12,953,90365.3,8396
12,957,90679.6,8424
12,951,91034.3,8456
12,957,91394.2,8490
12,962,91761.3,8525
12,960,92144,8561
12,959,92504.8,8593
12,955,92837.1,8623
12,952,93243.5,8661
12,959,93562.1,8692
12,961,94027.3,8734
12,953,94385,8766
12,958,94697.3,8795
12,955,95058.8,8828
12,962,95496.6,8869
12,949,95827.2,8900
12,946,96203.7,8933
12,947,96528.5,8964
12,955,96912.9,8999
12,953,97253.5,9031
12,946,97544.6,9058
12,953,97881,9090
12,956,98224.3,9122
12,955,98586.1,9156
12,959,98945.5,9189
12,957,99319.7,9224
12,960,99676.1,9258
12,957,100091,9294
12,957,100396,9322
12,956,100747,9354
12,957,101108,9386
12,960,101408,9414
12,948,101741,9445
12,958,102065,9474
12,962,102560,9520
12,960,102965,9558
12,962,103311,9591
12,955,103643,9621
12,960,104021,9655
12,956,104354,9686
12,959,104695,9719
12,961,105007,9748
12,957,105430,9788
12,958,105755,9818
12,956,106092,9850
12,958,106414,9880
12,946,106664,9904
12,945,106908,9926
12,961,107343,9967
12,960,107697,10000
12,957,107978,10027
12,955,108319,10057
12,954,108647,10087
12,951,108956,10116
12,956,109295,10148
12,957,109615,10177
12,958,110007,10212
12,949,110283,10238
12,953,110687,10276
12,954,111021,10308
12,959,111433,10347
12,943,111728,10374
12,952,112020,10402
12,948,112401,10437
12,955,112695,10465
12,945,112992,10492
12,959,113244,10516
12,959,113620,10550
12,942,113878,10573
12,955,114171,10600
12,953,114482,10629
12,952,114841,10662
12,965,115256,10700
12,956,115507,10723
12,953,115847,10755
12,950,116175,10784
12,958,116604,10824
12,953,117005,10861
12,955,117345,10893
12,953,117634,10919
12,951,117932,10945
12,951,118244,10974
12,962,118620,11010
12,961,119045,11049
12,949,119389,11080
12,955,119701,11108
12,956,119991,11134
12,957,120381,11171
12,949,120680,11199
12,949,120995,11228
12,948,121248,11251
12,958,121685,11292
12,948,121962,11318
12,959,122288,11349
12,952,122613,11380
12,960,122988,11415
12,959,123419,11456
12,951,123776,11490
12,952,124081,11519
12,957,124484,11557
12,959,124861,11593
12,948,125172,11622
12,949,125476,11651
12,956,125821,11683
12,949,126158,11715
12,956,126466,11744
12,964,126817,11778
12,957,127167,11808
12,960,127620,11841
12,954,127964,11870
12,947,128271,11899
12,949,128523,11921
12,951,128841,11950
12,961,129147,11979
12,941,129392,12002
12,946,129770,12037
12,946,130133,12071
12,954,130494,12105
12,955,130814,12135
12,958,131219,12173
12,956,131484,12198
12,957,131780,12225
12,962,132186,12264
12,955,132504,12294
12,955,132771,12320
12,955,133037,12344
12,956,133407,12378
12,958,133684,12402
12,942,134038,12434
12,961,134481,12474
12,957,134882,12512
12,959,135242,12546
12,954,135560,12576
12,955,135913,12609
12,957,136190,12635
12,952,136510,12665
12,958,136890,12701
12,955,137107,12721
12,958,137462,12753
12,959,137824,12786
12,951,138137,12814
12,959,138521,12850
12,959,138878,12885
12,960,139299,12925
12,958,139627,12956
12,959,139917,12982
12,966,140254,13013
12,961,140639,13050
12,956,140971,13081
12,950,141243,13107
12,963,141544,13135
12,946,141828,13162
12,950,142110,13188
12,952,142400,13216
12,960,142829,13255
12,959,143214,13290
12,958,143549,13321
12,961,143897,13355
12,951,144256,13388
12,954,144634,13424
12,955,144933,13452
12,961,145298,13487
12,955,145645,13519
12,951,145875,13541
12,949,146207,13572
12,955,146553,13605
12,956,146955,13641
12,953,147287,13672
12,959,147634,13705
12,955,147962,13736
12,954,148280,13766
12,960,148652,13801
12,951,149067,13840
12,942,149309,13863
12,956,149645,13892
12,949,149961,13921
13,957,429.211,35
13,959,734.253,64
13,962,1117.26,99
13,957,1444.82,130
13,957,1853.09,168
13,948,2109.29,192
13,947,2438.93,222
13,952,2763.06,252
13,958,3165.37,290
13,959,3598.46,330
13,951,3930.77,361
13,957,4293.59,394
13,955,4634.65,426
13,957,4958.36,457
13,960,5384.63,496
13,948,5668.95,522
13,958,5992.28,553
13,955,6288.14,581
13,951,6591.07,609
13,949,6872.57,636
13,954,7287.87,675
13,953,7584.38,702
13,948,7871.36,729
13,944,8175.12,757
13,948,8498.85,787
13,955,8835.25,818
13,958,9187.98,850
13,961,9592.19,886
13,956,9915.11,916
13,960,10307.9,953
13,954,10585.9,977
13,956,10893.9,1006
13,965,11379.4,1052
13,959,11761.7,1087
13,950,12074.4,1117
13,945,12379,1144
13,960,12797.3,1183
13,954,13158.4,1218
13,957,13487.8,1248
13,953,13820.2,1278
13,956,14121.3,1305
13,955,14398.8,1331
13,953,14705.2,1359
13,959,15081.3,1394
13,957,15442.5,1428
13,958,15836.5,1463
13,957,16145.2,1491
13,949,16481.1,1523
13,959,16884.4,1559
13,963,17321.6,1599
13,954,17654.6,1629
13,953,18001.8,1661
13,959,18349.4,1692
13,958,18769.6,1731
13,960,19160.6,1767
13,959,19530.7,1802
13,947,19807.9,1828
13,954,20141.5,1859
13,953,20501.7,1893
13,955,20905.2,1931
13,947,21208.9,1958
13,948,21479.3,1984
13,957,21780.7,2012
13,962,22129.9,2044
13,951,22493.4,2077
13,956,22768.9,2102
13,959,23121.6,2135
13,955,23445.1,2166
13,957,23790.1,2196
13,942,24126.5,2226
13,958,24408.1,2252
13,944,24645.9,2275
13,953,24980.3,2306
13,960,25427.4,2347
13,954,25728.8,2375
13,949,26027.7,2403
13,957,26336.4,2431
13,962,26772.6,2472
13,959,27083.3,2500
13,948,27384.5,2527
13,958,27725.9,2559
13,951,28075.9,2593
13,961,28483.3,2630
13,954,28864,2666
13,954,29200.5,2697
13,957,29522,2727
13,955,29915.3,2763
13,961,30281.2,2798
13,952,30580.6,2826
13,952,30879.3,2854
13,948,31151.5,2878
13,956,31514.9,2909
13,961,31877,2943
13,961,32239.8,2978
13,964,32714.1,3022
13,966,33072.7,3056
13,953,33332.5,3080
13,950,33631.7,3107
13,948,33913.5,3132
13,953,34281.6,3164
13,950,34634.1,3197
13,961,35023.8,3234
13,961,35403.9,3269
13,957,35818.1,3307
13,955,36120.2,3334
13,956,36446.4,3364
13,953,36751.6,3392
13,965,37102.7,3426
13,952,37394.2,3452
13,956,37747.6,3486
13,959,38108.5,3519
13,959,38350.6,3542
13,954,38654,3571
13,944,38893.4,3592
13,954,39226.2,3622
13,956,39600.3,3656
13,966,39979.7,3690
13,952,40341,3722
13,957,40626.5,3749
13,956,40991.1,3783
13,948,41251.7,3807
13,953,41550.8,3836
13,948,41840.8,3862
13,956,42181.8,3894
13,960,42489.4,3923
13,951,42769.5,3950
13,950,42986,3969
13,954,43398.3,4002
13,965,43967,4041
13,961,44284.2,4068
13,957,44678.9,4106
13,947,44984.3,4134
13,962,45448.7,4177
13,958,45733.3,4204
13,964,46180.4,4246
13,957,46459.4,4271
13,957,46832.9,4307
13,958,47258.2,4345
13,956,47656.3,4381
13,952,48053.3,4418
13,958,48446.4,4455
13,956,48804.3,4489
13,955,49132.2,4520
13,956,49507.9,4554
13,950,49872.3,4588
13,952,50129,4612
13,946,50444,4641
13,961,50761.3,4671
13,958,51151.3,4708
13,961,51557.8,4745
13,961,51917.6,4779
13,946,52195.8,4805
13,946,52408.4,4825
13,957,52767.9,4858
13,956,53135,4891
13,952,53460.4,4920
13,962,53836.8,4954
13,956,54184,4987
13,958,54586.7,5024
13,955,54887.2,5053
13,954,55253.5,5087
13,956,55666.5,5125
13,961,55973.3,5154
13,961,56298,5185
13,957,56710.1,5223
13,957,57076,5256
13,956,57389.5,5285
13,952,57670.1,5311
13,957,57981.3,5340
13,952,58324.6,5372
13,947,58587,5397
13,961,58934.4,5429
13,957,59349.6,5465
13,955,59735.8,5500
13,958,60162.1,5539
13,952,60439.9,5566
13,960,60789,5599
13,952,61040.5,5622
13,957,61442.8,5659
13,961,61879.9,5700
13,952,62165.9,5727
13,959,62556.7,5765
13,959,62943.2,5799
13,953,63228.7,5825
13,957,63656.8,5864
13,958,64037.7,5898
13,948,64347.1,5925
13,957,64699.3,5959
13,960,65038.3,5991
13,956,65424.7,6027
13,957,65730.4,6055
13,964,66065.1,6087
13,961,66463.6,6124
13,962,66831.1,6159
13,957,67109.5,6186
13,956,67530.6,6224
13,959,67943.6,6263
13,968,68457.2,6308
13,960,68803.5,6341
13,963,69185.8,6377
13,945,69520,6407
13,962,69840.2,6437
13,957,70185.9,6469
13,953,70503.2,6498
13,950,70777,6523
13,956,71144.7,6553
13,950,71480.9,6582
13,960,71830.5,6614
13,957,72171.3,6645
13,960,72528.6,6678
13,960,72936.9,6717
13,954,73253.6,6746
13,957,73524.5,6770
13,959,73844.1,6800
13,953,74172.1,6831
13,953,74471.7,6859
13,962,74907.9,6899
13,957,75267.1,6932
13,961,75532.5,6957
13,962,75957.7,6997
13,963,76422.5,7041
13,957,76771.3,7073
13,957,77109.5,7105
13,961,77465.4,7137
13,954,77829.9,7170
13,955,78162.6,7200
13,956,78518.7,7234
13,971,78926.8,7272
13,958,79249.3,7302
13,952,79580.6,7333
13,955,79906.2,7361
13,948,80255.9,7393
13,965,80631.6,7429
13,965,81061.7,7469
13,959,81435.1,7504
13,957,81746.3,7532
13,958,82076.8,7560
13,959,82491.1,7597
13,953,82794.1,7624
13,957,83130.2,7655
13,961,83563.4,7695
13,955,83894.8,7726
13,956,84201.3,7754
13,964,84625.6,7793
13,952,84962.5,7823
13,953,85331.9,7857
13,959,85668.3,7889
13,959,86000.4,7919
13,962,86437.8,7957
13,954,86753.9,7987
13,947,87040.5,8014
13,955,87427,8049
13,948,87730.3,8078
13,954,88091.9,8111
13,958,88449.1,8144
13,959,88762.8,8174
13,955,89092.7,8205
13,950,89450,8235
13,956,89779.1,8265
13,952,90146.3,8300
13,949,90438.3,8327
13,960,90861.9,8365
13,956,91230.3,8398
13,965,91544,8427
13,953,91979.5,8468
13,948,92303.3,8498
13,963,92713.8,8537
13,955,92999.9,8564
13,943,93204.6,8583
13,947,93479.9,8608
13,965,93931.2,8649
13,958,94326.6,8686
13,958,94632.7,8715
13,958,94997.3,8749
13,953,95375.8,8785
13,951,95694.8,8814
13,959,96068.5,8850
13,956,96422,8882
13,956,96745.1,8910
13,959,97103.5,8944
13,960,97434.9,8975
13,958,97798.7,9007
13,959,98267.4,9050
13,956,98580.4,9079
13,946,98868.5,9105
13,961,99241.9,9139
13,955,99571.3,9168
13,951,99844.7,9193
13,954,100203,9227
13,959,100642,9267
13,956,100948,9293
13,944,101244,9319
13,956,101580,9350
13,966,101981,9387
13,959,102330,9420
13,947,102694,9454
13,954,103107,9492
13,952,103393,9517
13,959,103852,9556
13,952,104173,9585
13,954,104464,9613
13,957,104826,9646
13,949,105149,9676
13,959,105471,9705
13,959,105816,9738
13,959,106136,9768
13,963,106527,9804
13,949,106867,9834
13,957,107192,9864
13,948,107517,9894
13,966,107940,9934
13,955,108302,9967
13,957,108693,10004
13,949,108988,10032
13,952,109250,10055
13,951,109524,10081
14,956,409.97,34
14,964,826.014,71
14,955,1104.27,98
14,962,1501.34,133
14,950,1823.4,162
14,961,2202.59,198
14,961,2646.26,240
14,964,3110.38,282
14,958,3532.87,319
14,959,3909.71,354
14,953,4158.97,377
14,957,4547.08,413
14,964,4929.25,450
14,954,5295.14,483
14,958,5612.3,510
14,959,5987.39,545
14,953,6313.63,576
14,959,6730.04,614
14,955,7019.85,642
14,959,7443.24,681
14,959,7814.17,715
14,952,8058.22,738
14,952,8428.17,772
14,954,8750.44,800
14,956,9111.71,833
14,954,9454.22,864
14,955,9802.72,896
14,951,10246.4,937
14,955,10557.7,967
14,953,10925.4,1001
14,955,11222.8,1029
14,956,11556.8,1060
14,958,11873.8,1088
14,957,12231.9,1122
14,956,12572,1154
14,956,12870.5,1181
14,950,13166.4,1209
14,959,13496.9,1239
14,965,13907.7,1276
14,964,14258.8,1308
14,965,14629.9,1344
14,950,14929.6,1370
14,956,15310.3,1404
14,961,15700.3,1440
14,952,15999.2,1468
14,958,16375,1501
14,950,16725,1533
14,963,17061.8,1564
14,960,17476.8,1602
14,950,17835,1634
14,953,18191.2,1666
14,955,18476.2,1693
14,961,18832.5,1727
14,946,19174,1756
14,950,19484.1,1784
14,957,19890.3,1822
14,956,20226.9,1853
14,959,20566.5,1885
14,951,20891.3,1916
14,962,21332.9,1957
14,961,21679.7,1989
14,949,21988.8,2018
14,942,22273.8,2043
14,948,22607.8,2075
14,957,22892,2102
14,960,23206.6,2131
14,958,23534.9,2161
14,953,23898.1,2195
14,957,24180.5,2222
14,946,24556.9,2255
14,963,24953.1,2291
14,950,25291.4,2323
14,959,25658.9,2357
14,966,26052.1,2394
14,955,26425.7,2429
14,952,26714.3,2456
14,953,26986.1,2482
14,957,27319.3,2513
14,959,27690.7,2547
14,959,28112.2,2586
14,942,28379.4,2608
14,952,28655.6,2634
14,956,29025.2,2669
14,962,29442.1,2708
14,951,29837.1,2744
14,951,30168.2,2776
14,947,30459.5,2803
14,959,30868.8,2841
14,951,31206.3,2873
14,956,31530.1,2903
14,960,31899.7,2937
14,958,32171.5,2962
14,959,32561.6,2999
14,957,32900.9,3031
14,964,33322.9,3071
14,961,33722.1,3108
14,953,34053.8,3139
14,963,34413.3,3174
14,953,34697.9,3200
14,962,35095,3237
14,962,35460.5,3271
14,961,35829,3305
14,946,36129.5,3333
14,957,36506.1,3369
14,957,36799.1,3396
14,957,37133.5,3427
14,958,37500.1,3461
14,957,37872.3,3494
14,958,38229.1,3527
14,963,38610.6,3564
14,960,38994.9,3600
14,950,39311.5,3629
14,959,39700.1,3666
14,959,40070.8,3701
14,957,40436.4,3735
14,961,40844.1,3774
14,951,41131.9,3799
14,956,41498.9,3832
14,965,41850,3865
14,966,42283.1,3905
14,948,42603.3,3935
14,957,42872.3,3961
14,962,43251.1,3996
14,961,43604.4,4030
14,953,43882.4,4054
14,951,44169.8,4080
14,964,44519.8,4114
14,952,44830.7,4143
14,953,45142.1,4172
14,949,45467.5,4201
14,946,45776.6,4230
14,945,46052.3,4256
14,959,46454.1,4293
14,961,46867.5,4330
14,954,47148.4,4357
14,960,47562.7,4396
14,953,47875.1,4425
14,961,48269.1,4462
14,951,48592.3,4492
14,960,48938.6,4525
14,958,49262.1,4555
14,961,49613.7,4587
14,955,50033.6,4626
14,955,50367.2,4658
14,965,50703.7,4689
14,944,51009.1,4717
14,962,51430.8,4756
14,951,51823.2,4792
14,961,52302.6,4837
14,952,52653.3,4868
14,957,52992.9,4901
14,955,53296.5,4929
14,956,53648.3,4962
14,956,54061.9,5000
14,959,54430.6,5035
14,962,54809.1,5070
14,960,55160.3,5104
14,962,55564.9,5142
14,957,55890.8,5172
14,954,56234.9,5204
14,960,56557.5,5235
14,957,56962.8,5271
14,960,57385.2,5309
14,962,57862.4,5352
14,955,58223.8,5385
14,959,58598.2,5419
14,949,58963.1,5452
14,954,59336.4,5488
14,949,59611.8,5513
14,962,60019,5550
14,957,60346.7,5581
14,951,60636.9,5609
14,956,60983.5,5641
14,952,61296.9,5670
14,954,61596.2,5698
14,958,62050,5741
14,962,62621.9,5794
14,952,63059.2,5833
14,949,63382.8,5863
14,949,63651.6,5889
14,958,64103.5,5930
14,961,64531.2,5971
14,960,64890.2,6005
14,953,65261.2,6039
14,963,65619.3,6072
14,966,66029.4,6111
14,961,66381.4,6143
14,955,66724.2,6175
14,955,67085.1,6208
14,954,67446.7,6241
14,963,67828,6278
14,952,68135.6,6306
14,958,68515.9,6339
14,958,68833.2,6368
14,954,69143.7,6398
14,958,69588.7,6437
14,956,70000.8,6474
14,958,70396.1,6510
14,952,70724.6,6541
14,958,71137.6,6579
14,958,71475.7,6609
14,954,71827,6642
14,960,72122.1,6669
14,962,72561.9,6708
14,958,72967.1,6746
14,953,73323.7,6779
14,960,73614.6,6806
14,957,74030,6845
14,948,74370.3,6877
14,953,74768.4,6913
14,957,74987.1,6934
14,957,75325.2,6966
14,948,75609.4,6992
14,950,75948.7,7023
14,957,76298.7,7056
14,958,76756.4,7098
14,945,77036.7,7123
14,951,77354.3,7152
14,961,77815.3,7195
14,955,78195.4,7231
14,953,78473.2,7258
14,966,78853.8,7292
14,950,79168.1,7322
14,957,79524.5,7355
14,963,79877.4,7387
14,944,80170.9,7413
14,959,80503.5,7444
14,954,80757.1,7468
14,961,81152,7505
14,954,81466.5,7535
14,955,81854.9,7570
14,954,82175.7,7600
14,955,82569.5,7636
14,961,82918.1,7669
14,951,83300,7704
14,963,83699.5,7741
14,958,84131.4,7781
14,959,84447.7,7810
14,956,84757.6,7840
14,952,85136.3,7875
14,952,85445.1,7904
14,951,85809.7,7938
14,960,86198.4,7974
14,951,86530.3,8004
14,953,86797.3,8028
14,943,87021.2,8048
14,958,87412.9,8083
14,953,87764.6,8115
14,949,88076.1,8145
14,957,88418.1,8176
14,959,88761.6,8209
14,949,89103.4,8241
14,968,89513.3,8279
14,963,89800.9,8306
14,962,90230.6,8347
14,965,90680,8388
14,967,91062.5,8425
14,958,91480.2,8463
14,960,91814.5,8495
14,952,92213.5,8530
14,961,92600.6,8566
14,954,92863.6,8591
14,958,93170.5,8620
14,943,93391.9,8641
14,950,93798.9,8678
14,951,94183.7,8714
14,961,94543.8,8747
14,965,94946.2,8784
14,952,95339.5,8820
14,957,95648.8,8849
14,954,96026.3,8884
14,961,96433.3,8923
14,961,96851.6,8960
14,953,97137.8,8986
14,961,97508.2,9020
14,954,97826.4,9049
14,954,98144.6,9079
14,957,98376.4,9101
14,959,98708.8,9133
14,951,99156.2,9175
14,954,99473.4,9205
14,958,99868,9240
14,965,100245,9276
14,956,100604,9310
14,954,100918,9339
14,950,101253,9370
14,957,101555,9399
14,954,101973,9436
14,961,102289,9464
14,962,102668,9500
14,963,103082,9538
14,958,103488,9576
14,951,103794,9605
14,959,104152,9637
14,957,104550,9675
14,961,104939,9711
14,960,105279,9743
14,955,105579,9770
14,960,105977,9807
14,946,106223,9829
14,960,106663,9871
14,951,106927,9896
14,963,107291,9929
14,940,107557,9954
14,958,107894,9986
14,961,108257,10020
14,948,108469,10040
14,955,108790,10070
14,959,109223,10111
14,957,109563,10144
14,950,109885,10174
14,961,110282,10210
14,948,110577,10238
14,947,110843,10263
14,960,111181,10295
14,966,111628,10336
14,959,111898,10360
14,956,112236,10392
14,958,112588,10425
14,953,112895,10454
14,954,113206,10483
14,953,113486,10508
14,958,113833,10541
14,958,114259,10581
14,961,114664,10619
14,953,114930,10644
14,954,115237,10673
14,960,115549,10700
14,956,115907,10733
14,954,116263,10766
14,959,116560,10794
14,949,116856,10820
14,967,117258,10857
14,950,117583,10886
14,958,117915,10918
14,958,118267,10950
14,953,118579,10980
14,951,118945,11014
14,956,119325,11049
14,950,119651,11080
14,957,120089,11119
14,954,120408,11148
14,954,120811,11185
14,946,121144,11217
14,957,121441,11245
14,963,121803,11279
14,960,122111,11308
14,961,122517,11347
14,953,122821,11375
14,949,123125,11403
14,953,123410,11429
14,954,123767,11463
14,949,124077,11492
14,963,124534,11536
14,949,124951,11574
14,959,125333,11608
14,951,125641,11635
14,967,126078,11675
14,962,126438,11709
14,960,126839,11745
14,961,127245,11782
14,952,127540,11810
14,954,127846,11839
14,958,128193,11871
14,956,128478,11898
14,965,128921,11940
14,960,129202,11966
14,964,129583,12000
14,959,129970,12037
14,964,130369,12073
14,951,130784,12110
14,954,131183,12147
14,953,131590,12184
14,963,131993,12221
14,958,132279,12247
14,960,132615,12278
14,949,132857,12301
14,959,133172,12331
14,955,133527,12363
14,961,133970,12405
14,955,134353,12441
14,954,134687,12472
14,959,135018,12504
14,959,135355,12535
14,954,135682,12565
14,956,136036,12598
14,956,136375,12629
14,961,136771,12666
14,962,137177,12704
14,952,137500,12732
14,958,137855,12764
14,956,138197,12797
14,959,138511,12826
14,958,138915,12864
14,961,139245,12894
14,953,139622,12928
14,955,140040,12966
14,956,140365,12997
14,952,140736,13029
14,955,141082,13061
14,954,141487,13099
14,958,141859,13133
14,954,142172,13163
14,950,142510,13194
14,951,142884,13228
14,957,143269,13264
14,960,143671,13303
14,956,144075,13339
14,943,144370,13367
14,955,144655,13393
14,956,145041,13428
14,955,145410,13462
14,955,145657,13485
14,940,146000,13514
14,944,146294,13541
14,953,146556,13566
14,946,146870,13595
14,942,147123,13618
14,943,147389,13643
14,952,147727,13675
14,937,147994,13700
14,955,148322,13730
14,956,148679,13764
14,951,148976,13792
14,964,149425,13832
14,960,149713,13858
15,947,287.366,24
15,944,567.168,51
15,958,942.086,83
15,958,1261.39,112
15,965,1646.55,145
15,957,1925.96,172
15,957,2323.61,207
15,958,2647.99,237
15,951,2979.69,269
15,957,3305.2,299
15,966,3699.59,337
15,955,4130.68,377
15,963,4435.5,406
15,948,4675.39,428
15,961,5064.77,466
15,960,5461.09,501
15,953,5805.98,534
15,963,6152.05,566
15,960,6527.87,601
15,955,6888.56,635
15,955,7202.66,665
15,959,7562.34,697
15,954,7912.16,729
15,956,8181.04,754
15,946,8416.4,775
15,953,8718.12,804
15,954,8995.99,830
15,958,9450.7,872
15,960,9828.14,906
15,949,10205.8,942
15,954,10517.8,971
15,955,10819.1,999
15,957,11206,1035
15,950,11488.7,1061
15,958,11882.6,1097
15,958,12284,1135
15,953,12622.6,1166
15,958,12970,1198
15,957,13365,1234
15,965,13698.4,1263
15,947,13996.8,1289
15,954,14348.2,1322
15,956,14742.8,1359
15,958,15105.8,1393
15,959,15384.1,1419
15,961,15698.5,1447
15,957,16008.8,1476
15,953,16362.5,1509
15,953,16644,1534
15,945,16992.5,1566
15,955,17382,1601
15,956,17719.4,1631
15,957,18105.6,1667
15,954,18532.7,1708
15,955,18845.2,1736
15,954,19172.2,1766
15,961,19525.6,1800
15,958,19915.5,1836
15,954,20284.6,1870
15,953,20629.8,1901
15,958,21000.1,1935
15,956,21352.9,1969
15,947,21710.8,2001
15,962,22004.5,2029
15,954,22393.6,2064
15,959,22722.2,2095
15,965,23052.2,2127
15,955,23372.3,2156
15,956,23682.8,2186
15,962,24003.3,2216
15,958,24438.9,2257
15,954,24820,2293
15,964,25214.4,2330
15,951,25475.8,2354
15,955,25756.9,2381
15,954,26084.4,2410
15,956,26461.5,2443
15,943,26829.7,2478
15,958,27179.9,2511
15,966,27551.5,2544
15,951,27882.2,2574
15,941,28151.8,2599
15,959,28590.1,2641
15,958,28941.4,2673
15,965,29360.8,2711
15,951,29697,2742
15,953,30051.1,2776
15,951,30374.7,2806
15,956,30753.9,2840
15,947,31115.4,2873
15,953,31451.7,2905
15,961,31796.5,2937
15,962,32211.4,2976
15,949,32512.9,3003
15,953,32866.7,3035
15,958,33185.4,3064
15,949,33529.2,3095
15,954,33836,3123
15,955,34165.5,3153
15,948,34418.3,3177
15,960,34784.2,3211
15,954,35121.7,3242
15,964,35452.4,3274
15,966,35908.7,3316
15,959,36220.3,3346
15,961,36565.9,3378
15,957,36869.6,3406
15,952,37252.9,3442
15,950,37581.3,3473
15,954,37927.3,3503
15,960,38290.9,3536
15,965,38696.4,3573
15,950,39113.9,3610
15,959,39513,3646
15,953,39789.7,3673
15,941,40035.6,3695
15,952,40364.7,3726
15,949,40662.2,3754
15,947,40919.3,3778
15,952,41225.1,3805
15,952,41502.2,3830
15,947,41729.3,3851
15,951,42011.6,3877
15,947,42250.7,3899
15,953,42687.5,3939
15,963,43040.4,3971
15,957,43330.5,3997
15,949,43645.1,4026
15,954,43921.6,4052
15,963,44327.4,4089
15,948,44618.2,4117
15,957,45016.9,4154
15,958,45401.8,4187
15,962,45829.2,4223
15,952,46215.2,4258
15,953,46615.5,4294
15,958,46975.9,4327
15,950,47261.6,4353
15,962,47667.5,4391
15,948,47926,4415
15,954,48157,4436
15,958,48527.2,4470
15,955,48889.1,4504
15,955,49211.6,4534
15,964,49602.8,4569
15,957,49893.2,4597
15,951,50280.2,4631
15,957,50626.6,4661
15,949,50978.9,4694
15,960,51345.4,4728
15,954,51680.3,4758
15,964,52065.2,4795
15,960,52469.3,4832
15,953,52820.1,4865
15,947,53138.5,4893
15,950,53525.9,4927
15,957,53966,4966
15,963,54327.2,5000
15,962,54712.2,5036
15,956,55069.9,5070
15,958,55460.4,5106
15,958,55813.9,5138
15,956,56141,5169
15,951,56438.5,5197
15,960,56830.3,5233
15,955,57182.4,5264
15,956,57539.4,5296
15,961,57930.2,5332
15,958,58338.3,5371
15,960,58737.1,5407
15,945,59050.4,5436
15,940,59261.6,5456
15,951,59587.3,5487
15,951,59879.5,5513
15,956,60204.7,5544
15,955,60580.3,5579
15,949,60909.5,5609
15,963,61402.1,5654
15,955,61818,5693
15,959,62225.6,5731
15,956,62660.3,5771
15,943,62911.7,5795
15,949,63209,5822
15,961,63525.7,5852
15,958,63936.6,5890
15,942,64172.9,5911
15,955,64482.6,5940
15,962,64833.1,5974
15,963,65289.8,6016
15,960,65637.3,6048
15,954,65981.2,6080
15,958,66332,6113
15,955,66689.6,6145
15,962,67091.1,6182
15,958,67497,6219
15,955,67867.3,6254
15,951,68177.5,6283
15,960,68570.8,6320
15,961,68984.4,6359
15,949,69316.7,6389
15,958,69706.2,6426
15,956,70020.2,6456
15,968,70488,6500
15,952,70835.8,6533
15,953,71184,6566
15,954,71523.7,6596
15,953,71852.3,6626
15,952,72155.3,6655
15,958,72507.8,6686
15,960,72884.1,6721
15,959,73157.3,6747
15,949,73428.9,6772
15,955,73765.5,6803
15,949,74103,6833
15,956,74497.3,6868
15,970,74936.2,6909
15,956,75214,6935
15,951,75425.2,6954
15,955,75861.2,6995
15,959,76162.5,7022
15,955,76527.5,7056
15,944,76740.5,7075
15,958,77130.1,7110
15,948,77429.6,7138
15,961,77824.8,7174
15,950,78186.2,7208
15,960,78553.8,7243
15,964,78953.2,7280
15,956,79330.4,7316
15,950,79695.1,7349
15,946,80023.4,7377
15,969,80382.6,7410
15,956,80812.6,7450
15,962,81252.9,7492
15,947,81522.2,7516
15,952,81769.2,7538
15,957,82065.6,7566
15,963,82445.7,7602
15,954,82754.5,7632
15,963,83277.8,7675
15,956,83573.3,7696
15,958,84069,7733
15,952,84386.8,7759
15,943,84692.4,7785
15,966,85126.8,7822
15,946,85499.6,7857
15,955,85810.5,7886
15,942,86106.7,7913
15,963,86562.6,7955
15,960,86924.4,7989
15,954,87294.8,8023
15,955,87560.3,8048
15,953,87898.9,8080
15,953,88265.8,8113
15,946,88469.5,8132
15,956,88833.2,8166
15,949,89153.7,8197
15,957,89581.3,8235
15,958,89867.7,8263
15,953,90224.9,8295
15,947,90546.7,8323
15,953,90889.4,8355
15,959,91187.6,8383
15,959,91609.8,8422
15,957,91989.8,8458
15,969,92432,8499
15,961,92797,8533
15,955,93156.5,8566
15,951,93516.5,8599
15,949,93846.3,8630
15,962,94217.2,8666
15,948,94551.8,8696
15,941,94804.5,8720
15,958,95218.8,8758
15,952,95575,8790
15,950,95882.4,8818
15,954,96197.7,8847
15,959,96547.6,8881
15,953,96868.4,8910
15,954,97217.5,8943
15,961,97597.6,8979
15,951,97924.1,9009
15,957,98333.2,9046
15,965,98653.9,9076
15,955,98997.8,9108
15,957,99324.7,9137
15,949,99655.7,9168
15,965,100062,9205
15,944,100310,9228
15,961,100612,9256
15,962,100959,9288
15,948,101300,9319
15,951,101598,9347
15,950,102034,9387
15,965,102426,9425
15,963,102910,9468
15,952,103280,9503
15,958,103642,9536
15,955,104052,9572
15,947,104388,9603
15,958,104831,9645
15,957,105293,9686
15,959,105619,9714
15,960,106044,9754
15,945,106297,9778
15,948,106616,9807
15,955,107005,9844
15,954,107446,9884
15,949,107730,9910
15,959,108015,9937
15,955,108310,9963
15,950,108635,9994
15,953,108967,10025
15,949,109303,10056
15,944,109588,10082
15,951,109887,10110
15,953,110260,10143
15,956,110561,10170
15,963,110943,10206
15,966,111317,10240
15,957,111584,10265
15,955,111969,10302
15,947,112258,10329
15,957,112667,10367
15,959,113041,10402
15,948,113397,10434
15,962,113748,10467
15,950,114068,10498
15,955,114426,10531
15,946,114728,10559
15,955,115104,10594
15,938,115326,10614
15,946,115663,10643
15,947,115953,10670
15,956,116236,10697
15,955,116531,10723
15,960,116926,10759
15,952,117246,10789
15,954,117613,10822
15,951,117914,10850
15,953,118211,10878
15,951,118505,10905
15,946,118797,10931
15,957,119093,10959
15,962,119438,10991
15,960,119848,11029
15,960,120140,11057
15,957,120543,11095
15,948,120853,11123
15,968,121307,11166
15,956,121616,11195
15,948,121939,11224
15,951,122250,11253
15,957,122565,11283
15,961,122956,11319
15,956,123321,11354
15,969,123849,11403
15,965,124226,11436
15,963,124617,11472
15,952,124960,11503
15,956,125351,11538
15,957,125675,11568
15,939,125938,11593
15,957,126256,11622
15,956,126539,11649
15,949,126854,11677
15,956,127237,11711
15,960,127622,11746
15,954,128106,11789
15,964,128596,11835
15,960,128875,11862
15,954,129255,11897
15,949,129640,11933
15,963,129999,11966
15,954,130351,11997
15,953,130613,12022
15,951,130891,12049
15,957,131275,12083
15,941,131594,12113
15,954,131899,12142
15,959,132299,12180
15,958,132682,12215
15,965,133052,12251
15,959,133452,12287
15,959,133790,12318
15,956,134080,12344
15,963,134424,12376
15,954,134851,12416
15,954,135220,12451
15,961,135544,12480
15,960,135973,12521
15,960,136303,12552
15,956,136670,12586
15,960,136976,12614
15,962,137338,12646
15,953,137740,12683
15,958,138136,12721
15,951,138522,12757
15,959,138943,12796
15,967,139376,12837
15,949,139653,12862
15,956,139981,12892
15,957,140256,12918
15,958,140550,12946
15,948,140844,12973
15,952,141179,13004
15,957,141525,13037
15,961,141862,13068
15,960,142208,13101
15,952,142523,13131
15,950,142914,13168
15,963,143256,13199
15,950,143538,13226
15,957,143893,13257
15,955,144252,13290
15,961,144627,13326
15,958,145008,13362
15,958,145338,13392
15,948,145613,13418
15,957,145913,13446
15,951,146168,13470
15,948,146506,13501
15,954,146856,13534
15,953,147247,13570
15,949,147544,13598
15,945,147815,13622
15,956,148119,13647
15,958,148497,13683
15,960,148850,13717
15,959,149283,13757
15,954,149664,13793
15,956,149983,13823
