1,1062,0.064346,1,1
1,1063,1.04295,1,6
1,1065,1.56601,1,7
1,1067,2.93266,1,19
1,1070,3.75375,1,23
1,1071,4.2622,1,24
1,1072,5.49858,1,38
1,1074,5.96835,1,39
1,1075,6.49693,1,40
1,1076,9.1801,1,71
1,1078,9.70552,1,72
1,1079,10.1844,1,73
1,1080,11.1645,1,78
1,1081,11.7614,1,81
1,1082,12.243,1,82
1,1084,12.7392,1,83
1,1085,13.3448,1,84
1,1087,14.4556,1,85
1,1088,16.8025,1,103
1,1089,26.9888,1,216
1,1091,27.6204,1,217
1,1092,28.1411,1,219
1,1095,28.7684,1,220
1,1096,29.4533,1,221
1,1097,86.5325,1,936
1,1098,87.4701,1,937
1,1099,88.3034,1,939
1,1102,89.0771,1,941
1,1103,106.123,1,1112
1,1104,107.029,1,1113
1,1105,1290.51,1,13588
1,1107,1291.41,1,13590
1,1108,1293.21,1,13602
1,1109,1294.91,1,13615
1,1110,1421.33,1,15284
1,1111,1422.31,1,15286
1,1113,2417.94,1,26387
1,1114,2654.49,1,28751
1,1115,2655.74,1,28758
1,1117,3059.92,1,32800
1,1118,4760.51,1,47770
1,1119,4776.01,1,47895
1,1121,4776.74,1,47896
1,1122,4778.94,1,47905
1,1123,4943.07,1,49129
1,1124,4944.57,1,49134
1,1125,4945.68,1,49136
1,1127,5137.3,1,50729
1,1128,5806.35,1,55539
1,1129,5810.61,1,55555
1,1130,5811.32,1,55556
1,1131,5812.26,1,55557
1,1132,6028.23,1,56928
1,1133,6029.01,1,56929
1,1134,6030.36,1,56930
1,1135,6847.92,1,62151
1,1137,6868.45,1,62244
1,1140,7850.21,1,67911
1,1142,8094.39,1,69080
1,1143,8785.97,1,72334
1,1144,9358.01,1,74764
1,1146,9378.29,1,74851
1,1149,9667.85,1,75992
1,1150,9987.91,1,77219
1,1153,9989.09,1,77222
1,1154,9990.07,1,77223
1,1155,9994,1,77232
1,1156,11037.7,1,80727
1,1157,11552.6,1,82146
1,1158,11633.7,1,82305
1,1159,11682.8,1,82420
1,1160,12407,1,84389
1,1162,12424.1,1,84421
1,1163,12426.5,1,84424
1,1165,12441,1,84463
1,1166,12514.2,1,84638
1,1168,12518.2,1,84641
1,1169,12520,1,84642
1,1170,14143.1,1,87751
1,1171,14149.1,1,87764
1,1173,14817.6,1,88840
1,1174,14843.6,1,88865
1,1175,15056.5,1,89130
1,1176,16007.6,1,90286
1,1178,16019.3,1,90294
1,1179,16185.6,1,90432
1,1180,17775.4,1,91715
1,1181,17782.8,1,91717
1,1183,17831.5,1,91780
1,1184,18315.9,1,92072
1,1185,20010.2,1,92942
1,1186,20111.5,1,92969
1,1187,22190.9,1,93611
1,1188,22463.3,1,93689
1,1189,22595.5,1,93719
1,1190,22644,1,93732
2,1044,0.047371,1,1
2,1045,1.92563,1,5
2,1046,2.98634,1,6
2,1048,4.34786,1,14
2,1050,5.19146,1,17
2,1051,5.89887,1,18
2,1053,7.69857,1,21
2,1054,8.68428,1,22
2,1058,9.44656,1,24
2,1061,10.2077,1,25
2,1063,11.4681,1,27
2,1065,13.0294,1,39
2,1067,13.7755,1,40
2,1070,14.3771,1,41
2,1071,17.1937,1,60
2,1072,18.453,1,66
2,1073,19.1742,1,68
2,1074,20.0502,1,69
2,1075,21.3635,1,72
2,1077,22.6871,1,76
2,1078,25.2791,1,93
2,1079,26.4693,1,97
2,1080,27.5312,1,98
2,1081,28.3653,1,99
2,1082,29.4687,1,104
2,1084,30.1496,1,105
2,1085,31.116,1,106
2,1086,32.1384,1,109
2,1088,33.0807,1,111
2,1089,37.714,1,162
2,1091,39.0416,1,167
2,1092,39.8713,1,168
2,1093,41.3008,1,171
2,1094,42.8103,1,172
2,1095,43.7597,1,173
2,1096,80.6427,1,555
2,1097,381.929,1,4597
2,1098,385.424,1,4611
2,1099,388.167,1,4617
2,1100,389.269,1,4618
2,1101,390.256,1,4619
2,1102,392.112,1,4620
2,1104,393.366,1,4621
2,1105,394.663,1,4631
2,1106,397.248,1,4651
2,1107,398.228,1,4652
2,1108,1044.03,1,13218
2,1109,1044.77,1,13220
2,1111,1045.57,1,13221
2,1112,2267.36,1,27571
2,1113,2983.18,1,35358
2,1114,2983.91,1,35359
2,1115,2984.75,1,35360
2,1116,2986.14,1,35362
2,1117,3002.87,1,35530
2,1118,3025.89,1,35742
2,1119,3026.83,1,35743
2,1120,3528.7,1,40544
2,1121,4785.83,1,51572
2,1123,4924.11,1,52648
2,1125,5481.43,1,56496
2,1127,5482.38,1,56497
2,1129,5483.29,1,56498
2,1130,5484.09,1,56499
2,1131,5545.11,1,56908
2,1132,5545.85,1,56909
2,1133,6428.33,1,62805
2,1134,6430.23,1,62807
2,1135,6491.13,1,63114
2,1136,6492.96,1,63117
2,1137,7632.08,1,69771
2,1138,7632.91,1,69772
2,1141,7634.89,1,69776
2,1142,7641.37,1,69808
2,1143,7642.14,1,69809
2,1144,7645.15,1,69815
2,1145,8031.55,1,71807
2,1146,8415.29,1,73658
2,1147,8419.61,1,73670
2,1148,8421.51,1,73671
2,1150,8422.49,1,73672
2,1152,8423.87,1,73673
2,1153,8424.56,1,73674
2,1154,8425.86,1,73676
2,1155,9887.08,1,79516
2,1156,9889.82,1,79519
2,1157,10333,1,80944
2,1158,11408,1,83911
2,1160,11486.6,1,84088
2,1161,11491.8,1,84093
2,1164,11492.9,1,84094
2,1165,11493.5,1,84095
2,1166,12257.5,1,85869
2,1168,12258.7,1,85870
2,1170,12557,1,86443
2,1171,12559.6,1,86444
2,1175,13890,1,88812
2,1177,13891.7,1,88813
2,1178,13894.7,1,88814
2,1179,13900.7,1,88815
2,1181,16815.2,1,91753
2,1183,16816.2,1,91754
2,1184,17722.8,1,92358
2,1186,17742.2,1,92372
2,1187,18013.1,1,92536
2,1188,21049.9,1,93818
2,1189,25216.8,1,94498
3,1053,0.082504,1,1
3,1056,0.762277,1,2
3,1057,1.49613,1,3
3,1058,2.19051,1,4
3,1059,7.53553,1,54
3,1060,8.64283,1,60
3,1061,9.82039,1,67
3,1062,10.4149,1,68
3,1063,11.594,1,72
3,1065,12.9192,1,75
3,1066,15.3273,1,101
3,1067,16.0311,1,103
3,1072,16.9418,1,106
3,1073,18.1873,1,108
3,1076,19.3692,1,110
3,1077,21.0694,1,121
3,1078,22.5861,1,126
3,1079,23.3997,1,128
3,1081,23.9898,1,129
3,1082,24.7813,1,130
3,1085,25.5519,1,131
3,1086,26.7693,1,133
3,1087,35.8594,1,216
3,1088,37.3713,1,220
3,1089,46.5124,1,318
3,1092,48.0231,1,319
3,1093,49.0325,1,321
3,1094,49.8721,1,323
3,1095,57.0019,1,411
3,1096,202.19,1,2094
3,1097,203.075,1,2095
3,1098,204.194,1,2096
3,1099,205.171,1,2099
3,1100,205.963,1,2100
3,1101,208.36,1,2117
3,1102,209.198,1,2118
3,1103,604.022,1,7305
3,1105,604.736,1,7306
3,1106,605.564,1,7307
3,1107,606.86,1,7309
3,1108,607.504,1,7310
3,1109,608.715,1,7312
3,1111,609.418,1,7313
3,1113,2052.07,1,24459
3,1114,2052.82,1,24460
3,1115,2053.93,1,24461
3,1117,2054.61,1,24462
3,1118,2956.45,1,33869
3,1120,2971.28,1,33999
3,1121,3437.5,1,38402
3,1123,3438.58,1,38403
3,1124,3446.82,1,38445
3,1125,4757.97,1,49905
3,1126,4759.3,1,49906
3,1127,4766.92,1,49955
3,1128,5276.83,1,53974
3,1129,5385.69,1,54818
3,1130,6409.32,1,62088
3,1131,6430.3,1,62214
3,1132,6435.68,1,62237
3,1133,6436.52,1,62238
3,1134,6441.06,1,62257
3,1135,6917.57,1,65073
3,1136,7303.57,1,67320
3,1138,7304.64,1,67322
3,1139,7421.99,1,67902
3,1140,7799.03,1,69893
3,1141,8119.97,1,71497
3,1142,8120.87,1,71498
3,1144,8122.16,1,71499
3,1145,8123.05,1,71500
3,1146,8124,1,71501
3,1148,8455.23,1,73081
3,1149,8456.31,1,73084
3,1151,8457.36,1,73085
3,1152,9748.19,1,78364
3,1153,10009.9,1,79272
3,1155,10607.4,1,81255
3,1156,10773.8,1,81774
3,1157,10776.1,1,81775
3,1158,10783.1,1,81793
3,1159,11745,1,84414
3,1160,11746.6,1,84416
3,1162,11793.6,1,84522
3,1163,11798.8,1,84528
3,1164,11799.5,1,84529
3,1165,11806.3,1,84541
3,1166,11809.2,1,84544
3,1167,12590.7,1,86287
3,1168,12593.7,1,86289
3,1169,13211.2,1,87371
3,1170,13239.2,1,87400
3,1171,13245.6,1,87407
3,1173,13368.4,1,87616
3,1174,15095.1,1,90140
3,1176,15096.2,1,90141
3,1179,15102.8,1,90148
3,1180,15302.5,1,90355
3,1181,15386.7,1,90425
3,1182,17757.8,1,92346
3,1183,18451.4,1,92729
3,1184,19760.7,1,93353
3,1185,19934.7,1,93402
3,1186,20036.1,1,93436
4,1054,0.202116,1,1
4,1056,1.32718,1,3
4,1059,1.81628,1,4
4,1061,2.45776,1,5
4,1062,3.24728,1,9
4,1064,4.02061,1,13
4,1065,4.5634,1,14
4,1066,7.7791,1,51
4,1069,11.7405,1,94
4,1070,12.3342,1,95
4,1071,12.965,1,97
4,1073,13.5228,1,98
4,1074,14.0475,1,100
4,1076,15.7469,1,116
4,1077,16.4804,1,117
4,1079,17.0958,1,118
4,1080,17.9757,1,123
4,1081,19.2133,1,126
4,1083,23.4597,1,156
4,1084,25.923,1,171
4,1085,28.2773,1,182
4,1086,33.0341,1,216
4,1088,42.4179,1,300
4,1089,43.2343,1,302
4,1090,43.9733,1,303
4,1092,62.1345,1,520
4,1093,64.1987,1,525
4,1094,79.19,1,720
4,1096,81.0087,1,721
4,1098,81.602,1,722
4,1099,82.009,1,723
4,1100,184.686,1,2181
4,1101,368.329,1,4658
4,1102,376.627,1,4750
4,1103,377.257,1,4751
4,1105,378.076,1,4752
4,1106,378.719,1,4753
4,1107,480.125,1,6123
4,1109,920.789,1,11951
4,1110,921.703,1,11954
4,1111,922.377,1,11955
4,1113,923.16,1,11956
4,1114,2157.46,1,26634
4,1116,2158.19,1,26635
4,1117,3155.54,1,36923
4,1118,3422.87,1,39480
4,1119,3631.66,1,41400
4,1120,3633.74,1,41409
4,1121,3634.96,1,41415
4,1122,3635.88,1,41416
4,1124,3636.42,1,41417
4,1125,3636.94,1,41418
4,1126,4564.93,1,49510
4,1127,4565.9,1,49511
4,1128,5345.96,1,55468
4,1129,5347.41,1,55473
4,1130,5348.02,1,55474
4,1131,5348.93,1,55475
4,1134,5349.58,1,55476
4,1135,6170.8,1,61082
4,1136,6171.94,1,61083
4,1137,6352.29,1,62281
4,1138,6530.78,1,63397
4,1139,6531.72,1,63398
4,1140,7248.36,1,67611
4,1142,7998.86,1,71525
4,1143,7999.79,1,71526
4,1144,8000.28,1,71527
4,1145,8000.75,1,71528
4,1146,8001.65,1,71529
4,1147,8466.11,1,73647
4,1148,8467.05,1,73648
4,1149,8467.88,1,73649
4,1151,9540.43,1,77975
4,1152,9545.51,1,77991
4,1153,9548.98,1,77999
4,1154,9552.44,1,78004
4,1155,9553.26,1,78005
4,1156,10422.6,1,81010
4,1158,10607.7,1,81573
4,1159,10609.1,1,81577
4,1160,10612.3,1,81585
4,1161,10613.5,1,81588
4,1162,10617.9,1,81603
4,1164,11989.5,1,85085
4,1165,12014.1,1,85129
4,1166,12016.1,1,85130
4,1167,12016.8,1,85131
4,1168,12033,1,85158
4,1169,12575.7,1,86329
4,1170,13667,1,88236
4,1171,14124.9,1,88910
4,1173,14129.3,1,88915
4,1174,14133.9,1,88918
4,1175,15537.5,1,90694
4,1176,15542.7,1,90699
4,1179,16299.6,1,91451
4,1180,16322.6,1,91464
4,1181,16332.3,1,91472
4,1182,16335,1,91473
4,1183,16535.6,1,91603
4,1184,18606.3,1,92974
4,1185,20260.1,1,93619
4,1186,23270.5,1,94334
4,1187,23622.2,1,94382
5,1054,0.14685,1,1
5,1056,1.07177,1,2
5,1058,1.59916,1,3
5,1059,2.53356,1,9
5,1061,3.09806,1,11
5,1063,3.65941,1,12
5,1065,4.19193,1,13
5,1066,4.72012,1,14
5,1070,5.34739,1,16
5,1071,6.4006,1,17
5,1072,6.98129,1,18
5,1073,7.72383,1,19
5,1075,8.5469,1,21
5,1076,9.13944,1,22
5,1077,9.6767,1,23
5,1079,11.2095,1,38
5,1080,11.6837,1,39
5,1083,14.5863,1,77
5,1084,28.7865,1,238
5,1086,29.593,1,240
5,1087,36.1575,1,310
5,1088,54.6894,1,558
5,1090,56.5258,1,559
5,1091,57.2281,1,562
5,1092,57.8147,1,564
5,1093,112.116,1,1386
5,1094,176.351,1,2240
5,1096,179.24,1,2252
5,1097,180.284,1,2254
5,1098,182.131,1,2259
5,1099,394.45,1,5088
5,1101,396.537,1,5089
5,1102,397.197,1,5090
5,1103,462.911,1,5953
5,1105,604.234,1,7919
5,1106,606.308,1,7922
5,1107,2166.47,1,26676
5,1108,2168.75,1,26681
5,1109,2170.07,1,26685
5,1110,2170.68,1,26687
5,1111,2171.32,1,26689
5,1113,2465.29,1,29967
5,1114,2467.42,1,29972
5,1115,3308.73,1,38738
5,1117,3312.97,1,38763
5,1118,3457.71,1,40227
5,1119,3461.42,1,40252
5,1121,3462.21,1,40253
5,1122,4306.38,1,47790
5,1123,4308.44,1,47792
5,1124,4665.95,1,50785
5,1125,4667.4,1,50786
5,1127,4912.92,1,52691
5,1128,4914.62,1,52696
5,1129,4915.87,1,52697
5,1130,4916.75,1,52698
5,1132,4917.46,1,52699
5,1134,4917.88,1,52700
5,1135,4918.49,1,52702
5,1136,4922.14,1,52717
5,1137,4924.02,1,52718
5,1138,6112.92,1,61351
5,1139,6327.66,1,62812
5,1140,6328.36,1,62813
5,1142,6554.07,1,64266
5,1143,6555.09,1,64267
5,1144,7938.52,1,71757
5,1145,7940.21,1,71758
5,1146,8365.23,1,73794
5,1147,8366.58,1,73796
5,1148,8369.51,1,73808
5,1149,8371.35,1,73815
5,1150,8666.22,1,75161
5,1153,9595.56,1,78392
5,1155,9597.22,1,78397
5,1156,9871.64,1,79382
5,1159,9874.08,1,79383
5,1162,9875.42,1,79384
5,1163,9879.84,1,79391
5,1164,11527.1,1,84326
5,1165,11576.8,1,84420
5,1167,11577.5,1,84421
5,1168,11579,1,84424
5,1169,11579.9,1,84427
5,1172,11580.6,1,84428
5,1173,11912.6,1,85153
5,1174,11915.7,1,85154
5,1176,15588.3,1,91038
5,1179,15653.5,1,91086
5,1180,17067.5,1,92291
5,1181,17182.9,1,92357
5,1182,18188.8,1,92914
5,1183,18802.3,1,93202
5,1184,19215.7,1,93407
5,1185,19258.1,1,93426
5,1186,19303.2,1,93446
5,1187,21708.9,1,94089
5,1188,27919.1,1,94733
5,1189,36226.2,1,94877
6,1056,0.066714,1,1
6,1057,1.83168,1,2
6,1059,2.67725,1,3
6,1060,3.5394,1,8
6,1062,4.13233,1,9
6,1063,5.77057,1,22
6,1065,6.69746,1,23
6,1067,7.46961,1,24
6,1068,7.98161,1,26
6,1069,8.45019,1,27
6,1070,8.9164,1,28
6,1072,9.38616,1,29
6,1073,10.2187,1,33
6,1074,11.5451,1,41
6,1075,13.7451,1,60
6,1076,14.5618,1,61
6,1077,15.152,1,62
6,1078,15.7654,1,63
6,1079,16.326,1,64
6,1080,16.7989,1,65
6,1081,17.3488,1,66
6,1082,18.3041,1,70
6,1083,19.0806,1,73
6,1084,19.8741,1,76
6,1086,24.7363,1,121
6,1088,27.9528,1,148
6,1090,28.9508,1,149
6,1091,29.7241,1,151
6,1092,30.6214,1,155
6,1093,61.6047,1,612
6,1094,148.224,1,1853
6,1095,149.978,1,1854
6,1096,150.874,1,1855
6,1097,206.766,1,2581
6,1098,483.049,1,6464
6,1099,485.219,1,6468
6,1100,485.999,1,6469
6,1101,487.856,1,6486
6,1103,489.63,1,6506
6,1104,491.783,1,6525
6,1105,493.794,1,6542
6,1106,1531.71,1,19344
6,1107,1623.84,1,20356
6,1108,1626.25,1,20361
6,1109,2045.56,1,25384
6,1111,2046.36,1,25385
6,1112,2326.5,1,28376
6,1114,2327.21,1,28377
6,1115,2328.32,1,28382
6,1117,2331.76,1,28413
6,1118,2332.37,1,28414
6,1119,2457.59,1,29779
6,1120,2459.54,1,29780
6,1121,2460.15,1,29782
6,1123,2460.6,1,29783
6,1124,4826.18,1,51901
6,1125,4828.04,1,51902
6,1127,4946.11,1,52813
6,1128,4947.24,1,52817
6,1129,5144.27,1,54323
6,1130,5146.42,1,54324
6,1131,5396.01,1,56218
6,1132,5397.93,1,56219
6,1133,5901.1,1,59741
6,1134,6597.54,1,64379
6,1135,6606.81,1,64428
6,1136,6608.35,1,64429
6,1137,6709.26,1,64998
6,1139,6711.66,1,64999
6,1140,7265.92,1,68149
6,1141,7413.99,1,68906
6,1142,7416.26,1,68909
6,1144,7417.94,1,68914
6,1145,7418.54,1,68916
6,1146,7418.95,1,68917
6,1147,7777.47,1,70777
6,1148,8632.24,1,74841
6,1149,8633.23,1,74842
6,1150,8634.61,1,74845
6,1151,8686.72,1,75064
6,1154,9294.46,1,77495
6,1156,9302.93,1,77513
6,1157,9715.11,1,79122
6,1158,9716.8,1,79124
6,1159,9717.57,1,79125
6,1160,9719.08,1,79128
6,1161,9720.91,1,79129
6,1163,9726.06,1,79136
6,1164,10714.3,1,82358
6,1165,11020.1,1,83185
6,1166,11214.1,1,83712
6,1167,12743.6,1,87041
6,1168,12745.3,1,87042
6,1169,13299.3,1,88042
6,1171,13301.3,1,88043
6,1172,13652.4,1,88591
6,1175,13735.4,1,88723
6,1178,14302,1,89515
6,1180,14593.8,1,89836
6,1182,15205.8,1,90522
6,1183,17666.4,1,92499
6,1184,17675,1,92505
6,1185,20976.5,1,93916
7,1050,0.087636,1,1
7,1052,0.967157,1,2
7,1054,1.97142,1,4
7,1057,3.08464,1,7
7,1058,3.87889,1,8
7,1059,4.71617,1,10
7,1060,5.19383,1,11
7,1063,7.43882,1,29
7,1064,8.61954,1,33
7,1065,9.23102,1,34
7,1066,9.70789,1,35
7,1067,10.2294,1,36
7,1068,11.5873,1,48
7,1069,12.3089,1,50
7,1071,12.8537,1,51
7,1073,13.9792,1,58
7,1075,34.8595,1,249
7,1076,35.6703,1,250
7,1077,54.8887,1,453
7,1079,56.5278,1,454
7,1080,57.774,1,455
7,1081,59.4245,1,459
7,1083,61.0335,1,462
7,1084,62.2217,1,465
7,1087,83.8016,1,761
7,1089,85.7588,1,762
7,1090,86.6205,1,768
7,1091,88.1317,1,786
7,1092,88.6295,1,787
7,1093,89.1671,1,788
7,1094,89.7541,1,789
7,1095,90.8804,1,793
7,1096,91.5282,1,794
7,1097,339.194,1,4260
7,1099,340.659,1,4268
7,1100,597.3,1,7807
7,1101,793.598,1,10440
7,1102,918.594,1,12029
7,1103,922.377,1,12059
7,1105,923.608,1,12060
7,1106,924.883,1,12063
7,1108,925.486,1,12064
7,1109,926.717,1,12075
7,1111,928.143,1,12085
7,1114,928.627,1,12086
7,1116,2407.22,1,29985
7,1117,3172.2,1,37699
7,1119,3173.42,1,37700
7,1120,3174.04,1,37701
7,1121,3174.69,1,37702
7,1122,3913.35,1,44639
7,1123,3914.19,1,44640
7,1125,3914.94,1,44641
7,1126,3916.19,1,44646
7,1127,5021.64,1,53804
7,1128,5022.58,1,53805
7,1130,5173.48,1,54938
7,1131,5174.54,1,54940
7,1132,5623.63,1,58230
7,1133,5660.17,1,58474
7,1134,6006.21,1,60711
7,1135,6012.65,1,60736
7,1136,6078.34,1,61138
7,1137,7108.33,1,67298
7,1138,7110.07,1,67307
7,1139,7110.81,1,67308
7,1140,7111.97,1,67311
7,1141,7354.04,1,68644
7,1143,7356.48,1,68647
7,1144,7744.91,1,70672
7,1146,8030.21,1,72020
7,1147,9163.34,1,76966
7,1148,9165.06,1,76967
7,1150,9173.99,1,76989
7,1152,9180.71,1,77007
7,1155,9699.73,1,78889
7,1157,9705.82,1,78896
7,1158,9706.72,1,78897
7,1161,9708.16,1,78898
7,1163,9710.26,1,78899
7,1165,12724.2,1,86976
7,1166,12725.7,1,86977
7,1168,12727.5,1,86979
7,1169,12803.3,1,87122
7,1170,12804.7,1,87124
7,1171,12808.3,1,87129
7,1172,12811.6,1,87132
7,1173,14232.4,1,89379
7,1174,14239.8,1,89380
7,1175,14241.8,1,89381
7,1176,15707.7,1,91092
7,1177,16087.9,1,91392
7,1178,18032.3,1,92711
7,1179,18178.8,1,92786
7,1180,18700.3,1,93028
7,1181,18724,1,93039
7,1182,19268.4,1,93273
7,1183,19912.9,1,93472
7,1184,29946.1,1,94784
8,1058,0.08053,1,1
8,1059,0.970315,1,2
8,1060,1.50324,1,4
8,1061,1.97458,1,5
8,1062,3.2532,1,17
8,1063,4.11259,1,25
8,1064,4.57524,1,26
8,1065,5.09119,1,27
8,1068,5.66596,1,28
8,1071,6.45271,1,31
8,1072,9.47537,1,54
8,1073,13.0973,1,95
8,1074,14.5737,1,105
8,1075,15.3494,1,106
8,1076,15.8732,1,108
8,1077,16.3513,1,109
8,1079,26.643,1,244
8,1080,27.2391,1,245
8,1082,30.9407,1,280
8,1083,32.3188,1,290
8,1084,32.9611,1,291
8,1085,33.4427,1,292
8,1087,34.0238,1,293
8,1088,48.7822,1,500
8,1089,53.3531,1,538
8,1090,55.0269,1,540
8,1091,56.3505,1,552
8,1092,78.4542,1,813
8,1093,85.9858,1,888
8,1096,125.558,1,1448
8,1097,129.43,1,1484
8,1098,152.563,1,1804
8,1099,154.389,1,1805
8,1100,155.162,1,1806
8,1101,156.101,1,1807
8,1102,156.66,1,1808
8,1103,157.632,1,1809
8,1104,158.941,1,1817
8,1105,160.597,1,1819
8,1106,161.429,1,1822
8,1107,342.378,1,4349
8,1108,1390,1,18060
8,1110,1393.15,1,18082
8,1111,1395.88,1,18107
8,1112,1675.55,1,21475
8,1113,2349.93,1,29219
8,1114,2393.75,1,29710
8,1115,2395.66,1,29711
8,1116,2396.35,1,29712
8,1117,3011.32,1,36207
8,1118,3298.27,1,39051
8,1119,3300.14,1,39052
8,1121,3733.19,1,43239
8,1122,3736.2,1,43253
8,1123,3736.85,1,43254
8,1124,3737.58,1,43256
8,1125,3739.26,1,43266
8,1127,5068.32,1,54466
8,1128,5070.4,1,54470
8,1129,5071.19,1,54471
8,1131,5071.6,1,54472
8,1132,5072.32,1,54473
8,1133,6558.73,1,64822
8,1134,6569.38,1,64882
8,1135,6570.33,1,64883
8,1138,6571.46,1,64884
8,1139,6571.93,1,64885
8,1140,6572.35,1,64886
8,1141,6862.21,1,66478
8,1142,7543.12,1,70323
8,1143,7956.85,1,72461
8,1144,8179.65,1,73456
8,1146,8353.75,1,74212
8,1147,8355.88,1,74213
8,1148,8357.46,1,74216
8,1149,8358.02,1,74218
8,1150,8358.6,1,74219
8,1151,9654.51,1,79322
8,1152,9656.31,1,79324
8,1153,9731.61,1,79611
8,1155,9734.21,1,79612
8,1156,9852.33,1,79997
8,1157,9984.56,1,80406
8,1158,10512.4,1,82088
8,1159,10513.8,1,82089
8,1160,10515,1,82090
8,1161,11225.9,1,84044
8,1162,11229.7,1,84046
8,1163,11970.3,1,85870
8,1164,12476.6,1,86934
8,1165,12477.6,1,86935
8,1167,12503.1,1,86972
8,1168,12985.3,1,87867
8,1169,13047.5,1,87976
8,1170,13049.7,1,87977
8,1172,13055.2,1,87983
8,1174,13071.9,1,88010
8,1176,13077.1,1,88013
8,1177,15528.9,1,91036
8,1178,15532.7,1,91037
8,1179,15543.1,1,91042
8,1180,15566.1,1,91062
8,1181,15575.2,1,91069
8,1182,15576,1,91070
8,1183,17847.6,1,92820
8,1184,17972.3,1,92894
8,1186,18062.9,1,92935
8,1187,19728.5,1,93606
8,1188,21230.7,1,93989
8,1189,21362.5,1,94031
8,1190,21378.2,1,94036
9,1037,0.079741,1,1
9,1038,0.86531,1,3
9,1040,1.35244,1,4
9,1041,1.82773,1,5
9,1042,2.33539,1,7
9,1043,3.27531,1,15
9,1044,3.97679,1,20
9,1046,4.44063,1,21
9,1049,4.90171,1,22
9,1051,5.61346,1,25
9,1052,6.21033,1,26
9,1054,7.86318,1,31
9,1055,8.83666,1,33
9,1056,9.40471,1,34
9,1057,9.92935,1,35
9,1058,11.8483,1,53
9,1059,12.8079,1,56
9,1060,14.8646,1,75
9,1061,18.2185,1,114
9,1062,19.0684,1,121
9,1064,19.9242,1,128
9,1066,20.3999,1,129
9,1067,21.1843,1,134
9,1069,21.7014,1,135
9,1070,22.1708,1,136
9,1071,22.7037,1,137
9,1072,25.6928,1,152
9,1075,26.3248,1,153
9,1076,26.8049,1,154
9,1077,27.515,1,155
9,1079,28.0073,1,156
9,1080,28.4845,1,157
9,1081,29.1213,1,160
9,1083,31.5656,1,173
9,1086,32.2497,1,174
9,1088,42.1479,1,296
9,1089,44.0526,1,297
9,1091,44.6586,1,298
9,1092,45.0667,1,299
9,1093,46.1823,1,307
9,1094,100.255,1,1039
9,1095,102.189,1,1040
9,1098,106.541,1,1082
9,1100,349.877,1,4526
9,1101,461.645,1,6056
9,1102,462.496,1,6057
9,1103,890.691,1,11563
9,1104,1032.89,1,13446
9,1106,1034.85,1,13448
9,1107,1035.44,1,13449
9,1110,1035.99,1,13451
9,1112,1899.09,1,24079
9,1113,1900.17,1,24083
9,1115,1900.79,1,24084
9,1116,2481.19,1,30546
9,1118,2486.15,1,30580
9,1119,3357.09,1,39705
9,1120,3358.52,1,39706
9,1124,3359.7,1,39710
9,1125,3360.69,1,39711
9,1126,3361.75,1,39713
9,1127,4909.25,1,52923
9,1130,4911.2,1,52924
9,1131,4911.84,1,52925
9,1132,4912.44,1,52927
9,1133,4913.08,1,52928
9,1134,5697.23,1,58724
9,1135,5699.38,1,58725
9,1137,6684.18,1,65228
9,1138,6686.88,1,65233
9,1139,6751.35,1,65611
9,1140,6753.39,1,65612
9,1141,6754.68,1,65613
9,1143,8219.05,1,73436
9,1144,8220.96,1,73437
9,1146,8735.21,1,75782
9,1147,8839.92,1,76210
9,1148,8853.36,1,76260
9,1149,8854.27,1,76261
9,1151,9104.21,1,77203
9,1152,9451.67,1,78530
9,1153,9978.55,1,80368
9,1155,9980.98,1,80371
9,1156,9986.5,1,80380
9,1157,10214.3,1,81117
9,1158,10216.3,1,81118
9,1159,10220,1,81125
9,1160,10221.4,1,81126
9,1161,10223.9,1,81127
9,1162,10631.6,1,82364
9,1163,10633.7,1,82365
9,1164,10637.3,1,82369
9,1166,12389.5,1,86660
9,1167,12391.9,1,86661
9,1168,13255.8,1,88124
9,1170,13257.1,1,88127
9,1172,13260.9,1,88130
9,1173,13261.8,1,88131
9,1174,13810.6,1,88954
9,1176,13813.6,1,88955
9,1177,14592,1,89927
9,1179,14893.8,1,90327
9,1180,14903.2,1,90328
9,1181,15820.9,1,91257
9,1182,15823.8,1,91260
9,1183,19364,1,93365
9,1185,20825.8,1,93854
9,1186,21873.7,1,94099
10,1047,0.070662,1,1
10,1049,2.1309,1,2
10,1051,3.35071,1,4
10,1052,4.73433,1,9
10,1054,5.93163,1,10
10,1055,7.02353,1,13
10,1057,7.69975,1,18
10,1058,8.58677,1,24
10,1061,9.20062,1,25
10,1062,9.72684,1,27
10,1063,10.6411,1,34
10,1064,11.3864,1,37
10,1066,11.9548,1,38
10,1067,12.423,1,39
10,1070,13.4119,1,45
10,1071,14.3325,1,46
10,1073,14.9684,1,49
10,1074,15.8708,1,56
10,1075,16.5131,1,59
10,1079,17.0926,1,60
10,1080,17.9556,1,67
10,1081,18.4245,1,68
10,1082,18.8923,1,69
10,1083,19.7304,1,76
10,1085,20.4481,1,79
10,1087,20.9036,1,80
10,1088,21.4622,1,81
10,1089,80.8993,1,862
10,1091,82.7942,1,863
10,1092,83.3527,1,864
10,1095,84.2177,1,871
10,1096,84.6266,1,872
10,1097,85.3147,1,878
10,1098,103.706,1,1121
10,1099,105.388,1,1122
10,1101,386.566,1,5138
10,1102,388.438,1,5139
10,1105,786.996,1,10469
10,1106,1285.77,1,16390
10,1107,1286.61,1,16393
10,1109,1287.27,1,16395
10,1111,1290.85,1,16422
10,1112,2546.84,1,30963
10,1114,2557.51,1,30987
10,1116,3023.35,1,35894
10,1117,3164.36,1,37216
10,1118,3167.84,1,37234
10,1120,3685.48,1,42249
10,1121,3686.9,1,42253
10,1122,3687.51,1,42255
10,1123,3688.06,1,42256
10,1124,3688.56,1,42257
10,1125,3689.27,1,42258
10,1126,3690.41,1,42259
10,1127,4106.66,1,46001
10,1129,4108.66,1,46002
10,1131,4109.39,1,46004
10,1132,5895.46,1,60024
10,1133,6265.45,1,62507
10,1135,6317.19,1,62804
10,1136,6317.95,1,62805
10,1137,6683.19,1,65014
10,1138,6698.13,1,65086
10,1139,7136.48,1,67713
10,1141,7428.09,1,69395
10,1142,7431.03,1,69400
10,1144,7432.4,1,69401
10,1145,7432.85,1,69402
10,1147,7433.63,1,69403
10,1149,8726.06,1,74822
10,1150,9006.32,1,75926
10,1151,9009.12,1,75929
10,1152,9155.1,1,76506
10,1153,9160.49,1,76517
10,1154,9233.1,1,76797
10,1155,9279.53,1,76971
10,1156,11025.3,1,82705
10,1157,11027.1,1,82708
10,1158,11245.3,1,83258
10,1159,11254.5,1,83277
10,1161,11260.1,1,83284
10,1163,11262.4,1,83285
10,1165,11525.3,1,83975
10,1166,11587,1,84094
10,1167,12852.5,1,86895
10,1169,12854.7,1,86896
10,1170,12856,1,86897
10,1171,12861.7,1,86905
10,1172,12957.2,1,87093
10,1175,12961,1,87094
10,1176,15117.9,1,90212
10,1178,15674.1,1,90824
10,1179,15752.9,1,90912
10,1180,16144.3,1,91292
10,1181,17514.5,1,92241
10,1183,17656.9,1,92307
10,1184,18160.4,1,92615
10,1185,20772.6,1,93698
11,1044,0.081715,1,1
11,1046,1.0094,1,3
11,1047,1.55456,1,4
11,1048,2.02866,1,5
11,1049,2.64646,1,7
11,1051,3.11267,1,8
11,1053,4.13509,1,12
11,1056,4.69249,1,13
11,1057,5.1658,1,14
11,1058,5.72517,1,16
11,1059,6.24389,1,17
11,1060,6.72233,1,18
11,1061,7.17788,1,19
11,1063,7.68752,1,21
11,1064,8.28676,1,24
11,1067,8.75218,1,25
11,1069,9.22115,1,26
11,1070,9.775,1,29
11,1071,10.3249,1,30
11,1072,10.7856,1,31
11,1074,11.6904,1,38
11,1076,13.2493,1,51
11,1077,13.9338,1,53
11,1078,25.9557,1,153
11,1081,26.6063,1,155
11,1082,27.095,1,156
11,1083,27.5565,1,157
11,1084,28.9898,1,169
11,1086,40.3715,1,285
11,1087,52.0788,1,398
11,1088,53.9445,1,399
11,1089,54.9815,1,405
11,1091,55.3912,1,406
11,1094,55.8006,1,407
11,1095,59.8461,1,452
11,1096,365.11,1,4819
11,1097,367.323,1,4821
11,1099,447.263,1,5897
11,1101,449.348,1,5898
11,1102,450.17,1,5902
11,1103,450.578,1,5903
11,1105,451.031,1,5905
11,1107,454.477,1,5940
11,1108,455.197,1,5943
11,1109,456.921,1,5952
11,1111,1215.3,1,15723
11,1112,1216.11,1,15724
11,1113,2501.09,1,30646
11,1114,2501.88,1,30647
11,1115,2502.39,1,30648
11,1117,2503.1,1,30649
11,1118,2503.7,1,30650
11,1119,2504.47,1,30652
11,1120,2571.11,1,31345
11,1122,2573.04,1,31346
11,1123,3944.7,1,44934
11,1124,3945.63,1,44935
11,1126,3947.06,1,44946
11,1127,4527.36,1,49849
11,1128,4529.13,1,49854
11,1130,4893.9,1,52809
11,1131,5871.08,1,59875
11,1132,5875.18,1,59894
11,1133,6406.32,1,63358
11,1134,6408.4,1,63359
11,1135,6478.03,1,63694
11,1137,6479.65,1,63695
11,1139,6714.58,1,65097
11,1140,6715.3,1,65098
11,1141,6716.27,1,65101
11,1142,6721.42,1,65119
11,1144,7641.89,1,70158
11,1145,7643.76,1,70159
11,1146,7872.39,1,71271
11,1148,7922.38,1,71487
11,1150,9641.95,1,78651
11,1152,9643.2,1,78652
11,1153,9643.94,1,78653
11,1154,10540.6,1,81617
11,1156,10543.6,1,81618
11,1158,10867.5,1,82574
11,1159,10869.6,1,82575
11,1161,10870.7,1,82576
11,1162,10871.3,1,82578
11,1165,11201,1,83505
11,1166,11258.1,1,83640
11,1167,11263.9,1,83647
11,1169,13449.7,1,88146
11,1170,14252.3,1,89320
11,1171,14255.4,1,89321
11,1172,14318.5,1,89423
11,1173,15726.1,1,90962
11,1174,15727.2,1,90963
11,1175,16373.8,1,91526
11,1176,16591.5,1,91716
11,1178,16605.3,1,91726
11,1179,18200.9,1,92763
11,1180,18466.9,1,92910
11,1181,21239.3,1,93907
12,1051,0.223828,1,1
12,1054,1.17204,1,3
12,1055,1.70259,1,4
12,1057,2.3567,1,7
12,1058,3.38821,1,17
12,1061,3.89547,1,18
12,1063,4.35773,1,19
12,1064,5.13304,1,24
12,1066,6.0694,1,29
12,1068,6.79773,1,31
12,1069,7.50237,1,35
12,1072,7.96543,1,36
12,1074,8.47703,1,37
12,1076,9.02298,1,39
12,1078,9.49274,1,40
12,1080,10.1512,1,43
12,1083,10.6612,1,44
12,1084,11.2198,1,46
12,1085,11.7251,1,48
12,1087,45.1516,1,410
12,1088,57.1917,1,572
12,1089,124.121,1,1425
12,1090,125.511,1,1430
12,1091,126.102,1,1431
12,1093,126.905,1,1433
12,1094,127.666,1,1439
12,1095,128.595,1,1443
12,1097,163.594,1,1929
12,1099,164.483,1,1930
12,1100,301.836,1,3926
12,1102,414.491,1,5521
12,1105,557.996,1,7291
12,1107,559.896,1,7292
12,1108,561.655,1,7297
12,1109,663.653,1,8633
12,1112,664.73,1,8634
12,1113,2196.08,1,27484
12,1114,2197.87,1,27485
12,1115,2212.36,1,27632
12,1116,2214.61,1,27636
12,1117,2216.09,1,27637
12,1119,2216.8,1,27638
12,1121,3387.63,1,39658
12,1122,3389.59,1,39659
12,1123,3861.7,1,44253
12,1124,3864.62,1,44261
12,1126,4276.08,1,47769
12,1128,4585.51,1,50030
12,1130,4589,1,50054
12,1131,4590.12,1,50058
12,1132,6137.54,1,61056
12,1133,6138.52,1,61057
12,1134,6139.08,1,61058
12,1135,6140.21,1,61061
12,1136,7083.68,1,66588
12,1137,7084.58,1,66590
12,1138,7443.83,1,68554
12,1139,7492.88,1,68788
12,1140,7493.49,1,68789
12,1141,7494.06,1,68790
12,1142,7495.12,1,68794
12,1144,7497.46,1,68795
12,1145,8806.05,1,74791
12,1146,8807.13,1,74792
12,1148,9139.42,1,76092
12,1149,9142.98,1,76094
12,1150,9372.45,1,76890
12,1151,9373.46,1,76891
12,1152,10272.9,1,80065
12,1153,10288.4,1,80117
12,1154,10298,1,80133
12,1155,10300.2,1,80134
12,1156,10301.8,1,80137
12,1157,10766.4,1,81657
12,1158,10785.2,1,81704
12,1159,10802.8,1,81758
12,1160,11002.7,1,82269
12,1161,11006.4,1,82270
12,1162,11007.8,1,82271
12,1163,11008.6,1,82272
12,1164,11009.1,1,82273
12,1165,11503.9,1,83642
12,1166,11980.2,1,84674
12,1168,11982.4,1,84677
12,1169,11983.8,1,84678
12,1171,11986,1,84680
12,1172,11987.4,1,84681
12,1173,11988.7,1,84683
12,1175,13587.9,1,87893
12,1176,13594.4,1,87895
12,1177,16228.3,1,91234
12,1178,16232,1,91235
12,1180,16249,1,91241
12,1181,16816.2,1,91701
12,1182,17796.5,1,92360
12,1183,17804.7,1,92361
12,1184,18266.7,1,92609
12,1185,19196.1,1,93103
12,1186,23469.4,1,94265
13,1062,0.138954,1,1
13,1063,1.18427,1,3
13,1064,2.51382,1,13
13,1065,3.32149,1,17
13,1066,3.92547,1,19
13,1068,4.4955,1,20
13,1070,4.97987,1,21
13,1071,5.58898,1,24
13,1072,6.44758,1,29
13,1073,8.16438,1,44
13,1074,9.9929,1,63
13,1076,10.7106,1,64
13,1077,11.2719,1,65
13,1078,11.9497,1,68
13,1079,13.6492,1,87
13,1081,14.3341,1,88
13,1082,23.7486,1,165
13,1083,24.4071,1,166
13,1084,25.0355,1,168
13,1086,25.5132,1,169
13,1087,25.9838,1,170
13,1088,26.8033,1,176
13,1089,41.3837,1,321
13,1090,43.7637,1,329
13,1092,44.6613,1,332
13,1094,45.2519,1,335
13,1097,69.0586,1,678
13,1099,70.9779,1,680
13,1101,71.5763,1,681
13,1102,674.905,1,8670
13,1103,781.293,1,10027
13,1104,877.151,1,11241
13,1105,878.063,1,11243
13,1107,914.397,1,11726
13,1109,915.472,1,11728
13,1111,916.024,1,11729
13,1112,1816.77,1,22451
13,1113,2302.96,1,28213
13,1114,2304.84,1,28214
13,1115,2829.16,1,34043
13,1116,2830.98,1,34044
13,1117,2831.6,1,34045
13,1118,3060.26,1,36507
13,1119,3096.41,1,36866
13,1120,3098.36,1,36867
13,1121,3099.07,1,36868
13,1123,3099.91,1,36872
13,1124,3100.41,1,36874
13,1126,3101.03,1,36876
13,1127,3102.06,1,36880
13,1128,3626.34,1,41983
13,1129,3628.59,1,41987
13,1130,5113.48,1,54310
13,1131,5700.55,1,58522
13,1132,5703.96,1,58546
13,1133,5732.52,1,58755
13,1134,5733.76,1,58757
13,1135,6584.26,1,64400
13,1136,6585.04,1,64401
13,1137,6856.35,1,66001
13,1138,7009.31,1,66906
13,1141,7010.14,1,66907
13,1143,7010.8,1,66908
13,1144,7011.69,1,66909
13,1146,8619.5,1,74888
13,1147,8621.44,1,74890
13,1148,8626.82,1,74901
13,1149,8628.91,1,74903
13,1152,8768.21,1,75517
13,1155,9402.26,1,78094
13,1156,10447,1,81633
13,1159,10471.8,1,81710
13,1161,10475.6,1,81717
13,1162,11257.4,1,83871
13,1163,11259.1,1,83872
13,1164,12080,1,85860
13,1165,12239.8,1,86190
13,1166,12244.5,1,86195
13,1167,12259.6,1,86211
13,1168,12513.1,1,86728
13,1169,12516.8,1,86729
13,1170,13010.1,1,87618
13,1171,13228.5,1,88045
13,1172,13230.6,1,88046
13,1173,13526.4,1,88551
13,1174,13691.7,1,88784
13,1175,14326,1,89673
13,1178,14589.3,1,90033
13,1179,14717.2,1,90174
13,1180,15280.9,1,90816
13,1181,15522.7,1,91066
13,1182,16059.1,1,91540
13,1183,16745.3,1,92128
13,1184,19063.8,1,93335
14,1058,0.074609,1,1
14,1060,1.0019,1,2
14,1061,1.94774,1,7
14,1062,2.94963,1,8
14,1064,3.81889,1,10
14,1065,5.09988,1,13
14,1066,9.59854,1,40
14,1067,10.4295,1,41
14,1068,11.0951,1,42
14,1069,11.5755,1,43
14,1070,12.3117,1,47
14,1072,12.9165,1,48
14,1073,13.4668,1,49
14,1074,13.9942,1,50
14,1076,15.2179,1,60
14,1077,15.8823,1,61
14,1078,16.3678,1,62
14,1080,16.9777,1,66
14,1081,22.6327,1,109
14,1082,50.8732,1,411
14,1085,73.9946,1,704
14,1086,75.7268,1,707
14,1087,76.7386,1,708
14,1089,77.1558,1,709
14,1091,78.1096,1,717
14,1093,78.5722,1,718
14,1095,81.3182,1,740
14,1096,82.1049,1,743
14,1098,83.2256,1,747
14,1100,182.614,1,2134
14,1102,403.937,1,5080
14,1105,405.514,1,5081
14,1107,764.264,1,9883
14,1108,765.922,1,9884
14,1109,766.884,1,9887
14,1110,767.469,1,9888
14,1111,768.074,1,9891
14,1114,2288.68,1,28526
14,1115,2290.13,1,28531
14,1117,2290.96,1,28532
14,1118,2291.67,1,28533
14,1119,2292.71,1,28536
14,1120,2488.42,1,30789
14,1121,4260.76,1,47375
14,1122,4261.83,1,47377
14,1123,4262.99,1,47378
14,1124,4263.7,1,47379
14,1125,4587.61,1,50021
14,1126,4588.63,1,50022
14,1127,4590.15,1,50023
14,1129,4590.67,1,50024
14,1130,4591.09,1,50025
14,1131,4837.42,1,51957
14,1132,6681.63,1,60380
14,1133,6682.64,1,60381
14,1134,6683.29,1,60382
14,1136,6684.08,1,60383
14,1137,6684.74,1,60384
14,1138,6686.37,1,60387
14,1140,7273.16,1,63808
14,1142,7276.35,1,63818
14,1144,7276.9,1,63819
14,1145,7277.76,1,63823
14,1146,7278.45,1,63824
14,1149,7278.93,1,63825
14,1151,10526.8,1,78746
14,1152,11081.3,1,79936
14,1153,11652,1,81052
14,1154,12545.9,1,83120
14,1155,12547.8,1,83121
14,1156,12859.3,1,83978
14,1158,12872.6,1,84007
14,1159,12880.4,1,84017
14,1160,12883,1,84020
14,1161,12883.9,1,84021
14,1162,12888.1,1,84026
14,1163,14162.5,1,86621
14,1164,14271.2,1,86817
14,1165,14318,1,86901
14,1166,14371.8,1,86994
14,1167,14832.4,1,87823
14,1168,14835.6,1,87824
14,1169,14854.3,1,87847
14,1171,15018,1,88116
14,1172,15024,1,88119
14,1173,15031.3,1,88123
14,1174,15043.6,1,88138
14,1176,15451.1,1,88749
14,1177,15454.9,1,88752
14,1179,15458.8,1,88755
14,1180,17068.7,1,90734
14,1181,17254.3,1,90938
14,1183,17313.2,1,90998
14,1185,17741.8,1,91384
14,1186,18497.9,1,91990
14,1187,18862.8,1,92254
14,1188,19850.5,1,92838
15,1063,0.069872,1,1
15,1064,1.24546,1,5
15,1065,1.7468,1,6
15,1066,2.21775,1,7
15,1068,2.77554,1,9
15,1070,3.24412,1,10
15,1072,4.36129,1,24
15,1073,6.04019,1,45
15,1074,9.21839,1,83
15,1075,9.91158,1,88
15,1078,10.4887,1,89
15,1079,11.1657,1,92
15,1080,11.6718,1,94
15,1082,13.374,1,113
15,1083,13.8896,1,114
15,1084,15.979,1,132
15,1086,16.7081,1,133
15,1087,17.29,1,134
15,1088,18.4857,1,137
15,1089,19.141,1,138
15,1091,48.2296,1,549
15,1092,50.2712,1,550
15,1093,51.0319,1,551
15,1095,51.9497,1,552
15,1097,52.6812,1,553
15,1099,53.1889,1,554
15,1100,86.8823,1,953
15,1101,193.044,1,2436
15,1102,435.769,1,5887
15,1103,506.594,1,6824
15,1104,508.573,1,6825
15,1106,509.294,1,6826
15,1107,745.903,1,9951
15,1108,762.632,1,10143
15,1109,1616.39,1,21132
15,1111,1617.32,1,21133
15,1114,1619.08,1,21134
15,1115,1620.56,1,21135
15,1117,1621.04,1,21136
15,1118,1621.48,1,21137
15,1119,3225.66,1,36542
15,1120,3228.19,1,36552
15,1121,4324.48,1,46490
15,1123,4326.6,1,46491
15,1124,4327.53,1,46493
15,1125,4386.53,1,46958
15,1126,4387.74,1,46960
15,1128,4388.62,1,46962
15,1129,4738.73,1,49593
15,1131,5954.74,1,58258
15,1133,5955.9,1,58259
15,1134,5956.54,1,58261
15,1135,5957.5,1,58262
15,1136,5958.14,1,58263
15,1137,5958.76,1,58264
15,1139,5959.27,1,58265
15,1140,5959.73,1,58266
15,1142,5960.19,1,58267
15,1143,7354.91,1,66418
15,1144,7356.98,1,66422
15,1147,8360.15,1,71370
15,1148,9837.12,1,77642
15,1150,9880.02,1,77776
15,1151,9881.94,1,77777
15,1152,9967.66,1,78095
15,1153,9969.56,1,78096
15,1154,9970.38,1,78097
15,1155,10212.9,1,78969
15,1156,10213.7,1,78970
15,1157,11188.7,1,81944
15,1161,11190.7,1,81945
15,1162,11191.6,1,81946
15,1163,12789,1,85884
15,1164,12791.2,1,85885
15,1165,13318.1,1,86896
15,1166,13336.4,1,86929
15,1167,13338.3,1,86930
15,1168,13339.6,1,86931
15,1169,13341.1,1,86934
15,1170,13343.3,1,86937
15,1171,13685,1,87493
15,1172,13685.8,1,87494
15,1174,14343.3,1,88513
15,1176,16070.8,1,90621
15,1178,16157.8,1,90713
15,1179,16160.3,1,90715
15,1180,16269.6,1,90806
15,1182,19064.7,1,92735
15,1183,19082.3,1,92736
15,1184,19737.8,1,93064
15,1185,19899.2,1,93140
15,1186,20360,1,93297
16,1049,0.07303,1,1
16,1050,1.10453,1,3
16,1051,1.71641,1,4
16,1052,2.20275,1,5
16,1053,3.27767,1,16
16,1055,4.0214,1,17
16,1057,4.70946,1,18
16,1059,5.89729,1,26
16,1060,6.59285,1,27
16,1062,7.82923,1,37
16,1063,8.52322,1,38
16,1064,9.18167,1,41
16,1067,9.86579,1,43
16,1068,10.6833,1,44
16,1069,14.1106,1,86
16,1070,15.1342,1,94
16,1073,15.6154,1,95
16,1074,16.4121,1,102
16,1075,17.7732,1,116
16,1077,18.3795,1,118
16,1079,19.1268,1,122
16,1080,20.1252,1,126
16,1081,23.0791,1,148
16,1083,25.4828,1,170
16,1085,60.3873,1,664
16,1086,62.5127,1,665
16,1087,65.8863,1,694
16,1088,71.6588,1,758
16,1089,73.5505,1,759
16,1092,74.1837,1,761
16,1093,74.6373,1,763
16,1095,82.5241,1,860
16,1096,84.8662,1,868
16,1097,85.6735,1,869
16,1098,86.2597,1,873
16,1099,86.6679,1,874
16,1100,335.977,1,4309
16,1101,336.695,1,4310
16,1102,337.31,1,4311
16,1103,464.672,1,6013
16,1104,950.752,1,12516
16,1105,951.914,1,12519
16,1106,1178.08,1,15343
16,1107,1345.6,1,17449
16,1109,1346.42,1,17450
16,1110,1392.13,1,17952
16,1113,1393.95,1,17953
16,1115,1803.47,1,22952
16,1116,1804.75,1,22953
16,1118,1806.78,1,22959
16,1120,2209.69,1,27658
16,1121,2211.59,1,27659
16,1122,2214.03,1,27681
16,1123,2214.7,1,27682
16,1124,2215.11,1,27683
16,1126,5019.04,1,54259
16,1127,5022.22,1,54273
16,1128,5023.09,1,54274
16,1129,5365.65,1,56882
16,1130,5367.97,1,56883
16,1132,5827.41,1,60145
16,1133,5829.3,1,60146
16,1134,6209.44,1,62683
16,1135,6509.47,1,64559
16,1136,6843.43,1,66642
16,1137,7039.07,1,67783
16,1138,7039.9,1,67784
16,1139,7041.49,1,67788
16,1140,7118.1,1,68191
16,1142,7139.73,1,68282
16,1144,7141.65,1,68284
16,1146,8560.26,1,75290
16,1147,8561.64,1,75293
16,1148,8566.03,1,75304
16,1149,8567.04,1,75305
16,1150,8567.83,1,75306
16,1151,8834.52,1,76443
16,1152,8836.44,1,76444
16,1153,9213.83,1,77984
16,1154,9214.96,1,77985
16,1155,9216.34,1,77987
16,1156,9220.74,1,77998
16,1157,9880.94,1,80323
16,1158,9882.99,1,80324
16,1159,9892.11,1,80338
16,1162,10224.9,1,81432
16,1163,10227.1,1,81433
16,1164,10847,1,83318
16,1165,10849.4,1,83320
16,1166,11051,1,83879
16,1167,11053,1,83880
16,1168,11055.1,1,83883
16,1170,11055.5,1,83884
16,1171,13242,1,88074
16,1172,14811.4,1,90227
16,1173,14948.2,1,90345
16,1174,14954.7,1,90349
16,1175,14956.7,1,90351
16,1176,15046.3,1,90433
16,1177,15055.1,1,90436
16,1178,15818.5,1,91118
16,1179,15967.8,1,91265
16,1180,19062.1,1,93145
16,1182,20957.2,1,93742
16,1183,23826.3,1,94301
16,1184,31115,1,94774
17,1068,0.077372,1,1
17,1069,1.01176,1,3
17,1071,1.54548,1,4
17,1072,2.38552,1,11
17,1073,3.04516,1,12
17,1074,3.60769,1,14
17,1076,4.48919,1,18
17,1077,5.65846,1,22
17,1078,6.28257,1,23
17,1079,7.07011,1,26
17,1080,10.9233,1,75
17,1083,11.7958,1,82
17,1084,12.5336,1,87
17,1086,12.9994,1,88
17,1088,14.1588,1,96
17,1089,15.8452,1,104
17,1090,16.6288,1,105
17,1091,18.9602,1,127
17,1093,19.6376,1,128
17,1095,59.9018,1,670
17,1096,128.766,1,1690
17,1097,310.504,1,4118
17,1098,311.888,1,4119
17,1099,313.487,1,4120
17,1100,317.649,1,4179
17,1101,663.117,1,9008
17,1102,664.997,1,9009
17,1103,665.822,1,9012
17,1104,667.166,1,9021
17,1105,667.949,1,9025
17,1106,668.348,1,9026
17,1108,668.789,1,9027
17,1109,926.736,1,12452
17,1111,931.886,1,12495
17,1112,933.573,1,12496
17,1113,934.283,1,12497
17,1115,1923.73,1,24704
17,1116,1925.96,1,24708
17,1118,2661.42,1,32863
17,1119,2662.1,1,32864
17,1121,2756.77,1,33840
17,1122,2757.58,1,33841
17,1123,2758.23,1,33842
17,1124,2759.36,1,33848
17,1125,4562.4,1,50271
17,1126,4815.87,1,52364
17,1128,4817.75,1,52365
17,1130,5315.93,1,56156
17,1131,5316.69,1,56157
17,1132,5317.3,1,56158
17,1133,5317.9,1,56159
17,1134,5318.76,1,56160
17,1135,5319.53,1,56161
17,1136,5320.67,1,56162
17,1137,5322.05,1,56165
17,1138,5322.96,1,56168
17,1139,7102.43,1,67554
17,1140,7103.48,1,67555
17,1142,8222.14,1,72809
17,1143,8231.84,1,72848
17,1145,8431.8,1,73547
17,1146,8469.31,1,73686
17,1147,8773.44,1,74984
17,1150,8817.03,1,75145
17,1151,8818.05,1,75146
17,1153,8818.91,1,75148
17,1155,8819.51,1,75149
17,1157,8820.52,1,75150
17,1158,8821.92,1,75151
17,1159,10829.2,1,82104
17,1160,11461.1,1,83835
17,1161,11461.8,1,83836
17,1164,12062.1,1,85397
17,1166,12612.3,1,86546
17,1167,12705.9,1,86707
17,1168,13275.3,1,87794
17,1169,13281,1,87799
17,1171,13349.5,1,87907
17,1173,13352.9,1,87908
17,1175,13939.6,1,88871
17,1176,16750.7,1,92009
17,1177,19699.9,1,93451
17,1178,20329.1,1,93651
17,1179,20339.2,1,93655
18,1048,0.083688,1,1
18,1050,1.06664,1,5
18,1052,1.68996,1,6
18,1053,2.21657,1,7
18,1055,2.77238,1,8
18,1056,4.04429,1,24
18,1057,4.69051,1,25
18,1060,5.40266,1,28
18,1061,6.08914,1,30
18,1062,6.65128,1,31
18,1063,7.22881,1,32
18,1064,7.78068,1,33
18,1065,8.35229,1,34
18,1067,9.05969,1,35
18,1068,26.613,1,246
18,1069,27.7685,1,252
18,1071,28.5951,1,254
18,1072,29.8863,1,255
18,1074,34.1414,1,303
18,1075,36.0967,1,306
18,1077,37.0153,1,307
18,1079,52.4164,1,515
18,1080,53.8383,1,516
18,1081,54.6961,1,517
18,1084,55.3628,1,518
18,1085,68.0973,1,683
18,1089,71.2025,1,709
18,1092,72.5008,1,710
18,1093,73.2023,1,715
18,1094,73.6974,1,716
18,1095,74.1126,1,717
18,1096,74.6231,1,718
18,1098,75.0786,1,720
18,1099,212.199,1,2643
18,1100,249.988,1,3148
18,1101,382.626,1,4992
18,1102,383.762,1,5000
18,1103,603.043,1,7929
18,1104,1436.89,1,18576
18,1105,1439.15,1,18589
18,1106,1484.83,1,19112
18,1109,1486.79,1,19114
18,1110,1984.86,1,25049
18,1111,2506.7,1,30951
18,1112,2508.79,1,30952
18,1116,2937.17,1,35497
18,1117,2939.09,1,35498
18,1118,2939.72,1,35499
18,1120,2940.24,1,35500
18,1121,3021.5,1,36326
18,1122,3023.36,1,36328
18,1125,3024.21,1,36329
18,1126,3942.7,1,45134
18,1127,4945.59,1,53691
18,1130,4946.39,1,53692
18,1131,5177.84,1,55499
18,1132,6002.65,1,61348
18,1133,6004.59,1,61349
18,1134,6496.85,1,64585
18,1137,6583.44,1,65117
18,1138,6585.36,1,65118
18,1139,6973.03,1,67401
18,1142,6975.22,1,67402
18,1143,7255.2,1,68957
18,1144,7256.03,1,68958
18,1145,7256.64,1,68959
18,1146,7633.92,1,70949
18,1147,8305.44,1,74325
18,1148,8988.27,1,77201
18,1149,8995.88,1,77214
18,1150,9758.57,1,80088
18,1151,9765.6,1,80105
18,1152,9899.67,1,80540
18,1153,10109.1,1,81161
18,1155,10111.8,1,81168
18,1156,10437.2,1,82199
18,1157,11006.8,1,83837
18,1158,11246,1,84450
18,1159,11248.1,1,84451
18,1160,11250.2,1,84453
18,1161,11251.5,1,84454
18,1162,11253.7,1,84455
18,1164,11254.3,1,84458
18,1166,11255.9,1,84460
18,1167,11257.9,1,84461
18,1168,11259,1,84462
18,1169,11261,1,84466
18,1171,12707.6,1,87544
18,1172,12708.7,1,87545
18,1174,12709.7,1,87546
18,1175,12710.6,1,87547
18,1177,12711.6,1,87548
18,1178,12712.4,1,87549
18,1179,13913.2,1,89459
18,1180,14621.9,1,90335
18,1182,14622.8,1,90336
18,1184,15440.7,1,91176
19,1045,0.148034,1,1
19,1046,1.01453,1,2
19,1048,1.72746,1,6
19,1049,2.33736,1,7
19,1051,2.82015,1,8
19,1053,3.28557,1,9
19,1054,4.6384,1,23
19,1056,5.2716,1,24
19,1059,5.74175,1,25
19,1060,6.43495,1,29
19,1061,7.11749,1,31
19,1062,7.81029,1,33
19,1063,8.37203,1,34
19,1065,8.99101,1,38
19,1066,10.1042,1,47
19,1067,10.7445,1,48
19,1068,11.3106,1,49
19,1070,11.8455,1,50
19,1071,13.2157,1,64
19,1072,14.6605,1,65
19,1073,15.8412,1,70
19,1075,16.6276,1,72
19,1078,17.5233,1,76
19,1081,18.0558,1,77
19,1082,18.6886,1,78
19,1083,19.4177,1,80
19,1084,19.9321,1,81
19,1086,20.4958,1,84
19,1087,21.0051,1,85
19,1088,26.1417,1,150
19,1089,26.6244,1,151
19,1090,34.8784,1,255
19,1091,39.4991,1,299
19,1092,52.9698,1,472
19,1094,54.8796,1,473
19,1096,55.4888,1,475
19,1097,56.0355,1,476
19,1098,56.4938,1,477
19,1099,90.2361,1,965
19,1100,91.2522,1,966
19,1101,342.28,1,4588
19,1102,343.037,1,4589
19,1104,346.041,1,4610
19,1105,347.357,1,4611
19,1106,400.688,1,5331
19,1107,402.456,1,5332
19,1108,403.098,1,5333
19,1109,965.478,1,13041
19,1111,967.838,1,13042
19,1112,973.522,1,13078
19,1113,974.339,1,13079
19,1114,1518.62,1,19932
19,1115,1964.54,1,24522
19,1116,2708.31,1,31197
19,1118,3605.46,1,40399
19,1119,3607.23,1,40400
19,1120,3663.88,1,40863
19,1122,3665.93,1,40864
19,1123,3670.12,1,40891
19,1124,3672.8,1,40900
19,1125,3674.76,1,40908
19,1126,3676.01,1,40912
19,1128,3676.52,1,40913
19,1129,5632.72,1,56911
19,1130,6250.3,1,61067
19,1131,6257.37,1,61105
19,1133,6258.39,1,61106
19,1135,6741.55,1,64132
19,1136,6742.4,1,64133
19,1139,6744.08,1,64134
19,1141,8209.68,1,72185
19,1142,8211.56,1,72186
19,1143,8611.56,1,74098
19,1144,8812.1,1,74938
19,1146,8870.91,1,75195
19,1147,8873.2,1,75196
19,1148,8874.05,1,75197
19,1151,8874.54,1,75198
19,1152,8874.94,1,75199
19,1154,10288.6,1,80391
19,1155,10289.9,1,80392
19,1156,10291.5,1,80394
19,1157,10293.2,1,80395
19,1158,10294.4,1,80397
19,1159,10620.9,1,81368
19,1161,11791.9,1,84670
19,1163,11794.4,1,84671
19,1164,11797.9,1,84674
19,1167,11939,1,85000
19,1169,11940,1,85001
19,1170,12043.9,1,85229
19,1171,14040.4,1,88981
19,1172,14041.2,1,88982
19,1174,14178.5,1,89193
19,1175,14184.8,1,89196
19,1178,14195.3,1,89206
19,1180,14833.8,1,90021
19,1181,14835.3,1,90022
19,1182,15983.1,1,91222
19,1183,17001.2,1,91972
19,1184,17499.1,1,92331
19,1185,17835.4,1,92532
19,1186,19202.2,1,93246
19,1187,20791.3,1,93854
20,1053,0.146455,1,1
20,1054,0.947024,1,3
20,1056,1.42547,1,4
20,1057,1.90076,1,5
20,1058,3.12609,1,15
20,1060,3.82955,1,19
20,1061,4.69644,1,28
20,1063,5.25975,1,30
20,1065,6.62404,1,43
20,1067,7.2671,1,46
20,1069,7.91963,1,50
20,1071,8.38229,1,51
20,1072,11.9655,1,97
20,1073,12.5991,1,99
20,1074,13.1,1,100
20,1075,13.918,1,101
20,1076,20.3644,1,150
20,1078,21.825,1,154
20,1080,27.0666,1,189
20,1081,28.2753,1,190
20,1082,31.4046,1,198
20,1084,32.0792,1,201
20,1085,34.8169,1,232
20,1086,35.694,1,239
20,1087,36.2589,1,240
20,1089,36.836,1,241
20,1090,37.4483,1,243
20,1091,106.324,1,1200
20,1093,108.166,1,1202
20,1096,110.869,1,1227
20,1097,111.885,1,1231
20,1099,113.566,1,1242
20,1100,114.291,1,1243
20,1101,115.499,1,1255
20,1102,503.218,1,6646
20,1103,783.781,1,10444
20,1105,785.968,1,10454
20,1107,786.819,1,10455
20,1108,1577.02,1,20078
20,1110,1577.98,1,20081
20,1111,2316.56,1,28410
20,1112,2318.4,1,28411
20,1114,2559.92,1,31176
20,1116,2562.07,1,31177
20,1117,2563.03,1,31178
20,1118,2563.82,1,31179
20,1119,3987.17,1,44961
20,1120,3997.74,1,45044
20,1121,4000.29,1,45051
20,1122,4001.26,1,45053
20,1124,4154.45,1,46419
20,1126,4156.42,1,46420
20,1127,4905.27,1,52819
20,1128,4913.53,1,52873
20,1129,4914.38,1,52874
20,1131,5353.85,1,56165
20,1132,5357.28,1,56185
20,1133,5886.28,1,59829
20,1134,6151.74,1,61498
20,1136,6153.24,1,61502
20,1138,6458.39,1,63486
20,1139,6461.4,1,63493
20,1140,7244.43,1,67920
20,1141,7511.12,1,69356
20,1143,7958.11,1,71660
20,1144,7960.75,1,71667
20,1145,7963.13,1,71669
20,1146,7965.91,1,71673
20,1147,8466.98,1,74023
20,1148,8468.97,1,74024
20,1149,8469.91,1,74025
20,1150,9133.86,1,76759
20,1151,9134.66,1,76760
20,1152,9667.68,1,78829
20,1153,9886.85,1,79563
20,1154,9888.26,1,79566
20,1155,10385.9,1,81229
20,1157,10801.6,1,82491
20,1158,10804.6,1,82494
20,1159,10933,1,82868
20,1160,10934.9,1,82869
20,1161,10936.4,1,82872
20,1162,10937.9,1,82875
20,1164,10938.3,1,82876
20,1165,10939.3,1,82877
20,1166,12141.9,1,85680
20,1168,12143.9,1,85681
20,1169,12697.7,1,86838
20,1170,13306,1,87916
20,1172,13308.6,1,87919
20,1175,13984.9,1,89013
20,1176,14590.2,1,89823
20,1178,16604.1,1,91756
20,1179,17080.2,1,92112
20,1181,17111.7,1,92124
20,1182,18506.9,1,92975
20,1183,19319.7,1,93302
20,1184,19752.4,1,93445
