1,899,0.170141,1,1
1,901,1.054,1,3
1,902,1.56522,1,4
1,904,2.08472,1,5
1,905,2.56158,1,6
1,907,3.12806,1,7
1,909,41.8814,1,253
1,911,56.7677,1,347
1,912,58.149,1,349
1,914,59.1245,1,350
1,915,89.5461,1,577
1,917,91.3233,1,578
1,920,93.6531,1,587
1,921,94.4987,1,589
1,925,194.516,1,1215
1,928,520.569,1,3330
1,929,522.83,1,3335
1,930,1167.95,1,6980
1,931,1168.7,1,6981
1,934,1169.5,1,6982
1,935,1239.78,1,7341
1,936,1989.09,1,11134
1,938,1992.7,1,11142
1,940,2451.97,1,12982
1,943,2452.99,1,12983
1,944,2455.26,1,12984
1,945,2666.49,1,13762
1,946,2667.3,1,13763
1,949,2713.6,1,13898
1,950,3312.52,1,15868
1,951,3313.26,1,15869
1,953,3314.91,1,15870
1,955,3315.81,1,15871
1,956,4041.57,1,17802
1,957,4042.33,1,17803
1,960,4631.26,1,18933
1,961,4639.46,1,18943
1,963,4640.16,1,18944
1,964,5275.9,1,20083
1,965,5327.8,1,20149
1,967,5885.34,1,20857
1,968,5890.32,1,20858
1,969,6185.8,1,21111
1,970,6201.17,1,21122
1,971,8284.08,1,22490
2,868,0.185141,1,1
2,870,0.937549,1,2
2,872,1.76378,1,3
2,873,2.31367,1,4
2,876,2.8241,1,5
2,877,3.33768,1,6
2,880,4.27365,1,7
2,882,5.17567,1,8
2,884,6.61061,1,10
2,885,7.55053,1,11
2,886,9.79197,1,20
2,888,10.5921,1,22
2,889,11.7393,1,24
2,893,12.5991,1,25
2,899,14.4268,1,34
2,900,15.0991,1,35
2,901,17.9935,1,41
2,902,18.9267,1,42
2,903,28.5718,1,94
2,904,30.6304,1,97
2,906,31.7362,1,99
2,907,32.564,1,101
2,909,33.0511,1,102
2,913,33.618,1,103
2,914,34.3309,1,104
2,917,58.3515,1,263
2,918,66.0639,1,306
2,920,68.9638,1,315
2,922,70.3139,1,319
2,924,383.431,1,2457
2,925,386.222,1,2462
2,927,392.898,1,2493
2,928,712.608,1,4399
2,929,813.778,1,5007
2,933,815.525,1,5009
2,936,1511.12,1,8727
2,938,1802.28,1,10104
2,940,5049.61,1,10478
2,941,5051.36,1,10479
2,944,5058.04,1,10501
2,945,5059.68,1,10502
2,947,5881.65,1,14016
2,948,5888.92,1,14040
2,949,6509.84,1,16157
2,950,6513.47,1,16162
2,952,6650.8,1,16562
2,954,6654.06,1,16566
2,956,6654.83,1,16567
2,957,6656.04,1,16568
2,959,7264.11,1,18125
2,960,7267.69,1,18128
2,962,8107.44,1,19769
2,963,8393.66,1,20180
2,966,9088.51,1,21033
2,968,9723.41,1,21604
2,969,9729.71,1,21608
2,970,10066.4,1,21837
2,971,10910.6,1,22218
3,868,0.150403,1,1
3,872,1.7547,1,4
3,873,2.88568,1,5
3,874,3.76915,1,6
3,877,4.68025,1,7
3,880,5.55069,1,8
3,884,6.74957,1,10
3,885,7.63462,1,11
3,886,11.9754,1,27
3,887,14.1146,1,34
3,890,14.959,1,35
3,891,15.6135,1,36
3,897,16.3564,1,37
3,899,17.2059,1,38
3,901,28.7802,1,84
3,902,30.3857,1,89
3,904,31.975,1,96
3,906,36.8467,1,120
3,907,38.7747,1,122
3,909,39.3664,1,123
3,910,44.6068,1,156
3,911,86.7066,1,428
3,915,88.4336,1,429
3,916,103.45,1,533
3,917,106.141,1,541
3,918,109.208,1,554
3,921,288.061,1,1728
3,922,638.704,1,3987
3,924,640.265,1,3988
3,926,641.254,1,3989
3,927,642.574,1,3990
3,929,924.285,1,5615
3,930,926.714,1,5618
3,931,932.214,1,5646
3,932,1103.45,1,6523
3,933,1114.58,1,6578
3,934,1115.54,1,6579
3,935,1116.07,1,6580
3,938,1243.13,1,7273
3,939,1571.98,1,8964
3,940,1575.73,1,8970
3,941,2240.86,1,11993
3,942,2241.9,1,11994
3,943,2246.65,1,12008
3,944,2352.05,1,12419
3,945,2353.45,1,12421
3,947,2383.08,1,12528
3,950,2758.97,1,13993
3,952,3543.22,1,16494
3,953,4068.47,1,17958
3,954,4069.59,1,17959
3,955,4172.7,1,18225
3,956,4948.75,1,19863
3,957,5032.09,1,20007
3,958,5037.94,1,20010
3,961,5040.34,1,20011
3,964,5367.29,1,20475
3,965,5390.65,1,20505
3,966,5394.19,1,20506
3,967,5404.86,1,20514
3,968,5406.3,1,20515
3,969,6717.15,1,21763
3,970,6768.08,1,21788
3,971,7228.72,1,22085
4,880,0.146849,1,1
4,882,1.67851,1,6
4,883,2.31328,1,7
4,884,2.89239,1,8
4,889,3.38623,1,9
4,891,5.66872,1,21
4,892,6.50127,1,24
4,894,7.05906,1,25
4,900,7.8166,1,26
4,902,8.35781,1,27
4,904,8.83863,1,28
4,906,26.5411,1,139
4,907,27.5833,1,141
4,909,28.9543,1,145
4,910,37.3267,1,177
4,913,38.4798,1,180
4,915,39.8476,1,182
4,917,54.2022,1,282
4,919,114.215,1,706
4,920,123.784,1,751
4,923,125.559,1,752
4,924,346.109,1,2271
4,928,356.588,1,2332
4,929,357.587,1,2333
4,930,362.662,1,2353
4,931,364.789,1,2361
4,933,376.552,1,2439
4,935,904.19,1,5685
4,941,906.098,1,5688
4,945,2042.98,1,11475
4,946,2074.53,1,11584
4,947,2076.33,1,11585
4,950,2081.12,1,11600
4,952,3230.05,1,15824
4,953,3232.6,1,15826
4,954,3471.16,1,16511
4,955,3478.74,1,16526
4,956,4187.88,1,18339
4,957,4214.32,1,18387
4,958,4610.71,1,19185
4,959,4615.72,1,19193
4,960,5192.69,1,20205
4,962,5199.54,1,20207
4,963,5200.43,1,20208
4,964,5457.57,1,20552
4,966,5461.08,1,20553
4,967,6031.67,1,21226
4,968,6144.33,1,21342
4,969,6686.52,1,21769
4,970,6688.96,1,21770
4,971,7549.1,1,22238
4,972,7552.27,1,22239
5,885,0.095531,1,1
5,888,1.90431,1,6
5,889,2.98476,1,10
5,890,3.81139,1,12
5,891,7.46842,1,34
5,892,12.0216,1,47
5,896,12.8036,1,48
5,898,13.6282,1,50
5,899,14.2211,1,51
5,901,15.1082,1,52
5,903,16.613,1,54
5,904,20.7362,1,79
5,906,26.0986,1,104
5,907,27.8099,1,105
5,909,29.3364,1,108
5,914,32.9382,1,134
5,915,34.4884,1,137
5,916,35.1334,1,139
5,919,36.4448,1,143
5,921,37.4412,1,147
5,922,186.008,1,1178
5,925,188.202,1,1182
5,926,189.029,1,1183
5,930,514.622,1,3324
5,931,742.554,1,4724
5,932,744.654,1,4727
5,933,746.175,1,4728
5,938,747.803,1,4732
5,939,748.451,1,4735
5,940,2056.66,1,11465
5,942,2495.67,1,13219
5,944,2499.73,1,13221
5,946,2501.35,1,13223
5,947,2504.58,1,13230
5,948,3345.77,1,16089
5,949,3373.97,1,16192
5,950,3818.23,1,17451
5,951,3819.1,1,17452
5,954,3882.95,1,17593
5,956,3885.41,1,17595
5,958,3889.78,1,17599
5,959,3891.49,1,17600
5,962,4163.98,1,18226
5,963,5160.6,1,20166
5,966,5187.28,1,20202
5,968,5207.28,1,20214
5,969,6370.89,1,21483
5,970,6417.79,1,21521
5,971,7413.83,1,22137
5,972,7417.27,1,22138
5,973,10716.5,1,22953
6,871,0.178036,1,1
6,874,1.04137,1,2
6,876,2.04563,1,3
6,877,3.10201,1,4
6,879,7.55922,1,18
6,880,8.83231,1,19
6,881,10.3083,1,22
6,884,10.9719,1,23
6,885,11.5873,1,24
6,886,12.2379,1,25
6,887,13.286,1,26
6,889,20.1236,1,55
6,892,21.388,1,57
6,893,22.5738,1,58
6,896,25.5262,1,64
6,897,26.8696,1,65
6,899,31.4985,1,92
6,902,33.4494,1,96
6,906,34.4995,1,97
6,909,37.4467,1,118
6,911,37.954,1,119
6,914,43.9298,1,153
6,915,75.1177,1,362
6,916,80.949,1,388
6,919,82.6421,1,389
6,920,113.791,1,595
6,923,237.047,1,1405
6,926,469.479,1,2917
6,928,532.418,1,3323
6,929,1389.4,1,8289
6,930,1694.6,1,9804
6,931,1696.98,1,9813
6,932,1728.92,1,9958
6,933,1733.15,1,9979
6,935,1755.5,1,10084
6,936,1839.55,1,10498
6,937,1845.99,1,10517
6,938,1871.24,1,10636
6,939,2097.91,1,11623
6,940,2099.65,1,11624
6,941,2101.47,1,11626
6,942,2190.61,1,12030
6,943,2191.44,1,12031
6,944,2192.45,1,12032
6,945,2193.38,1,12033
6,946,3049.25,1,15280
6,950,3087.04,1,15382
6,952,3089.12,1,15383
6,955,3373.41,1,16276
6,956,3375.49,1,16277
6,958,3700.69,1,17219
6,959,3702.75,1,17222
6,961,3704.12,1,17223
6,963,5182.64,1,20257
6,964,5184.64,1,20258
6,965,5653.61,1,20819
6,966,5660.46,1,20820
6,968,5927.89,1,21170
6,970,6185.69,1,21485
6,972,6225.05,1,21512
7,875,0.271198,1,1
7,878,1.27073,1,2
7,880,2.87028,1,10
7,881,4.42681,1,17
7,883,5.0979,1,18
7,889,5.86926,1,21
7,893,6.61259,1,22
7,894,13.9089,1,58
7,895,15.4516,1,62
7,896,17.0571,1,64
7,897,17.8537,1,65
7,899,18.4881,1,66
7,900,19.0779,1,67
7,904,19.7647,1,68
7,906,20.7362,1,70
7,907,33.1364,1,150
7,908,34.7114,1,151
7,909,35.5069,1,153
7,910,54.7841,1,293
7,911,60.8519,1,328
7,912,63.468,1,332
7,913,64.4596,1,333
7,914,83.3578,1,456
7,915,85.1682,1,457
7,919,97.2833,1,536
7,920,115.861,1,648
7,922,117.663,1,649
7,924,118.705,1,652
7,927,119.124,1,653
7,928,120.24,1,655
7,930,120.787,1,656
7,933,121.894,1,659
7,934,122.787,1,664
7,935,123.228,1,665
7,936,123.667,1,666
7,938,1668.45,1,9707
7,940,1998.51,1,11211
7,941,2000.83,1,11212
7,942,2004.98,1,11224
7,943,2247.56,1,12278
7,944,2268.63,1,12349
7,947,2269.5,1,12350
7,948,2270.7,1,12351
7,949,2271.55,1,12352
7,950,3316.81,1,16037
7,951,3781.56,1,17346
7,952,3783.68,1,17347
7,953,3851.84,1,17517
7,955,3853.61,1,17518
7,956,4241.79,1,18356
7,959,4422.53,1,18724
7,960,4568.34,1,19009
7,961,4570.4,1,19010
7,962,4623.13,1,19089
7,963,4637.12,1,19105
7,964,5578.6,1,20509
7,966,5828.44,1,20781
7,967,6087.21,1,21086
7,968,6094.8,1,21091
7,971,6099.12,1,21094
8,879,0.447655,1,1
8,880,2.00458,1,4
8,881,3.34636,1,6
8,882,4.83105,1,10
8,883,5.59411,1,11
8,884,6.58495,1,12
8,889,13.2595,1,47
8,892,13.8643,1,48
8,893,14.6471,1,51
8,894,15.2775,1,52
8,895,17.4021,1,59
8,896,18.1395,1,60
8,897,18.9156,1,62
8,898,19.5855,1,63
8,900,24.9744,1,92
8,902,29.1264,1,110
8,905,30.9344,1,111
8,906,32.8312,1,115
8,909,33.526,1,116
8,913,34.8792,1,121
8,915,155.424,1,988
8,916,173.913,1,1094
8,917,175.661,1,1095
8,918,176.433,1,1096
8,920,177.025,1,1097
8,921,177.8,1,1099
8,922,218.935,1,1343
8,923,405.867,1,2572
8,925,409.232,1,2585
8,927,533.168,1,3380
8,928,569.423,1,3602
8,930,572.615,1,3617
8,934,1057.68,1,6500
8,935,1059.63,1,6502
8,938,1071.98,1,6563
8,939,1073.54,1,6564
8,940,1763.98,1,10218
8,941,1811.73,1,10446
8,942,2020.29,1,11376
8,944,2766.51,1,14315
8,946,2768.2,1,14316
8,947,2770.38,1,14318
8,948,3187.97,1,15723
8,949,3188.76,1,15724
8,950,3403.56,1,16346
8,951,3563.5,1,16776
8,953,4033.32,1,17963
8,954,4036.63,1,17966
8,955,4038.09,1,17967
8,956,4040.85,1,17970
8,957,4499.62,1,18873
8,958,4699.66,1,19274
8,959,4706.69,1,19279
8,960,4709.05,1,19280
8,961,4732.93,1,19313
8,963,4845.37,1,19527
8,964,4848.41,1,19528
8,965,4849.71,1,19529
8,966,5951.53,1,21116
8,967,5956.2,1,21117
8,969,6370.09,1,21502
8,970,6385.12,1,21516
8,971,6669.47,1,21725
9,871,0.136586,1,1
9,872,2.03537,1,9
9,878,2.67448,1,11
9,880,3.86705,1,15
9,881,4.35813,1,16
9,883,5.19067,1,18
9,885,5.78004,1,20
9,886,6.2652,1,21
9,889,7.2446,1,25
9,890,7.80199,1,26
9,891,8.35347,1,28
9,892,9.50537,1,34
9,897,10.1208,1,35
9,901,10.8799,1,36
9,903,11.7235,1,37
9,905,12.2482,1,38
9,906,13.0424,1,39
9,907,13.9586,1,40
9,912,14.8192,1,41
9,913,16.5964,1,42
9,915,17.802,1,44
9,917,18.5347,1,47
9,918,19.0676,1,48
9,919,19.7225,1,49
9,921,218.146,1,1421
9,922,219.862,1,1424
9,925,451.328,1,2958
9,926,454.913,1,2978
9,927,455.611,1,2980
9,928,456.973,1,2987
9,932,457.617,1,2988
9,934,1532.12,1,9231
9,935,1535.41,1,9237
9,936,1539.22,1,9244
9,938,2211.56,1,12412
9,945,2260.21,1,12604
9,946,2491.22,1,13549
9,949,2502.51,1,13584
9,950,3099.25,1,15728
9,951,3407.69,1,16616
9,952,3409.85,1,16617
9,953,4128.75,1,18462
9,954,4206.72,1,18628
9,958,4247.57,1,18724
9,960,4260.33,1,18743
9,962,5035.59,1,20031
9,963,5477.24,1,20625
9,965,5540.93,1,20722
9,966,7202.84,1,22141
9,967,7274.53,1,22184
9,969,7320.69,1,22210
9,970,7533.09,1,22301
9,971,9313.41,1,22798
10,878,0.271199,1,1
10,880,2.3271,1,8
10,881,2.96739,1,9
10,882,3.5994,1,10
10,883,5.3841,1,18
10,884,7.81068,1,30
10,886,8.51295,1,31
10,887,9.11338,1,33
10,890,9.62735,1,34
10,893,10.1919,1,35
10,895,12.2837,1,44
10,896,12.939,1,45
10,898,13.4135,1,46
10,899,15.1401,1,56
10,900,17.5825,1,63
10,902,20.092,1,70
10,904,21.2952,1,72
10,906,23.0724,1,80
10,909,25.5704,1,90
10,910,37.3591,1,154
10,913,42.168,1,172
10,915,44.04,1,174
10,917,44.9187,1,175
10,918,54.8654,1,239
10,920,73.2086,1,347
10,921,95.3241,1,499
10,923,99.2109,1,511
10,924,441.247,1,2885
10,926,442.01,1,2886
10,929,442.789,1,2888
10,931,721.625,1,4655
10,932,723.509,1,4656
10,934,1153.83,1,7185
10,937,1278.63,1,7899
10,941,1280.57,1,7901
10,943,1691.98,1,10090
10,944,1693.78,1,10091
10,946,1694.77,1,10092
10,947,2487.27,1,13594
10,948,2490.22,1,13598
10,949,2491.88,1,13599
10,950,3370.86,1,16589
10,951,3483.33,1,16920
10,953,3520.28,1,17012
10,955,3520.98,1,17013
10,956,3521.74,1,17014
10,957,3522.21,1,17015
10,958,4162.84,1,18624
10,959,4165.24,1,18629
10,960,4166.22,1,18630
10,961,4287.5,1,18852
10,962,4932.25,1,20055
10,963,5123.82,1,20317
10,965,5125.7,1,20318
10,966,5404.49,1,20726
10,968,5431.6,1,20743
10,969,5967.89,1,21308
10,970,6910.71,1,21940
10,971,7731.42,1,22333
11,876,0.313832,1,1
11,882,1.6039,1,2
11,884,2.52171,1,4
11,885,3.13319,1,5
11,886,3.78139,1,7
11,888,4.29654,1,8
11,895,5.02211,1,9
11,899,5.51279,1,10
11,902,7.8087,1,21
11,903,11.9829,1,43
11,906,12.5719,1,44
11,907,24.5022,1,122
11,911,47.9848,1,284
11,913,56.5712,1,334
11,914,58.2915,1,335
11,915,61.3805,1,356
11,916,63.3634,1,363
11,918,63.9721,1,364
11,920,64.8682,1,367
11,921,146.244,1,905
11,923,147.139,1,907
11,924,147.901,1,909
11,925,153.314,1,940
11,926,202.964,1,1215
11,928,203.927,1,1216
11,929,1070.88,1,6602
11,931,1074.21,1,6609
11,932,1109.58,1,6789
11,933,1471.54,1,8780
11,934,1511.49,1,8971
11,935,1513.7,1,8973
11,937,1958.09,1,11114
11,938,1959.16,1,11116
11,940,2114.77,1,11783
11,941,2248.33,1,12390
11,946,2600.56,1,13714
11,947,2602.32,1,13715
11,948,2681.45,1,14004
11,950,2682.92,1,14006
11,951,2683.53,1,14007
11,953,2685.58,1,14008
11,954,3580,1,16943
11,956,3581.44,1,16944
11,957,4501.96,1,19114
11,958,4504.6,1,19117
11,959,4683.64,1,19410
11,960,4853.88,1,19683
11,961,4900.61,1,19738
11,962,5061.78,1,19976
11,963,5454.72,1,20560
11,964,5456.55,1,20561
11,965,5476.15,1,20581
11,966,5481.02,1,20584
11,967,6228.39,1,21363
11,968,6237.71,1,21366
11,969,6998.99,1,21962
11,970,7986.45,1,22453
11,971,7993.44,1,22454
11,972,8201.04,1,22541
11,973,8587.23,1,22648
12,881,0.112506,1,1
12,882,1.21546,1,5
12,884,2.92358,1,16
12,885,4.5109,1,17
12,888,8.71112,1,47
12,891,10.6044,1,49
12,892,11.3315,1,50
12,894,11.7827,1,51
12,896,12.2825,1,52
12,898,13.3689,1,58
12,899,13.8323,1,59
12,901,14.3269,1,61
12,903,14.7632,1,62
12,904,15.9166,1,68
12,908,16.3461,1,69
12,910,21.8368,1,101
12,913,23.5974,1,103
12,915,24.5867,1,107
12,917,25.4587,1,109
12,918,30.632,1,140
12,921,32.6374,1,141
12,924,34.355,1,145
12,925,34.7963,1,146
12,928,35.3517,1,147
12,929,36.1022,1,148
12,930,36.5561,1,149
12,936,37.001,1,150
12,938,37.6484,1,151
12,940,38.2165,1,152
12,942,1223.42,1,7568
12,943,1877.2,1,10836
12,946,2156.79,1,12100
12,947,2158.7,1,12101
12,949,2159.8,1,12102
12,951,2160.35,1,12103
12,954,3801.93,1,17807
12,955,3804.37,1,17808
12,957,3816.36,1,17820
12,958,3820.64,1,17823
12,960,3824.02,1,17824
12,961,4602.96,1,19492
12,962,5082.65,1,20305
12,964,11290.5,1,20306
12,965,11574.9,1,20662
12,968,11673.5,1,20756
12,969,13634.9,1,22276
13,898,0.185931,1,1
13,900,0.947024,1,2
13,902,2.1088,1,3
13,903,2.7562,1,6
13,905,3.22833,1,7
13,906,14.9341,1,82
13,910,16.7685,1,83
13,911,17.8525,1,85
13,914,19.8397,1,95
13,915,20.8744,1,97
13,917,21.2834,1,98
13,918,21.8897,1,100
13,919,22.4992,1,102
13,921,22.9185,1,103
13,922,23.7723,1,106
13,923,186.873,1,1195
13,924,188.991,1,1204
13,927,191.15,1,1210
13,929,216.632,1,1385
13,932,319.588,1,2118
13,933,322.946,1,2127
13,935,842.586,1,5458
13,936,843.995,1,5460
13,937,1436.71,1,8864
13,939,1438.45,1,8865
13,940,1442.55,1,8883
13,942,1443.56,1,8884
13,943,1445.74,1,8888
13,944,2651.99,1,14171
13,945,2909.86,1,15082
13,947,3032.9,1,15473
13,949,3496.74,1,16865
13,951,3498.82,1,16866
13,953,3657.98,1,17301
13,954,3659.06,1,17302
13,956,3660.7,1,17303
13,957,4225.64,1,18712
13,961,4240.68,1,18738
13,962,4242.16,1,18739
13,965,5290.27,1,20521
13,966,5363.9,1,20616
13,968,5364.78,1,20617
13,971,6466.23,1,21726
13,972,7436.97,1,22306
13,973,7528.89,1,22335
14,874,0.173693,1,1
14,875,1.46495,1,4
14,878,2.04011,1,5
14,880,2.67369,1,6
14,882,3.54177,1,9
14,884,4.79197,1,14
14,887,5.36239,1,15
14,888,5.94347,1,16
14,891,7.29275,1,17
14,895,8.32663,1,18
14,897,8.8556,1,19
14,898,10.2084,1,29
14,899,26.1105,1,139
14,903,27.8521,1,140
14,904,28.5343,1,141
14,905,29.1319,1,142
14,906,35.3825,1,179
14,907,42.7495,1,219
14,908,45.3592,1,228
14,910,59.1446,1,320
14,911,59.9049,1,322
14,913,60.8353,1,324
14,916,73.7561,1,410
14,918,78.9216,1,442
14,919,127.428,1,771
14,920,137.009,1,822
14,922,137.912,1,824
14,924,138.896,1,825
14,925,144.308,1,852
14,926,281.29,1,1800
14,930,283.815,1,1803
14,932,284.849,1,1804
14,937,1173.91,1,7304
14,938,1396.14,1,8515
14,939,2327.25,1,12883
14,941,2329.29,1,12885
14,943,2330.3,1,12887
14,944,2466.96,1,13409
14,945,2467.78,1,13410
14,946,2702.71,1,14250
14,948,2704.88,1,14256
14,951,3081.03,1,15504
14,954,3886.64,1,17774
14,955,3887.59,1,17775
14,958,3889.74,1,17779
14,960,4515.99,1,19170
14,963,5538.77,1,20751
14,964,5704.3,1,20937
14,965,5881.75,1,21130
14,967,6281.38,1,21537
14,968,6595.53,1,21791
14,969,6775.35,1,21911
14,970,7008.13,1,22037
14,972,7113.32,1,22083
14,973,7322.93,1,22224
15,875,0.298042,1,1
15,878,2.59751,1,13
15,879,4.9696,1,23
15,884,5.62925,1,24
15,885,6.2277,1,25
15,888,6.79931,1,26
15,889,8.04161,1,30
15,892,9.61748,1,31
15,895,10.212,1,32
15,899,12.4214,1,44
15,900,14.6716,1,55
15,903,17.849,1,68
15,905,25.1974,1,119
15,906,26.956,1,120
15,907,31.8198,1,151
15,908,43.8655,1,228
15,913,46.086,1,231
15,914,47.2608,1,232
15,916,48.0097,1,234
15,921,49.6838,1,238
15,923,51.5708,1,246
15,924,264.1,1,1661
15,925,269.509,1,1687
15,926,271.799,1,1697
15,928,518.453,1,3290
15,930,521.399,1,3298
15,931,522.656,1,3299
15,933,523.189,1,3300
15,934,1141.79,1,7100
15,936,1153.98,1,7137
15,937,1322.88,1,7998
15,938,1628.86,1,9632
15,943,2316.83,1,12827
15,947,2567.71,1,13848
15,949,2569.5,1,13849
15,951,2887.72,1,14986
15,952,3137.65,1,15855
15,953,3225.34,1,16109
15,954,3226.25,1,16110
15,957,3226.76,1,16111
15,958,4152.83,1,18471
15,959,8269.93,1,19602
15,960,8272.19,1,19603
15,963,8517.9,1,20024
15,965,8638.15,1,20224
15,966,10001.5,1,21716
15,967,10014.6,1,21732
15,968,10051.5,1,21762
15,970,10077,1,21783
15,971,10248.4,1,21877
15,850,0.15514,1,1
15,854,2.04011,1,2
15,856,2.81147,1,3
15,858,3.74388,1,4
15,863,4.41497,1,5
15,864,5.09475,1,6
15,866,6.88813,1,12
15,872,7.64488,1,13
15,874,10.6154,1,28
15,875,11.8013,1,30
15,876,12.639,1,31
15,879,13.7167,1,32
15,884,14.8871,1,33
15,887,16.3868,1,34
15,888,17.9133,1,38
15,889,18.7853,1,40
15,890,21.0291,1,48
15,892,21.7421,1,49
15,895,23.1529,1,52
15,896,23.965,1,54
15,897,25.5314,1,58
15,900,26.3007,1,59
15,903,27.3859,1,60
15,905,46.9813,1,136
15,907,48.5402,1,137
15,910,50.1812,1,141
15,912,51.144,1,143
15,914,51.928,1,144
15,915,52.6354,1,145
15,916,54.6882,1,150
15,918,56.3312,1,154
15,920,57.6939,1,156
15,921,58.5639,1,157
15,922,59.4711,1,158
15,925,60.9455,1,160
15,929,852.5,1,4027
15,931,860.209,1,4069
15,932,872.223,1,4133
15,935,1629.31,1,8241
15,937,1630.63,1,8244
15,940,2097.14,1,10355
15,941,2569.48,1,12350
15,942,2809.27,1,13265
15,944,2809.96,1,13266
15,946,2810.75,1,13267
15,947,2811.42,1,13268
15,949,4030.39,1,16993
15,951,4034.37,1,16995
15,952,4036.11,1,16996
15,957,4038.23,1,16997
15,958,4039.83,1,16998
15,959,4049.15,1,17013
15,962,4051.16,1,17014
15,963,5692.64,1,20193
15,964,5905.5,1,20459
15,965,5909.53,1,20460
15,966,6201.02,1,20812
15,967,6445.01,1,21059
15,968,7387.79,1,21767
15,969,7421.45,1,21781
15,970,7432.76,1,21789
15,971,7433.86,1,21790
16,876,0.127901,1,1
16,880,1.75588,1,3
16,885,6.39587,1,24
16,887,8.14228,1,30
16,890,8.83942,1,31
16,892,10.317,1,35
16,894,11.8506,1,40
16,896,12.8549,1,42
16,899,13.5422,1,43
16,900,14.1592,1,45
16,904,18.4877,1,72
16,911,19.8666,1,76
16,912,50.2207,1,278
16,915,51.2266,1,279
16,916,51.8471,1,280
16,917,53.1206,1,283
16,920,53.7956,1,284
16,922,120.295,1,760
16,923,127.827,1,807
16,924,137.511,1,861
16,929,360.195,1,2351
16,930,361.318,1,2353
16,931,362.025,1,2354
16,933,363.032,1,2358
16,935,363.591,1,2359
16,939,366.007,1,2371
16,940,1931.99,1,10861
16,942,2187.63,1,11859
16,943,2852.76,1,14267
16,945,2886.1,1,14381
16,948,2886.75,1,14382
16,949,3556.71,1,16334
16,950,3557.96,1,16336
16,951,3559.42,1,16337
16,952,3696.26,1,16717
16,954,3698.7,1,16720
16,955,3700.34,1,16721
16,958,4322.23,1,18219
16,959,4604.94,1,18817
16,960,4611.3,1,18823
16,961,4613.32,1,18824
16,962,5074.71,1,19666
16,963,5352.75,1,20101
16,964,5655.53,1,20452
16,966,5841.49,1,20690
16,967,6080.31,1,20932
16,968,6109.12,1,20954
16,969,6126.98,1,20971
16,970,6957.25,1,21727
16,971,7844.58,1,22182
17,860,0.234487,1,1
17,862,1.05914,1,2
17,868,3.29623,1,10
17,869,4.61827,1,15
17,873,5.27712,1,16
17,876,6.55654,1,19
17,882,7.59159,1,21
17,887,9.84171,1,27
17,891,10.7125,1,28
17,892,11.3118,1,29
17,896,13.5532,1,39
17,897,16.0461,1,40
17,899,20.6522,1,55
17,900,21.8013,1,56
17,902,23.01,1,58
17,903,38.0049,1,132
17,904,39.9179,1,135
17,905,48.0409,1,184
17,907,49.6913,1,185
17,908,50.2693,1,186
17,910,50.6952,1,187
17,911,54.3708,1,206
17,913,68.6835,1,290
17,914,85.9933,1,408
17,915,87.6785,1,409
17,916,88.577,1,410
17,918,227.024,1,1367
17,920,230.98,1,1391
17,922,324.884,1,2004
17,924,410.416,1,2385
17,925,563.185,1,3214
17,926,563.777,1,3215
17,928,565.91,1,3226
17,929,570.261,1,3251
17,934,921.149,1,4990
17,935,1238.41,1,6439
17,939,1940.89,1,9269
17,940,2625.85,1,12300
17,941,2627.9,1,12301
17,943,2634.07,1,12319
17,944,2635.04,1,12320
17,945,2636.51,1,12321
17,946,2638.33,1,12322
17,949,2639.12,1,12324
17,950,3550.6,1,15657
17,951,3936.71,1,16763
17,952,3937.72,1,16764
17,953,4175.91,1,17310
17,955,4829.86,1,18165
17,956,4831.64,1,18169
17,958,4832.96,1,18170
17,959,5636.75,1,19712
17,960,5687.32,1,19796
17,963,5780.97,1,19930
17,964,5987.91,1,20209
17,965,6279.45,1,20571
17,966,6283.71,1,20574
17,968,7175.1,1,21361
17,969,7542.52,1,21573
17,971,7606.08,1,21619
18,861,0.936366,1,1
18,863,1.95445,1,3
18,864,2.67685,1,5
18,865,3.33255,1,7
18,866,4.37392,1,10
18,871,4.96408,1,11
18,873,5.45437,1,12
18,876,5.95492,1,13
18,877,6.75312,1,14
18,878,7.36737,1,15
18,880,8.58796,1,23
18,882,9.19036,1,24
18,887,9.79316,1,25
18,888,11.8337,1,38
18,891,12.5111,1,39
18,892,15.2827,1,44
18,893,20.2148,1,46
18,894,20.8712,1,47
18,898,21.6734,1,48
18,899,22.605,1,53
18,900,24.2618,1,59
18,902,24.7636,1,60
18,904,28.7096,1,82
18,905,30.5487,1,83
18,906,31.4046,1,84
18,907,32.1767,1,85
18,908,33.4999,1,88
18,909,66.197,1,267
18,911,67.1333,1,268
18,912,74.7644,1,316
18,916,75.8737,1,318
18,917,274.04,1,1267
18,918,275.282,1,1269
18,920,283.906,1,1319
18,922,292.632,1,1365
18,924,293.181,1,1366
18,926,297.612,1,1387
18,927,303.103,1,1415
18,928,304.817,1,1424
18,930,305.403,1,1425
18,932,306.648,1,1427
18,933,1108.85,1,5626
18,934,1659.52,1,8501
18,935,1661.39,1,8502
18,936,1662.17,1,8503
18,937,1831.17,1,9336
18,938,1833.48,1,9338
18,939,2292.8,1,11252
18,940,2298.45,1,11269
18,944,2299.17,1,11271
18,946,2302.63,1,11276
18,948,2303.21,1,11277
18,950,2304.44,1,11279
18,954,3933.29,1,16622
18,955,4042.16,1,16955
18,960,4045.49,1,16961
18,961,5535.68,1,20083
18,962,5537.28,1,20084
18,963,5541.54,1,20088
18,964,5547.05,1,20095
18,965,5548.83,1,20096
18,966,5550.3,1,20097
18,967,5556.75,1,20101
18,968,6580.77,1,21312
18,970,6581.45,1,21313
18,971,9184.07,1,22619
18,972,9973.38,1,22793
18,973,18778,1,23079
19,875,0.279883,1,1
19,876,1.04729,1,2
19,879,2.15854,1,6
19,880,2.6662,1,7
19,884,3.16438,1,8
19,886,3.64322,1,9
19,888,12.4353,1,48
19,889,14.4734,1,59
19,891,14.9842,1,60
19,893,15.6012,1,62
19,899,16.7002,1,67
19,902,17.2193,1,68
19,904,18.7905,1,76
19,905,19.5567,1,77
19,908,24.2385,1,101
19,910,31.6473,1,142
19,913,33.6298,1,149
19,915,55.2898,1,290
19,917,56.9494,1,291
19,918,133.284,1,798
19,919,152.755,1,924
19,923,173.803,1,1044
19,925,175.481,1,1045
19,927,177.091,1,1050
19,930,178.516,1,1051
19,931,179.264,1,1052
19,933,488.253,1,3021
19,937,1271.66,1,7500
19,938,1408.06,1,8187
19,940,1408.68,1,8188
19,941,1904.23,1,10590
19,942,1909.84,1,10604
19,943,1911.76,1,10605
19,945,2520.64,1,13199
19,946,3011.33,1,14963
19,947,3090.67,1,15218
19,948,3091.28,1,15219
19,949,3533.5,1,16602
19,954,3535.54,1,16604
19,956,3538.99,1,16609
19,957,3540.68,1,16610
19,958,4565.34,1,18984
19,960,4566.95,1,18985
19,962,4568.84,1,18988
19,963,4965.1,1,19682
19,967,5301.64,1,20180
19,969,5559.07,1,20554
19,970,7052.13,1,21863
19,972,7229.76,1,21944
19,973,7233.66,1,21945
20,874,0.396731,1,1
20,875,2.04721,1,14
20,876,3.05227,1,17
20,878,4.08969,1,18
20,879,10.4836,1,58
20,880,12.2635,1,61
20,881,12.9966,1,62
20,883,13.526,1,63
20,885,14.1027,1,64
20,886,14.5441,1,65
20,889,15.03,1,66
20,893,15.4804,1,67
20,897,16.7389,1,71
20,899,17.6346,1,73
20,902,28.541,1,148
20,903,30.1563,1,149
20,904,31.8917,1,158
20,906,33.7423,1,168
20,909,58.648,1,339
20,911,103.461,1,654
20,912,105.315,1,655
20,913,110.317,1,684
20,914,111.91,1,685
20,916,205.726,1,1343
20,917,220.795,1,1450
20,919,223.242,1,1460
20,920,297.467,1,1916
20,921,300.427,1,1929
20,924,301.081,1,1930
20,926,303.05,1,1942
20,928,304.035,1,1943
20,930,304.935,1,1944
20,931,1113.59,1,6816
20,933,1115.87,1,6817
20,934,1196.16,1,7275
20,936,1198.17,1,7276
20,937,1199.26,1,7278
20,939,1199.83,1,7280
20,943,1624.53,1,9311
20,944,2865.67,1,14504
20,945,2866.96,1,14507
20,948,2867.54,1,14508
20,949,2868.27,1,14509
20,950,2869.26,1,14510
20,952,2874.57,1,14519
20,954,2875.25,1,14520
20,957,3956.69,1,17456
20,958,4637.26,1,18805
20,961,4638.62,1,18806
20,962,4640.2,1,18807
20,963,4640.99,1,18808
20,965,5861.46,1,20631
20,966,5870.88,1,20638
20,967,5873.17,1,20639
20,968,6542.97,1,21428
20,969,7163.97,1,21855
20,970,7488.13,1,22046
20,971,7498.52,1,22049
20,972,11773,1,22942
1,876,0.127901,1,1
1,877,2.19446,1,6
1,882,3.00845,1,9
1,883,3.64362,1,12
1,884,5.10422,1,17
1,888,5.79663,1,18
1,890,6.29126,1,19
1,892,6.88735,1,20
1,895,7.66265,1,22
1,897,12.9228,1,56
1,899,15.8685,1,66
1,904,17.4629,1,72
1,908,21.8424,1,94
1,910,27.2849,1,120
1,912,27.8719,1,121
1,915,56.3652,1,313
1,918,120.737,1,750
1,919,121.648,1,751
1,921,122.281,1,752
1,923,122.724,1,753
1,926,124.896,1,762
1,927,125.35,1,763
1,929,1099.2,1,6899
1,930,1102.11,1,6910
1,932,1103.54,1,6911
1,934,1104.34,1,6912
1,935,1105.34,1,6914
1,939,1114.19,1,6955
1,940,1115.41,1,6956
1,887,0.297648,1,1
1,889,3.45492,1,14
1,891,4.1726,1,15
1,892,4.68223,1,16
1,894,5.32884,1,17
1,898,5.91506,1,18
1,904,18.0472,1,93
1,906,36.5353,1,200
1,907,37.9907,1,204
1,908,38.5809,1,205
1,909,39.7774,1,213
1,910,62.5025,1,346
1,911,63.2853,1,347
1,917,85.6353,1,491
1,918,86.8259,1,494
1,921,165.381,1,976
1,924,177.314,1,1046
1,925,179.089,1,1047
1,927,179.688,1,1048
1,930,180.225,1,1049
1,931,647.248,1,4263
1,934,1084.85,1,6995
1,935,1642.34,1,10559
1,937,2463.78,1,15439
1,938,3121.73,1,19153
1,940,3122.39,1,19154
1,942,3123.19,1,19155
1,943,3124.22,1,19156
1,944,4208.6,1,24831
1,947,4211.15,1,24835
1,949,7184.39,1,37833
1,950,7204.11,1,37892
1,951,8753.14,1,43386
1,952,8968.67,1,44046
1,955,8969.72,1,44047
1,956,8970.72,1,44049
1,957,11240.7,1,50206
1,958,11244.4,1,50207
1,960,12341,1,52676
1,962,13179.1,1,54242
1,964,13186.1,1,54249
1,967,14624.8,1,56591
1,968,14627.8,1,56592
1,970,15534.1,1,57808
1,971,16747,1,59224
1,972,18505.3,1,60792
1,973,18549.5,1,60819
2,895,0.234881,1,1
2,896,1.42547,1,4
2,898,2.65988,1,6
2,901,4.68104,1,13
2,906,5.3245,1,14
2,909,35.0135,1,184
2,910,36.3553,1,187
2,912,38.1696,1,188
2,917,78.5237,1,470
2,919,80.9981,1,475
2,920,82.3481,1,477
2,923,83.3433,1,478
2,925,87.5696,1,502
2,926,145.75,1,873
2,927,1818.65,1,11660
2,928,1820.51,1,11661
2,931,1856.88,1,11855
2,934,2477.36,1,15513
2,935,4362.28,1,25639
2,937,4646.26,1,27018
2,938,4648.23,1,27024
2,941,5338.84,1,30358
2,942,5340.58,1,30359
2,943,6733.52,1,36386
2,944,6735.99,1,36389
2,945,6740.9,1,36401
2,947,7238.27,1,38318
2,948,7321.24,1,38633
2,949,7331,1,38660
2,950,7333.03,1,38661
2,953,7334.18,1,38662
2,955,7334.69,1,38663
2,956,8775.2,1,43823
2,957,8779.09,1,43825
2,958,10437.3,1,48699
2,959,10451.8,1,48731
2,962,10453.1,1,48732
2,963,10456,1,48736
2,964,13080.9,1,54440
2,965,14936.1,1,57320
2,966,15056.1,1,57465
2,967,15652.8,1,58217
2,968,16368.6,1,59046
2,969,16503.1,1,59167
2,970,17203.4,1,59872
2,971,17856.7,1,60475
2,972,17863,1,60476
2,973,20192.6,1,62022
3,873,0.109348,1,1
3,874,1.13098,1,2
3,877,3.52677,1,8
3,878,6.12981,1,18
3,880,6.95525,1,19
3,885,7.85687,1,20
3,886,10.5594,1,26
3,892,11.2005,1,27
3,894,12.018,1,28
3,896,14.6787,1,39
3,899,16.4275,1,44
3,900,26.4456,1,90
3,901,28.2955,1,96
3,905,29.0558,1,97
3,906,31.0351,1,105
3,907,31.7536,1,106
3,910,32.4018,1,107
3,911,33.721,1,111
3,913,104.738,1,531
3,914,110.849,1,556
3,915,115.645,1,577
3,916,122.761,1,616
3,917,124.276,1,618
3,919,125.29,1,619
3,921,126.021,1,621
3,922,256.297,1,1534
3,923,257.034,1,1535
3,925,258.052,1,1539
3,926,259.554,1,1544
3,929,760.276,1,4906
3,930,2054.43,1,12953
3,932,2056.34,1,12955
3,934,2057.49,1,12958
3,938,2058.42,1,12959
3,940,2058.97,1,12960
3,941,4703.02,1,27060
3,945,5333.16,1,27061
3,946,5334.25,1,27062
3,947,5762.84,1,29166
3,949,8111.06,1,38879
3,951,8676.44,1,40486
3,953,8677.19,1,40487
3,954,8680.44,1,40497
3,955,8681.33,1,40499
3,956,11288.1,1,48517
3,960,11290.3,1,48519
3,961,11291.1,1,48520
3,964,11292.9,1,48521
3,966,14503.4,1,55304
3,967,14812.2,1,55752
3,968,17923.3,1,59692
3,969,18098.7,1,59840
3,970,18116.9,1,59854
3,971,21348.2,1,62071
3,972,22900.1,1,62700
3,973,23090.6,1,62757
4,885,0.165403,1,1
4,887,1.33468,1,3
4,889,2.7637,1,5
4,891,3.91482,1,6
4,895,4.77894,1,7
4,896,5.57872,1,8
4,899,7.21894,1,10
4,901,7.9603,1,11
4,902,8.65981,1,12
4,904,9.39327,1,13
4,907,10.4528,1,14
4,908,11.6462,1,16
4,909,12.4499,1,17
4,910,13.2343,1,19
4,911,14.3214,1,20
4,914,15.4327,1,21
4,917,18.0491,1,31
4,918,19.9815,1,37
4,921,20.7122,1,38
4,924,24.7533,1,60
4,925,25.7931,1,61
4,926,26.9134,1,62
4,927,120.205,1,716
4,931,1133.97,1,7442
4,935,1619.17,1,10486
4,936,2644.77,1,16599
4,939,2835.64,1,17740
4,940,3981.71,1,23652
4,941,6379.01,1,34803
4,942,6392.46,1,34854
4,943,6393.92,1,34855
4,945,6395.59,1,34856
4,948,6397.79,1,34861
4,949,6398.92,1,34865
4,950,8383.25,1,42269
4,951,8385.26,1,42270
4,953,8853.6,1,43795
4,954,10424.4,1,48321
4,956,11971.2,1,51837
4,958,11974.2,1,51839
4,961,11975.6,1,51840
4,963,13153.7,1,54081
4,964,13386.1,1,54493
4,965,14668,1,56508
4,966,18560.8,1,60042
4,967,18568.6,1,60043
4,968,18576.2,1,60044
4,969,18792.7,1,60219
4,970,18802.7,1,60222
4,971,19274.2,1,60517
4,972,19669.8,1,60815
4,973,19672.8,1,60816
5,897,0.174878,1,1
5,900,1.77997,1,2
5,901,3.6223,1,5
5,902,4.81013,1,6
5,905,5.45674,1,7
5,906,14.4383,1,54
5,909,15.0691,1,55
5,910,16.3158,1,57
5,911,16.9174,1,58
5,913,43.1937,1,208
5,914,45.28,1,211
5,917,51.0967,1,246
5,922,53.5332,1,252
5,923,159.581,1,942
5,926,160.839,1,943
5,927,162.11,1,944
5,928,163.038,1,945
5,930,914.071,1,5824
5,931,1397.94,1,8589
5,934,1398.94,1,8590
5,935,2487.17,1,14984
5,936,3822.09,1,22183
5,937,3823.19,1,22184
5,938,3825.62,1,22191
5,939,3840.41,1,22251
5,940,4937.28,1,27568
5,941,5043.9,1,28072
5,943,5480.34,1,30042
5,945,5481.06,1,30043
5,948,7120.48,1,36749
5,949,7121.21,1,36750
5,950,7123.49,1,36752
5,951,7124.41,1,36753
5,952,9014.64,1,43342
5,953,9016.32,1,43343
5,954,9017.06,1,43344
5,955,9018.23,1,43346
5,956,9834.11,1,45628
5,957,9841.08,1,45644
5,958,10284.7,1,46837
5,959,10286.5,1,46838
5,962,13357.7,1,53712
5,963,14624.1,1,56069
5,964,14625,1,56070
5,966,14737.8,1,56251
5,967,18326.4,1,60190
5,968,18770.5,1,60561
5,969,18799.5,1,60576
5,970,20538,1,61691
5,971,21007.7,1,61904
6,864,0.467393,1,1
6,867,1.97497,1,2
6,868,3.51651,1,4
6,869,4.38892,1,5
6,872,5.15475,1,6
6,873,6.02283,1,8
6,875,7.03657,1,9
6,879,7.92003,1,10
6,880,8.74745,1,11
6,885,9.32853,1,12
6,889,11.3536,1,17
6,893,12.5521,1,18
6,896,14.353,1,21
6,897,17.9579,1,32
6,899,24.2453,1,59
6,901,25.5961,1,62
6,903,26.2423,1,63
6,904,27.8601,1,67
6,906,30.6182,1,68
6,907,31.6332,1,69
6,909,37.382,1,88
6,910,39.0388,1,89
6,911,54.2757,1,177
6,912,54.9511,1,178
6,913,91.9281,1,350
6,914,113.386,1,474
6,915,115.941,1,487
6,917,116.659,1,488
6,919,117.407,1,489
6,920,118.803,1,493
6,922,120.365,1,500
6,923,192.353,1,908
6,924,364.401,1,1924
6,925,365.807,1,1925
6,928,366.826,1,1926
6,929,367.44,1,1927
6,930,367.943,1,1928
6,933,368.411,1,1929
6,934,2421.36,1,13155
6,935,2842.32,1,15279
6,938,3403.86,1,18097
6,939,3404.73,1,18099
6,940,5149.85,1,26249
6,941,5154.97,1,26270
6,942,5155.88,1,26271
6,944,5157.09,1,26273
6,945,8060.72,1,38424
6,946,8062.37,1,38426
6,947,8242.94,1,39089
6,949,8243.93,1,39090
6,950,9473.33,1,43130
6,952,9474.02,1,43131
6,953,11559.9,1,48595
6,955,11561,1,48598
6,956,11953.6,1,49402
6,958,11955.3,1,49403
6,959,11966.2,1,49417
6,960,11967.2,1,49418
6,961,11968.9,1,49419
6,962,13728.1,1,52753
6,963,16325.4,1,56637
6,966,16805,1,57206
6,968,18692.6,1,59152
6,969,18918.3,1,59402
6,971,19067.9,1,59542
6,972,19344.4,1,59781
7,889,0.123559,1,1
7,890,1.521,1,2
7,892,3.74033,1,3
7,893,5.7686,1,7
7,894,7.4408,1,8
7,896,8.43243,1,9
7,900,14.1367,1,10
7,902,48.2233,1,126
7,903,49.295,1,127
7,904,60.321,1,163
7,905,61.8618,1,164
7,906,63.228,1,168
7,909,81.6759,1,256
7,911,82.4366,1,258
7,914,94.9512,1,318
7,916,156.044,1,624
7,919,156.616,1,625
7,924,227.155,1,943
7,926,228.478,1,944
7,928,1337.28,1,6390
7,929,2175.58,1,10142
7,931,2906.97,1,13650
7,933,3296.12,1,15267
7,934,5081.49,1,23468
7,935,5082.15,1,23469
7,937,5494.6,1,25521
7,940,5495.31,1,25522
7,942,5946.71,1,27711
7,945,6013.42,1,28009
7,948,6014.17,1,28010
7,949,7944.38,1,36142
7,952,7945.44,1,36144
7,953,7946.2,1,36145
7,955,7946.86,1,36146
7,956,10786.2,1,45685
7,958,11562.2,1,47806
7,959,12794,1,50771
7,960,13255.2,1,51768
7,961,15669.1,1,56203
7,962,15670.1,1,56204
7,963,15672,1,56205
7,964,15795.5,1,56384
7,965,15796.4,1,56385
7,966,15981.2,1,56647
7,967,16212.6,1,56977
7,968,19065.1,1,60180
7,969,19109.7,1,60211
7,970,19110.7,1,60212
7,971,19149.8,1,60238
7,972,25947.5,1,62854
7,973,30022.4,1,63427
8,861,0.358441,1,1
8,862,9.10707,1,2
8,863,10.0829,1,3
8,868,12.1143,1,10
8,874,12.6473,1,11
8,875,14.8551,1,19
8,877,15.3778,1,20
8,879,15.8689,1,21
8,882,16.4425,1,23
8,884,16.9142,1,24
8,887,17.671,1,26
8,888,32.6939,1,66
8,891,34.6539,1,67
8,892,40.3672,1,68
8,898,42.8182,1,75
8,901,45.068,1,78
8,905,46.1997,1,79
8,906,47.251,1,80
8,907,49.0542,1,84
8,909,51.0576,1,92
8,912,63.2249,1,122
8,915,64.9002,1,124
8,917,309.823,1,1023
8,919,310.372,1,1024
8,921,310.779,1,1025
8,926,313.738,1,1040
8,927,314.175,1,1041
8,929,315.022,1,1043
8,931,315.567,1,1044
8,933,316.063,1,1047
8,935,316.465,1,1048
8,936,1853.51,1,9742
8,937,4134.87,1,22595
8,940,4322.04,1,23506
8,941,4322.74,1,23507
8,942,5110.24,1,27396
8,943,5111.31,1,27397
8,945,5111.87,1,27398
8,948,7694.39,1,38234
8,952,8703.99,1,41833
8,955,8704.75,1,41834
8,956,8707.73,1,41844
8,957,9124.61,1,43173
8,958,12321.8,1,51856
8,959,12949.8,1,53218
8,960,13068,1,53457
8,962,13068.8,1,53458
8,963,13210.7,1,53730
8,964,13271.3,1,53842
8,965,15139.5,1,56910
8,966,16735.2,1,58797
8,967,16736.3,1,58798
8,968,17110.7,1,59184
8,969,18585.6,1,60579
8,970,19108.8,1,60977
9,882,0.26054,1,1
9,883,1.08677,1,2
9,887,1.71009,1,3
9,888,2.48974,1,5
9,890,3.11346,1,7
9,893,3.64283,1,8
9,895,4.13115,1,9
9,898,4.85947,1,10
9,900,7.06815,1,21
9,901,7.65357,1,22
9,904,10.3861,1,33
9,906,11.371,1,35
9,907,34.9551,1,138
9,911,67.5873,1,353
9,912,69.5647,1,355
9,913,70.3088,1,356
9,920,157.965,1,959
9,922,165.314,1,1007
9,923,166.973,1,1015
9,925,170.82,1,1035
9,926,180.27,1,1093
9,927,181.154,1,1094
9,928,391.696,1,2507
9,929,396.611,1,2534
9,930,397.214,1,2535
9,931,398.228,1,2538
9,934,399.335,1,2539
9,935,400.205,1,2540
9,936,400.742,1,2541
9,937,4212.88,1,24963
9,940,4214.1,1,24964
9,941,4215.24,1,24965
9,944,5735.56,1,32079
9,945,6173.52,1,33993
9,946,6420.19,1,34988
9,949,6421.15,1,34990
9,951,6892.73,1,36895
9,952,9171.66,1,44684
9,954,9965.41,1,46970
9,956,10996.5,1,49797
9,957,10997.6,1,49798
9,960,12356.4,1,52818
9,961,12603.1,1,53311
9,963,12724.8,1,53543
9,964,12725.5,1,53544
9,965,14472,1,56425
9,966,15782.2,1,58209
9,967,16013.1,1,58457
9,969,16068.3,1,58498
9,970,16073.7,1,58499
9,971,17845,1,60081
9,973,19152.5,1,61086
10,880,0.115664,1,1
10,881,1.70378,1,2
10,882,2.31052,1,4
10,883,4.47853,1,13
10,886,5.04935,1,14
10,887,5.95611,1,16
10,888,6.79458,1,19
10,889,14.158,1,55
10,891,15.6901,1,61
10,893,16.345,1,62
10,894,17.324,1,67
10,898,18.5785,1,69
10,901,19.0376,1,70
10,902,19.6345,1,71
10,903,20.1508,1,72
10,904,34.5244,1,143
10,905,35.2365,1,144
10,909,35.9723,1,145
10,911,36.8246,1,146
10,913,56.1058,1,260
10,916,58.7527,1,264
10,918,84.5256,1,437
10,920,240.413,1,1529
10,921,247.19,1,1567
10,926,480.632,1,3102
10,928,482.233,1,3103
10,929,886.475,1,5719
10,932,2076.86,1,13090
10,933,2272.45,1,14199
10,934,2274.47,1,14202
10,935,2284.92,1,14255
10,936,2573.36,1,15918
10,940,2575.03,1,15919
10,944,3621.9,1,21778
10,946,3622.52,1,21779
10,948,8430.92,1,42241
10,949,8892.07,1,43776
10,950,9045.27,1,44256
10,951,9051.23,1,44273
10,952,9052.92,1,44274
10,953,10102.1,1,47343
10,955,10212.8,1,47589
10,956,10436.8,1,48187
10,957,10438.2,1,48188
10,958,12597.8,1,53082
10,959,12969,1,53833
10,962,13006.9,1,53894
10,963,14169,1,55884
10,964,14709.1,1,56704
10,965,14710.8,1,56705
10,966,16781.3,1,59348
10,967,16785.7,1,59349
10,968,16918.7,1,59467
10,969,16926.4,1,59476
10,971,17045,1,59585
10,972,18363.5,1,60666
10,973,23261.7,1,63064
11,873,0.141718,1,1
11,874,1.79615,1,4
11,877,2.41118,1,5
11,880,3.19123,1,7
11,883,4.42287,1,9
11,886,5.272,1,11
11,887,5.99282,1,12
11,890,6.5968,1,13
11,891,7.38277,1,14
11,892,8.16439,1,15
11,893,9.53262,1,22
11,896,10.2266,1,23
11,901,10.9198,1,25
11,903,11.5064,1,26
11,907,12.2004,1,27
11,908,13.4088,1,32
11,910,37.0607,1,157
11,911,38.3294,1,159
11,912,42.8076,1,180
11,913,61.6466,1,282
11,915,63.1597,1,284
11,917,64.9843,1,286
11,918,93.6063,1,489
11,919,96.6187,1,497
11,920,102.54,1,529
11,924,193.996,1,1193
11,927,195.67,1,1194
11,930,350.51,1,2273
11,931,2483.15,1,15688
11,933,2484.9,1,15689
11,934,3477.28,1,21210
11,937,3581.21,1,21752
11,939,3582.17,1,21753
11,941,3583.13,1,21755
11,944,5908.55,1,32972
11,947,6125.32,1,33912
11,948,6358.09,1,34900
11,949,8602.5,1,41638
11,950,8604.39,1,41639
11,951,10317.1,1,46743
11,952,11412.8,1,49511
11,953,11413.4,1,49512
11,954,11414.8,1,49514
11,956,11416.6,1,49515
11,957,11462.4,1,49579
11,958,11464.9,1,49581
11,959,11465.5,1,49582
11,962,11930.2,1,50378
11,963,11932.1,1,50379
11,964,15323,1,56625
11,965,15779.8,1,57297
11,966,15989.1,1,57584
11,967,16493.1,1,58180
11,968,17996.4,1,59737
11,969,18071.2,1,59790
11,970,18251.2,1,59930
11,971,19245.2,1,60673
11,972,19274,1,60694
11,973,19278,1,60695
12,871,0.183563,1,1
12,872,1.40297,1,3
12,874,2.02195,1,4
12,876,2.6958,1,6
12,877,7.26395,1,32
12,881,8.5027,1,35
12,882,9.14142,1,36
12,883,10.1808,1,39
12,884,14.2227,1,55
12,888,14.9108,1,56
12,889,23.2671,1,93
12,891,24.8808,1,98
12,894,33.5193,1,135
12,896,34.6629,1,136
12,898,35.2878,1,137
12,899,35.925,1,138
12,900,37.0086,1,142
12,901,39.3531,1,147
12,902,41.1816,1,154
12,903,41.8503,1,156
12,905,67.3197,1,300
12,906,69.0598,1,301
12,907,75.9321,1,336
12,908,77.8965,1,341
12,911,79.5083,1,342
12,913,80.822,1,347
12,914,216.321,1,1255
12,917,217.485,1,1256
12,918,218.455,1,1257
12,920,314.557,1,1874
12,924,315.357,1,1875
12,926,316.234,1,1878
12,928,684.352,1,4368
12,929,1012.32,1,6466
12,930,1139.69,1,7196
12,932,1140.37,1,7197
12,934,1142.58,1,7203
12,936,1143.49,1,7206
12,937,1144.89,1,7213
12,938,4401,1,25453
12,940,4678.06,1,26784
12,941,5231.91,1,29439
12,944,5233.25,1,29440
12,946,6677.54,1,35563
12,947,6679.78,1,35567
12,948,6680.77,1,35568
12,949,6688.55,1,35586
12,952,6689.68,1,35587
12,953,9889.17,1,46387
12,955,10026.4,1,46672
12,956,10693.9,1,48284
12,957,10972.7,1,49002
12,958,10974.2,1,49003
12,959,10975.1,1,49004
12,960,11465.9,1,50142
12,961,13771,1,54882
12,963,14493.6,1,56018
12,964,14497,1,56022
12,965,14509.7,1,56034
12,966,16951.5,1,59085
12,967,17428.3,1,59572
12,968,17584.8,1,59717
12,969,17666.5,1,59801
12,970,17869.1,1,59980
12,971,17870.1,1,59981
12,972,19182.8,1,60982
12,973,19265.1,1,61034
13,890,0.511212,1,1
13,891,1.42429,1,2
13,892,2.27775,1,3
13,893,7.66502,1,24
13,899,11.9931,1,25
13,901,12.7775,1,26
13,902,14.6913,1,31
13,903,16.15,1,40
13,904,51.4642,1,164
13,905,52.675,1,168
13,907,53.3879,1,169
13,910,76.9392,1,265
13,911,78.2391,1,266
13,912,78.9919,1,267
13,914,80.8575,1,270
13,915,89.4633,1,295
13,916,172.391,1,719
13,918,264.045,1,1180
13,919,265.054,1,1182
13,922,304.203,1,1378
13,923,531.89,1,2689
13,924,533.768,1,2691
13,925,726.639,1,3830
13,928,813.682,1,4387
13,931,814.434,1,4388
13,932,1672.96,1,9274
13,936,2386.98,1,11391
13,937,2388.74,1,11393
13,938,5589.49,1,24844
13,939,6670.92,1,29169
13,942,6672.15,1,29170
13,943,6682.83,1,29180
13,944,11308.3,1,39423
13,946,11314.4,1,39426
13,947,11315.5,1,39427
13,948,11317.5,1,39430
13,950,11761.8,1,40115
13,951,13367.7,1,43160
13,954,13370.9,1,43163
13,957,15848.8,1,48043
13,959,16213.7,1,48830
13,961,17380,1,51438
13,963,17382.4,1,51439
13,964,19022.9,1,54603
13,965,19024.2,1,54604
13,967,19835.6,1,55904
13,968,19837.7,1,55905
13,969,22073.7,1,58755
13,970,22084.7,1,58760
13,971,22090.7,1,58763
13,972,23083.4,1,59665
13,973,23360.9,1,59877
14,875,0.387652,1,1
14,878,1.54982,1,2
14,880,2.13841,1,3
14,885,2.69225,1,5
14,886,3.27057,1,7
14,887,5.59412,1,17
14,890,7.30382,1,23
14,895,8.11307,1,24
14,897,8.64955,1,25
14,899,9.2705,1,27
14,900,9.79593,1,28
14,903,10.3987,1,29
14,906,12.4167,1,37
14,909,12.9856,1,38
14,910,13.8161,1,40
14,914,15.0099,1,47
14,915,15.7118,1,48
14,916,16.7093,1,49
14,919,37.9406,1,143
14,921,39.554,1,144
14,924,192.762,1,1203
14,925,193.431,1,1204
14,928,194.162,1,1205
14,930,195.941,1,1212
14,932,1940.91,1,12435
14,935,1941.66,1,12436
14,937,1949.62,1,12482
14,940,1950.29,1,12483
14,941,4893.55,1,28132
14,943,5499.66,1,30875
14,944,7134.13,1,37499
14,945,7135.45,1,37502
14,946,7248.76,1,37893
14,948,7250.15,1,37894
14,949,7692.96,1,39414
14,951,8992.22,1,43798
14,952,10228.8,1,47415
14,953,10564.1,1,48339
14,957,10651.6,1,48557
14,960,10928.3,1,49031
14,961,12696.6,1,52642
14,962,12699,1,52643
14,963,14552.3,1,55902
14,965,16405.2,1,58303
14,967,16409.9,1,58307
14,968,16411.7,1,58308
14,969,17067,1,58986
14,970,17118.9,1,59029
14,972,23233.7,1,62779
15,868,0.208827,1,1
15,869,1.44521,1,3
15,873,1.99195,1,4
15,875,2.51303,1,5
15,879,3.01201,1,6
15,882,3.55164,1,7
15,885,5.16581,1,16
15,887,6.07572,1,18
15,888,6.66589,1,19
15,889,7.56515,1,22
15,891,12.3788,1,51
15,892,13.0898,1,52
15,893,14.6455,1,57
15,895,15.3703,1,58
15,896,16.3564,1,59
15,897,23.4522,1,95
15,900,34.4762,1,152
15,903,35.1074,1,153
15,906,40.7059,1,189
15,908,45.1797,1,210
15,909,46.5377,1,211
15,910,47.9935,1,213
15,912,48.6583,1,214
15,913,49.415,1,216
15,916,52.5226,1,227
15,917,53.2849,1,229
15,919,53.723,1,230
15,920,62.0856,1,283
15,921,62.9146,1,284
15,922,63.7286,1,286
15,924,612.103,1,3853
15,926,943.612,1,5955
15,927,974.184,1,6135
15,928,1294.32,1,8085
15,929,2406.28,1,14605
15,930,2408.01,1,14606
15,931,2412.67,1,14630
15,932,3181.06,1,18809
15,933,3182.08,1,18810
15,935,3214.14,1,18977
15,937,3214.86,1,18978
15,938,4945.99,1,27549
15,939,4947.29,1,27550
15,940,4948.58,1,27551
15,941,6204.96,1,33166
15,944,6206.09,1,33167
15,945,6356.08,1,33736
15,946,6357.38,1,33737
15,948,6358.91,1,33738
15,951,6359.55,1,33739
15,952,6360.31,1,33740
15,953,6361.26,1,33741
15,954,8946.09,1,43223
15,956,11799.8,1,50988
15,957,11803.1,1,50992
15,958,11805.2,1,50995
15,959,11808.9,1,50999
15,960,12102.2,1,51609
15,961,12112.1,1,51626
15,962,12251.1,1,51958
15,963,13713,1,54770
15,964,13719.3,1,54775
15,965,13720,1,54776
15,968,15462.7,1,57424
15,969,21743.1,1,61734
15,970,21834.1,1,61785
15,971,21978.5,1,61834
15,972,24498.2,1,62969
16,878,0.160272,1,1
16,882,1.80207,1,5
16,884,2.94924,1,8
16,885,3.58243,1,9
16,886,4.26971,1,10
16,888,5.79663,1,11
16,889,8.40361,1,22
16,890,10.4966,1,23
16,891,38.9855,1,154
16,892,41.8475,1,155
16,893,42.6781,1,156
16,895,43.8979,1,157
16,897,44.8576,1,161
16,900,49.1794,1,183
16,903,49.7328,1,184
16,904,50.2827,1,186
16,906,51.1895,1,189
16,907,53.4507,1,193
16,908,54.5244,1,194
16,909,58.0938,1,205
16,911,59.3061,1,209
16,913,60.1497,1,211
16,915,62.534,1,222
16,917,63.7775,1,223
16,918,65.4813,1,230
16,919,65.9902,1,231
16,921,66.4958,1,232
16,922,137.8,1,607
16,923,138.503,1,608
16,924,417.074,1,2253
16,925,418.551,1,2257
16,926,685.351,1,4003
16,928,1086.65,1,6636
16,929,1087.73,1,6637
16,930,1088.54,1,6638
16,932,1089.34,1,6639
16,933,1543.95,1,9460
16,934,3061.9,1,18005
16,935,3063.47,1,18007
16,937,3064.42,1,18008
16,939,3873.47,1,22141
16,940,4566.49,1,25509
16,941,4567.25,1,25510
16,945,4568.2,1,25511
16,946,4569.04,1,25512
16,948,4569.82,1,25514
16,949,7414.2,1,37465
16,950,8309.99,1,40629
16,952,8311.84,1,40633
16,953,8965.68,1,42730
16,954,8999.09,1,42818
16,955,11388.6,1,49572
16,956,11430.2,1,49642
16,957,11938,1,50806
16,958,11953.7,1,50827
16,960,12512.8,1,52051
16,961,12514.2,1,52052
16,962,13636,1,54181
16,965,14518.8,1,55602
16,966,14558.1,1,55659
16,967,14558.8,1,55660
16,968,14714.9,1,55886
16,970,17570.5,1,59411
16,971,19639,1,61039
17,875,0.20409,1,1
17,876,1.42468,1,3
17,879,2.36658,1,4
17,880,3.20741,1,5
17,881,4.68933,1,8
17,884,7.0042,1,19
17,886,7.71397,1,20
17,888,8.2236,1,21
17,889,8.79245,1,22
17,890,9.54762,1,25
17,891,11.6193,1,31
17,893,12.6488,1,33
17,895,13.4166,1,34
17,897,16.165,1,41
17,898,16.8641,1,42
17,899,17.7385,1,44
17,903,18.6922,1,46
17,904,20.6557,1,54
17,907,38.3488,1,151
17,908,40.1284,1,152
17,911,40.9775,1,154
17,912,42.4452,1,161
17,913,42.8814,1,162
17,914,65.1892,1,313
17,918,66.8642,1,314
17,919,67.9545,1,317
17,921,68.5466,1,318
17,922,157.284,1,932
17,924,159.046,1,933
17,925,369.605,1,2371
17,926,1382.13,1,9002
17,929,1774.06,1,11358
17,931,2092.8,1,13110
17,932,2145.9,1,13408
17,933,3202.66,1,19319
17,934,3204.8,1,19330
17,937,3205.77,1,19333
17,938,3889.06,1,22808
17,940,3889.99,1,22809
17,941,6566.19,1,34245
17,942,6567.08,1,34246
17,943,6999.62,1,35912
17,944,7006.17,1,35926
17,945,7017.91,1,35960
17,946,7019.09,1,35962
17,950,7538.74,1,37871
17,953,7539.79,1,37872
17,954,9439.39,1,43702
17,956,9447.02,1,43718
17,957,9732.7,1,44477
17,960,9734.67,1,44478
17,961,12570.6,1,51551
17,962,13039.3,1,52486
17,963,13458.6,1,53246
17,964,14566.3,1,55232
17,965,14745.8,1,55513
17,967,14754.6,1,55520
17,968,14758.5,1,55522
17,969,14793.8,1,55563
17,970,17144.2,1,58590
17,972,18851.9,1,60187
17,973,19689.8,1,60831
18,870,0.394758,1,1
18,871,1.4835,1,3
18,872,2.2517,1,4
18,876,3.19241,1,5
18,878,3.71744,1,6
18,881,5.36674,1,8
18,882,7.07841,1,9
18,883,9.08102,1,19
18,884,11.8341,1,35
18,886,14.3672,1,50
18,887,15.5104,1,51
18,888,16.9083,1,54
18,890,19.2405,1,61
18,893,19.7809,1,62
18,894,20.2815,1,63
18,896,21.0343,1,64
18,900,21.7579,1,65
18,902,23.4688,1,67
18,906,24.3574,1,68
18,907,33.224,1,103
18,909,34.1786,1,104
18,910,56.7473,1,250
18,913,58.6342,1,251
18,915,219.154,1,1348
18,917,247.304,1,1531
18,918,248.337,1,1532
18,919,249.356,1,1534
18,920,253.551,1,1555
18,921,254.183,1,1556
18,923,349.421,1,2203
18,924,350.563,1,2205
18,925,741.938,1,4764
18,927,761.27,1,4864
18,928,763.069,1,4865
18,930,767.319,1,4889
18,931,1728.15,1,10870
18,935,2567.6,1,15678
18,937,2568.38,1,15679
18,939,5435.2,1,30225
18,940,5874.07,1,32125
18,941,5913.61,1,32292
18,944,5917.21,1,32298
18,946,6712.69,1,35208
18,947,6714.5,1,35209
18,949,7303.62,1,37579
18,950,7305.38,1,37580
18,951,8349.91,1,41284
18,952,8352.47,1,41288
18,955,8923.54,1,43181
18,956,8924.7,1,43184
18,958,9851.94,1,45876
18,959,13012.9,1,53388
18,960,13433.4,1,54252
18,961,13554.5,1,54450
18,963,13616.1,1,54545
18,966,13643.9,1,54577
18,967,16077.6,1,57903
18,968,16078.4,1,57904
18,969,17908.9,1,59875
18,970,18334.7,1,60200
18,971,20551.7,1,61691
19,881,0.183563,1,1
19,882,0.92334,1,2
19,884,1.51824,1,3
19,886,3.29307,1,13
19,892,3.8031,1,14
19,896,5.06988,1,18
19,899,5.60201,1,19
19,902,6.94617,1,22
19,903,8.26861,1,28
19,904,21.6446,1,108
19,905,22.5115,1,109
19,908,29.6894,1,153
19,910,30.3249,1,154
19,913,32.5202,1,163
19,914,33.3725,1,164
19,915,34.7593,1,170
19,916,36.1512,1,171
19,917,51.2973,1,274
19,918,53.17,1,275
19,921,58.8494,1,316
19,923,60.0025,1,317
19,928,61.7062,1,318
19,932,62.9379,1,319
19,934,63.9536,1,322
19,935,3577.4,1,21066
19,940,3578.16,1,21067
19,942,4221.11,1,24299
19,943,6339.88,1,33925
19,944,6640.36,1,35130
19,946,6814.2,1,35818
19,947,7934.13,1,40035
19,950,8304.98,1,41331
19,953,8975.19,1,43457
19,955,18852,1,44288
19,956,20599.3,1,49058
19,957,21614.5,1,51344
19,958,22164.4,1,52561
19,959,22165.3,1,52563
19,960,22586,1,53406
19,961,22586.7,1,53407
19,962,22640.1,1,53495
19,963,22641.5,1,53496
19,964,22764.3,1,53730
19,966,22767.9,1,53733
19,967,22998.1,1,54115
19,968,26966.6,1,59456
19,969,29066.8,1,61138
19,970,29071.6,1,61139
19,971,31072.8,1,62231
20,873,0.260146,1,1
20,874,1.79023,1,7
20,875,2.43645,1,9
20,876,3.02148,1,10
20,878,4.19825,1,15
20,883,4.78013,1,16
20,885,5.27594,1,17
20,886,5.81124,1,18
20,887,7.19131,1,24
20,889,8.81929,1,30
20,892,9.84843,1,36
20,893,10.6083,1,37
20,894,11.5897,1,38
20,897,12.4226,1,39
20,899,13.7336,1,45
20,900,15.1504,1,50
20,901,15.7414,1,51
20,902,16.2175,1,52
20,903,17.1013,1,55
20,904,17.7724,1,57
20,905,21.5033,1,78
20,908,41.0995,1,185
20,909,42.6805,1,186
20,911,47.0149,1,217
20,915,48.592,1,219
20,916,49.0617,1,220
20,917,54.8793,1,257
20,919,80.7865,1,391
20,922,82.7524,1,392
20,923,280.635,1,1799
20,924,308.189,1,1960
20,926,309.292,1,1963
20,928,310.688,1,1968
20,932,311.746,1,1969
20,933,312.548,1,1971
20,934,313.271,1,1972
20,935,2951.47,1,16258
20,936,4436.82,1,23999
20,937,4908.34,1,26278
20,938,5280.09,1,28046
20,939,5287.27,1,28072
20,940,5289.12,1,28074
20,941,5290.87,1,28075
20,944,5292.96,1,28080
20,946,6872.45,1,35081
20,948,6931.02,1,35319
20,949,8714.37,1,41659
20,951,9645.02,1,44555
20,952,10212,1,46089
20,953,10213,1,46090
20,955,10315,1,46377
20,957,10317.6,1,46379
20,961,12601.1,1,51631
20,963,12830.7,1,52076
20,964,14829.3,1,55729
20,966,16156.3,1,57488
20,968,16178.8,1,57512
20,969,17660.6,1,58917
20,970,18820.8,1,59934
20,971,18826.9,1,59935
20,972,19051,1,60094
20,973,19285.7,1,60262
