1,869,13.8635,1,1
1,873,26.1476,1,2
1,877,41.6778,1,3
1,881,59.5737,1,4
1,884,81.1453,1,5
1,887,94.9152,1,6
1,890,109.474,1,7
1,893,124.311,1,8
1,896,138.032,1,9
1,898,150.78,1,10
1,900,163.079,1,11
1,902,175.292,1,12
1,904,188.768,1,13
1,906,201.761,1,14
1,908,213.932,1,15
1,910,225.977,1,16
1,912,238.012,1,17
1,914,250.168,1,18
1,916,262.053,1,19
1,919,274.156,1,20
1,921,286.802,1,21
1,923,298.882,1,22
1,925,311.065,1,23
1,927,322.885,1,24
1,929,336.508,1,25
1,931,353.828,1,26
1,933,369.439,1,27
1,935,384.104,1,28
1,936,399.087,1,29
1,937,415.093,1,30
1,938,430.642,1,31
1,939,444.261,1,32
1,940,456.827,1,33
1,942,469.596,1,34
1,943,481.717,1,35
1,944,493.208,1,36
1,945,504.73,1,37
1,946,516.112,1,38
1,947,528.527,1,39
1,949,542.623,1,40
1,950,558.672,1,41
1,951,573.409,1,42
1,952,587.741,1,43
1,953,602.134,1,44
1,954,616.744,1,45
1,955,631.664,1,46
1,956,645.338,1,47
1,957,659.157,1,48
1,958,672.147,1,49
1,959,684.593,1,50
1,960,695.683,1,51
1,961,708.116,1,52
1,962,723.142,1,53
1,963,737.283,1,54
1,964,750.653,1,55
1,965,764.363,1,56
1,966,777.237,1,57
1,967,817.272,1,60
1,968,856.108,1,63
1,969,879.762,1,65
1,970,924.06,1,69
1,971,948.986,1,71
1,972,975.951,1,73
1,973,1051.79,1,77
1,974,1083.85,1,79
1,975,1138.62,1,83
1,976,1163.17,1,85
1,977,1221.31,1,89
1,978,1321.57,1,97
1,979,1494.31,1,109
1,980,1534.26,1,112
1,981,1725.37,1,127
1,982,1750.19,1,129
1,983,1925.98,1,143
1,984,2114.96,1,159
1,985,2136.96,1,161
1,986,2388.75,1,182
1,987,2956.61,1,230
1,988,5591.97,1,447
1,989,7554.62,1,616
1,990,11669,1,964
1,991,11726.4,1,969
1,992,13796.1,1,1149
2,884,13.342,1,1
2,888,26.1006,1,2
2,891,38.288,1,3
2,894,50.1327,1,4
2,897,62.0733,1,5
2,900,75.3727,1,6
2,903,88.0721,1,7
2,905,115.038,1,8
2,907,127.07,1,9
2,909,139.044,1,10
2,911,150.857,1,11
2,913,162.791,1,12
2,915,175.701,1,13
2,917,189.794,1,14
2,919,202.14,1,15
2,921,214.056,1,16
2,923,225.414,1,17
2,925,237.107,1,18
2,927,248.922,1,19
2,929,262.702,1,20
2,931,274.224,1,21
2,932,286.417,1,22
2,933,298.826,1,23
2,934,311.019,1,24
2,935,323.184,1,25
2,936,334.893,1,26
2,937,346.526,1,27
2,938,358.398,1,28
2,939,371.87,1,29
2,940,384.889,1,30
2,942,396.838,1,31
2,943,408.53,1,32
2,944,421.019,1,33
2,945,433.059,1,34
2,946,443.868,1,35
2,947,454.81,1,36
2,948,465.636,1,37
2,949,476.946,1,38
2,950,488.133,1,39
2,951,499.247,1,40
2,952,510.598,1,41
2,953,522.717,1,42
2,954,535.105,1,43
2,955,546.565,1,44
2,956,557.436,1,45
2,957,568.149,1,46
2,958,581.333,1,47
2,959,594.98,1,48
2,960,606.287,1,49
2,961,617.222,1,50
2,962,628.017,1,51
2,963,639.04,1,52
2,964,649.863,1,53
2,965,660.573,1,54
2,966,671.44,1,55
2,967,703.682,1,58
2,968,727.249,1,60
2,969,738.124,1,61
2,970,770.924,1,64
2,971,923.161,1,78
2,972,934.641,1,79
2,973,946.813,1,80
2,974,958.719,1,81
2,975,1024.09,1,86
2,976,1102.68,1,93
2,977,1232.12,1,105
2,978,1254.4,1,107
2,979,1447.62,1,125
2,980,1513.5,1,131
2,981,1720.57,1,150
2,982,1854.7,1,162
2,983,2159.35,1,190
2,984,2203.64,1,194
2,985,2580.82,1,228
2,986,4798.49,1,434
2,987,4851.7,1,439
2,988,11097.4,1,1022
2,989,22251.3,1,2063
2,990,22263.1,1,2064
2,991,25484.6,1,2364
2,992,50145.5,1,4668
3,898,12.922,1,1
3,901,25.362,1,2
3,904,40.3964,1,3
3,907,54.0495,1,4
3,910,77.2506,1,5
3,913,91.9028,1,6
3,915,103.778,1,7
3,917,115.601,1,8
3,919,127.789,1,9
3,921,140.118,1,10
3,923,152.07,1,11
3,925,164.352,1,12
3,927,176.357,1,13
3,929,188.696,1,14
3,931,200.466,1,15
3,933,212.247,1,16
3,935,224.186,1,17
3,937,237.463,1,18
3,938,249.074,1,19
3,940,262.636,1,20
3,942,274.761,1,21
3,944,286.923,1,22
3,945,298.957,1,23
3,946,310.883,1,24
3,947,322.31,1,25
3,948,334.334,1,26
3,949,346.492,1,27
3,950,358.279,1,28
3,951,369.077,1,29
3,952,381.148,1,30
3,953,393.057,1,31
3,954,404.796,1,32
3,955,416.271,1,33
3,956,428.214,1,34
3,957,441.607,1,35
3,958,454.556,1,36
3,959,466.944,1,37
3,960,478.47,1,38
3,961,490.48,1,39
3,962,502.395,1,40
3,963,514.317,1,41
3,964,526.129,1,42
3,965,538.314,1,43
3,966,550.382,1,44
3,967,562.351,1,45
3,968,574.143,1,46
3,969,606.608,1,49
3,970,651.345,1,53
3,971,677.498,1,55
3,972,723.544,1,59
3,973,850.459,1,70
3,974,864.541,1,71
3,975,943.882,1,78
3,976,977.667,1,81
3,977,1025.04,1,85
3,978,1230.46,1,103
3,979,1255.2,1,105
3,980,1368.71,1,115
3,981,1413.29,1,119
3,982,1461.7,1,123
3,983,1516.77,1,128
3,984,1702.04,1,145
3,985,1786.81,1,153
3,986,1943.25,1,167
3,987,1997.17,1,172
3,988,2127.05,1,183
3,989,2159.73,1,186
3,990,2378.32,1,206
3,991,2533.51,1,220
3,992,12849.6,1,1181
4,882,12.8438,1,1
4,885,27.0216,1,2
4,888,39.3317,1,3
4,891,51.4496,1,4
4,894,63.7084,1,5
4,897,75.6688,1,6
4,900,87.598,1,7
4,903,99.815,1,8
4,905,111.878,1,9
4,907,123.947,1,10
4,909,135.937,1,11
4,911,151.308,1,12
4,913,166.524,1,13
4,916,177.701,1,14
4,918,189.323,1,15
4,920,201.575,1,16
4,922,213.76,1,17
4,924,225.265,1,18
4,926,236.132,1,19
4,928,246.899,1,20
4,930,257.909,1,21
4,931,268.861,1,22
4,932,279.677,1,23
4,933,290.778,1,24
4,934,301.596,1,25
4,935,312.603,1,26
4,936,323.355,1,27
4,937,334.952,1,28
4,939,348.551,1,29
4,940,361.634,1,30
4,941,373.484,1,31
4,942,385.81,1,32
4,943,396.878,1,33
4,944,407.865,1,34
4,945,418.6,1,35
4,946,430.346,1,36
4,947,442.049,1,37
4,948,452.985,1,38
4,949,465.11,1,39
4,950,476.541,1,40
4,951,487.437,1,41
4,952,498.151,1,42
4,954,510.242,1,43
4,955,522.375,1,44
4,956,534.189,1,45
4,957,544.949,1,46
4,958,558.178,1,47
4,959,573.439,1,48
4,960,585.292,1,49
4,961,598.201,1,50
4,962,639.944,1,53
4,963,650.705,1,54
4,964,661.592,1,55
4,965,684.144,1,57
4,966,739.159,1,62
4,967,752.131,1,63
4,968,776.892,1,65
4,969,802.811,1,67
4,970,846.672,1,70
4,971,857.558,1,71
4,972,935.23,1,78
4,973,970.252,1,81
4,974,982.666,1,82
4,975,1029.19,1,86
4,976,1053.59,1,88
4,977,1077.35,1,90
4,978,1141.28,1,96
4,979,1153.18,1,97
4,980,1223.43,1,103
4,981,1327.73,1,112
4,982,2273.92,1,199
4,983,2285.79,1,200
4,984,2343.69,1,205
4,985,3129.93,1,278
4,986,3199.92,1,284
4,987,3341.28,1,297
4,988,5428.58,1,490
4,989,6284.09,1,569
4,990,10085.4,1,925
4,991,48276.9,1,4491
4,992,93225.6,1,8631
5,888,15.1196,1,1
5,892,27.2012,1,2
5,896,39.1967,1,3
5,899,51.4366,1,4
5,902,63.5683,1,5
5,905,75.9428,1,6
5,908,87.6481,1,7
5,911,99.9697,1,8
5,913,112.169,1,9
5,915,124.201,1,10
5,917,136.173,1,11
5,919,148.4,1,12
5,921,160.406,1,13
5,923,172.719,1,14
5,925,185.164,1,15
5,927,197.499,1,16
5,929,211.861,1,17
5,931,224.147,1,18
5,933,236.458,1,19
5,935,248.495,1,20
5,936,260.463,1,21
5,937,272.639,1,22
5,938,284.881,1,23
5,939,296.893,1,24
5,940,308.794,1,25
5,941,320.524,1,26
5,942,332.499,1,27
5,943,344.443,1,28
5,944,356.422,1,29
5,946,368.018,1,30
5,947,379.961,1,31
5,948,394.037,1,32
5,950,406.042,1,33
5,951,418.603,1,34
5,952,430.084,1,35
5,953,443.482,1,36
5,954,455.815,1,37
5,955,467.901,1,38
5,956,479.865,1,39
5,957,492.055,1,40
5,958,504.081,1,41
5,959,516.201,1,42
5,960,528.138,1,43
5,961,539.659,1,44
5,962,551.79,1,45
5,963,565.521,1,46
5,964,577.011,1,47
5,965,588.007,1,48
5,966,600.838,1,49
5,967,657.333,1,54
5,968,690.399,1,57
5,969,834.014,1,70
5,970,856.349,1,72
5,971,930.54,1,79
5,972,984.784,1,84
5,973,1020.6,1,87
5,974,1128.21,1,96
5,975,1149.38,1,98
5,976,1203.23,1,103
5,977,1227.19,1,105
5,978,1480.74,1,128
5,979,1544.88,1,134
5,980,1600.44,1,139
5,981,1640.66,1,142
5,982,2249.85,1,199
5,983,2474.96,1,219
5,984,2981.2,1,266
5,985,3554.02,1,318
5,986,3733.09,1,334
5,987,4479.36,1,402
5,988,4594.01,1,412
5,989,5818.89,1,526
5,990,28448.5,1,2630
5,991,51982.3,1,4826
5,992,52878.7,1,4909
6,889,11.626,1,1
6,893,24.6905,1,2
6,896,36.5447,1,3
6,899,47.9931,1,4
6,902,60.0186,1,5
6,905,72.178,1,6
6,907,83.5502,1,7
6,909,103.043,1,8
6,911,119.676,1,9
6,913,135.013,1,10
6,915,149.094,1,11
6,917,162.128,1,12
6,919,174.519,1,13
6,921,192.675,1,14
6,923,206.721,1,15
6,925,222.128,1,16
6,927,236.061,1,17
6,928,252.542,1,18
6,929,269.539,1,19
6,930,285.269,1,20
6,931,299.979,1,21
6,932,314.303,1,22
6,933,327.43,1,23
6,934,340.748,1,24
6,935,352.952,1,25
6,937,364.764,1,26
6,938,382.444,1,27
6,939,393.698,1,28
6,940,406.06,1,29
6,941,419.102,1,30
6,942,430.57,1,31
6,943,441.702,1,32
6,944,452.495,1,33
6,945,464.766,1,34
6,946,477.251,1,35
6,948,489.121,1,36
6,949,500.59,1,37
6,950,511.769,1,38
6,951,522.922,1,39
6,952,533.72,1,40
6,953,545.861,1,41
6,954,558.173,1,42
6,955,569.882,1,43
6,956,581.39,1,44
6,957,592.435,1,45
6,958,605.601,1,46
6,959,619.371,1,47
6,961,631.29,1,48
6,962,642.351,1,49
6,963,654.984,1,50
6,964,666.317,1,51
6,965,714.595,1,55
6,966,744.272,1,57
6,967,757.651,1,58
6,968,770.747,1,59
6,969,794.012,1,61
6,970,807.373,1,62
6,971,846.803,1,65
6,972,863.124,1,66
6,973,878.326,1,67
6,974,926.212,1,71
6,975,1022.63,1,80
6,976,1181.86,1,93
6,977,1232.54,1,97
6,978,1249.24,1,98
6,979,1294.15,1,101
6,980,1525.59,1,121
6,981,1603.5,1,128
6,982,1969.86,1,159
6,983,2797.05,1,230
6,984,2808.73,1,231
6,985,3014.88,1,248
6,986,3385.47,1,279
6,987,4693.8,1,389
6,988,6649.37,1,558
6,989,10119.7,1,793
6,990,15250.6,1,1146
6,991,36541.1,1,3002
6,992,36631.8,1,3010
7,883,24.5255,1,1
7,887,61.5349,1,2
7,890,83.5628,1,3
7,893,102.798,1,4
7,896,125.942,1,5
7,899,161.552,1,6
7,902,184.585,1,7
7,905,206.526,1,8
7,908,229.654,1,9
7,911,253.113,1,10
7,914,275.639,1,11
7,917,295.437,1,12
7,920,325.407,1,13
7,923,363.462,1,14
7,925,384.142,1,15
7,927,400.744,1,16
7,929,417.795,1,17
7,931,434.516,1,18
7,933,450.893,1,19
7,935,464.602,1,20
7,937,475.835,1,21
7,939,493.866,1,22
7,941,517.425,1,23
7,943,539.518,1,24
7,944,557.945,1,25
7,945,573.867,1,26
7,947,594.112,1,27
7,948,611.464,1,28
7,949,634.353,1,29
7,950,649.79,1,30
7,951,668.46,1,31
7,952,695.422,1,32
7,953,716.736,1,33
7,954,742.086,1,34
7,955,759.618,1,35
7,956,777.59,1,36
7,957,792.773,1,37
7,958,811.403,1,38
7,959,832.89,1,39
7,960,852.151,1,40
7,961,876.868,1,41
7,962,903.345,1,42
7,963,921.549,1,43
7,964,942.128,1,44
7,965,993.678,1,48
7,966,1007.11,1,49
7,967,1054.72,1,53
7,968,1095.72,1,56
7,969,1121.31,1,58
7,970,1243,1,65
7,971,1367.17,1,71
7,972,1420.94,1,73
7,973,1517.91,1,79
7,974,1538.23,1,80
7,975,1557.45,1,81
7,976,1652.8,1,88
7,977,1665.2,1,89
7,978,1901.87,1,107
7,979,2266.39,1,138
7,980,2423.88,1,152
7,981,2457.61,1,155
7,982,2490.61,1,158
7,983,3378.36,1,239
7,984,3453.55,1,246
7,985,4835.82,1,372
7,986,5330.78,1,408
7,987,5620.63,1,427
7,988,11438.6,1,939
7,989,12053.8,1,993
7,990,14045.8,1,1173
7,991,17471.7,1,1476
7,992,45129.9,1,3853
7,993,87128.4,1,7615
8,886,14.381,1,1
8,889,30.1516,1,2
8,892,42.0954,1,3
8,895,54.2634,1,4
8,898,66.3857,1,5
8,901,78.6895,1,6
8,904,90.9582,1,7
8,906,103.189,1,8
8,908,115.528,1,9
8,910,127.639,1,10
8,912,139.799,1,11
8,914,151.691,1,12
8,916,165.253,1,13
8,918,179.264,1,14
8,920,192.079,1,15
8,922,204.649,1,16
8,924,216.874,1,17
8,926,228.662,1,18
8,928,240.698,1,19
8,930,252.764,1,20
8,933,264.568,1,21
8,935,276.268,1,22
8,936,288.404,1,23
8,937,300.764,1,24
8,938,312.852,1,25
8,939,325.016,1,26
8,940,337.115,1,27
8,941,349.253,1,28
8,942,362.932,1,29
8,943,375.092,1,30
8,945,387.926,1,31
8,946,400.375,1,32
8,947,412.296,1,33
8,949,424.514,1,34
8,950,436.7,1,35
8,951,448.131,1,36
8,952,459.883,1,37
8,953,472.073,1,38
8,954,484.27,1,39
8,955,496.077,1,40
8,956,508.262,1,41
8,957,520.773,1,42
8,958,532.942,1,43
8,960,544.864,1,44
8,961,556.964,1,45
8,962,571.089,1,46
8,963,592.707,1,47
8,964,609.908,1,48
8,965,623.035,1,49
8,966,638.478,1,50
8,967,654.325,1,51
8,968,667.13,1,52
8,969,679.835,1,53
8,970,693.738,1,54
8,971,706.737,1,55
8,972,756.938,1,59
8,973,803.077,1,62
8,974,815.751,1,63
8,975,875.973,1,68
8,976,912.113,1,71
8,977,925.019,1,72
8,978,976.438,1,76
8,979,993.036,1,77
8,980,1020.35,1,79
8,981,1222.84,1,93
8,982,1351.1,1,105
8,983,1768.87,1,142
8,984,1926.81,1,156
8,985,2005.38,1,163
8,986,2067.16,1,168
8,987,4316.12,1,369
8,988,4379.68,1,375
8,989,4499.78,1,386
8,990,17551.3,1,1500
8,991,18170.7,1,1555
8,992,18228.4,1,1560
9,881,15.0375,1,1
9,885,27.5589,1,2
9,889,40.1611,1,3
9,893,52.9856,1,4
9,896,65.5816,1,5
9,899,78.097,1,6
9,902,90.2555,1,7
9,905,102.59,1,8
9,908,115.025,1,9
9,910,126.853,1,10
9,912,139.313,1,11
9,914,151.317,1,12
9,917,163.486,1,13
9,919,176.86,1,14
9,921,191.07,1,15
9,923,202.73,1,16
9,925,214.864,1,17
9,927,226.875,1,18
9,929,239.292,1,19
9,931,251.739,1,20
9,933,263.866,1,21
9,934,275.842,1,22
9,935,288.081,1,23
9,936,300.385,1,24
9,938,312.416,1,25
9,939,323.858,1,26
9,940,336.182,1,27
9,942,350.113,1,28
9,944,361.765,1,29
9,945,373.287,1,30
9,946,386.049,1,31
9,948,400.468,1,32
9,949,414.016,1,33
9,950,426.162,1,34
9,951,438.711,1,35
9,952,450.998,1,36
9,953,462.295,1,37
9,954,473.815,1,38
9,955,486.195,1,39
9,956,498.31,1,40
9,957,510.175,1,41
9,958,522.49,1,42
9,959,534.908,1,43
9,960,547.406,1,44
9,961,559.414,1,45
9,962,571.678,1,46
9,963,585.901,1,47
9,964,599.636,1,48
9,965,612.005,1,49
9,966,623.942,1,50
9,967,667.29,1,54
9,968,710.229,1,58
9,969,722.263,1,59
9,970,804.697,1,66
9,971,856.242,1,70
9,972,900.71,1,74
9,973,954.552,1,79
9,974,1060.98,1,88
9,975,1074.75,1,89
9,976,1131.72,1,94
9,977,1153.87,1,96
9,978,1211.51,1,101
9,979,1396.03,1,118
9,980,1421.34,1,120
9,981,1518.79,1,129
9,982,1605.11,1,137
9,983,1656.73,1,141
9,984,1949.21,1,168
9,985,2106.6,1,182
9,986,2129.26,1,184
9,987,6057.15,1,537
9,988,6422.71,1,571
9,989,6617.16,1,589
9,990,6629.01,1,590
9,991,16662.5,1,1504
9,992,94013.3,1,8495
10,882,14.0317,1,1
10,885,26.673,1,2
10,888,37.9868,1,3
10,891,53.0729,1,4
10,895,65.1075,1,5
10,898,77.5277,1,6
10,901,89.5118,1,7
10,904,101.827,1,8
10,906,113.9,1,9
10,908,126.027,1,10
10,910,137.961,1,11
10,912,149.123,1,12
10,914,161.415,1,13
10,916,173.377,1,14
10,918,185.086,1,15
10,920,197.844,1,16
10,923,211.905,1,17
10,925,224.458,1,18
10,927,236.475,1,19
10,928,249.488,1,20
10,929,261.986,1,21
10,930,273.833,1,22
10,931,285.425,1,23
10,933,297.633,1,24
10,934,308.867,1,25
10,936,319.777,1,26
10,937,330.993,1,27
10,938,342.425,1,28
10,939,354.661,1,29
10,940,366.445,1,30
10,941,377.728,1,31
10,942,388.839,1,32
10,943,401.979,1,33
10,944,415.466,1,34
10,945,427.13,1,35
10,947,438.986,1,36
10,948,451.15,1,37
10,949,463.597,1,38
10,950,475.023,1,39
10,951,485.937,1,40
10,952,496.907,1,41
10,953,507.86,1,42
10,954,519.438,1,43
10,955,530.527,1,44
10,956,541.512,1,45
10,957,552.426,1,46
10,958,563.688,1,47
10,959,574.608,1,48
10,960,586.983,1,49
10,961,600.127,1,50
10,962,613.898,1,51
10,963,626.676,1,52
10,964,637.644,1,53
10,965,649.483,1,54
10,966,661.097,1,55
10,967,672.154,1,56
10,968,705.194,1,59
10,969,716.257,1,60
10,970,747.971,1,63
10,971,819.687,1,69
10,972,831.379,1,70
10,973,876.305,1,74
10,974,888.616,1,75
10,975,912.055,1,77
10,976,923.052,1,78
10,977,935.504,1,79
10,978,979.39,1,83
10,979,1026.26,1,87
10,980,1111.16,1,94
10,981,1185.05,1,101
10,982,1337.63,1,115
10,983,1371.17,1,118
10,984,1393.17,1,120
10,985,1482.75,1,128
10,986,1557.26,1,135
10,987,1579.38,1,137
10,988,1624.5,1,141
10,989,1899.69,1,167
10,990,9027.47,1,823
10,991,27338.6,1,2490
10,992,27350.9,1,2491
10,993,74479.9,1,6762
11,882,16.615,1,1
11,885,33.6796,1,2
11,888,48.0503,1,3
11,891,62.2068,1,4
11,894,74.6882,1,5
11,897,87.6572,1,6
11,900,100.858,1,7
11,902,113.839,1,8
11,904,130.848,1,9
11,906,145.952,1,10
11,908,159.258,1,11
11,910,173.442,1,12
11,912,186.695,1,13
11,914,201.275,1,14
11,916,218.458,1,15
11,918,234.912,1,16
11,920,250.442,1,17
11,922,264.897,1,18
11,924,278.665,1,19
11,925,291.617,1,20
11,926,304.029,1,21
11,927,316.543,1,22
11,928,332.075,1,23
11,929,351.074,1,24
11,931,365.902,1,25
11,933,380.933,1,26
11,935,394.567,1,27
11,936,407.263,1,28
11,937,419.699,1,29
11,938,432.572,1,30
11,939,445.569,1,31
11,940,458.043,1,32
11,941,471.408,1,33
11,942,488.864,1,34
11,943,505.249,1,35
11,944,520.573,1,36
11,945,536.426,1,37
11,946,552.293,1,38
11,947,567.631,1,39
11,948,583.63,1,40
11,949,598.533,1,41
11,950,612.612,1,42
11,951,626.733,1,43
11,952,639.45,1,44
11,953,652.442,1,45
11,954,666.617,1,46
11,955,682.148,1,47
11,956,695.832,1,48
11,957,757.31,1,53
11,958,795.191,1,56
11,959,808.09,1,57
11,960,820.365,1,58
11,961,832.665,1,59
11,962,856.457,1,61
11,963,903.34,1,65
11,964,940.887,1,68
11,965,955.837,1,69
11,966,1005.31,1,73
11,967,1052.45,1,76
11,968,1105.64,1,80
11,969,1145.73,1,83
11,970,1224.58,1,89
11,971,1277.16,1,93
11,972,1336.75,1,98
11,973,1361.68,1,100
11,974,1386.27,1,102
11,975,1433.83,1,106
11,976,1485.59,1,110
11,977,1497.58,1,111
11,978,1768.37,1,131
11,979,1911.61,1,144
11,980,2280.86,1,173
11,981,2502.24,1,192
11,982,2615.61,1,201
11,983,2644.11,1,203
11,984,2811,1,216
11,985,2886.34,1,222
11,986,2957.16,1,228
11,987,3112.4,1,240
11,988,7324.81,1,591
11,989,9351.05,1,762
11,990,9413.95,1,767
11,991,15174.6,1,1245
11,992,118189,1,10624
12,858,15.0127,1,1
12,861,29.3913,1,2
12,864,42.5968,1,3
12,867,56.9612,1,4
12,870,70.3546,1,5
12,873,82.5798,1,6
12,876,96.0316,1,7
12,879,108.751,1,8
12,882,121.607,1,9
12,885,134.218,1,10
12,888,146.366,1,11
12,891,158.916,1,12
12,894,171.362,1,13
12,897,183.64,1,14
12,900,195.295,1,15
12,902,207.314,1,16
12,904,220.012,1,17
12,906,232.154,1,18
12,908,245.115,1,19
12,910,257.661,1,20
12,912,270.963,1,21
12,914,283.259,1,22
12,916,296.391,1,23
12,918,308.922,1,24
12,920,321.435,1,25
12,922,333.472,1,26
12,924,345.587,1,27
12,926,357.838,1,28
12,928,370.1,1,29
12,930,382.093,1,30
12,932,393.854,1,31
12,934,406.061,1,32
12,936,418.225,1,33
12,938,430.467,1,34
12,939,441.772,1,35
12,940,455.773,1,36
12,941,470.046,1,37
12,942,482.281,1,38
12,943,494.122,1,39
12,945,506.154,1,40
12,946,518.322,1,41
12,947,530.462,1,42
12,948,542.672,1,43
12,949,554.795,1,44
12,951,566.108,1,45
12,952,577.742,1,46
12,953,590.195,1,47
12,954,602.65,1,48
12,955,613.511,1,49
12,956,624.748,1,50
12,957,636.288,1,51
12,958,647.15,1,52
12,959,659.995,1,53
12,960,673.946,1,54
12,961,686.347,1,55
12,962,697.583,1,56
12,963,710.118,1,57
12,964,753.521,1,61
12,965,776.629,1,63
12,966,808.332,1,66
12,967,829.745,1,68
12,968,851.238,1,70
12,969,984.418,1,82
12,970,1040.92,1,87
12,971,1108.84,1,93
12,972,1172.71,1,99
12,973,1237.72,1,105
12,974,1287.53,1,109
12,975,1299.3,1,110
12,976,1424.94,1,122
12,977,1524.79,1,131
12,978,1598.87,1,138
12,979,1689.97,1,146
12,980,1754.86,1,152
12,981,2095.2,1,183
12,982,2256,1,198
12,983,2348.31,1,206
12,984,2371.14,1,208
12,985,2450.1,1,215
12,986,2548.91,1,224
12,987,2676.85,1,236
12,988,2690.61,1,237
12,989,7182.6,1,652
12,990,8854.94,1,805
12,991,45663.9,1,4209
12,992,45796.9,1,4219
12,993,60549.3,1,5559
13,880,12.6919,1,1
13,883,27.9208,1,2
13,886,40.3032,1,3
13,889,53.0132,1,4
13,892,65.2184,1,5
13,895,77.0986,1,6
13,898,88.9714,1,7
13,901,101.152,1,8
13,904,113.419,1,9
13,906,126.026,1,10
13,909,138.225,1,11
13,911,150.252,1,12
13,913,162.242,1,13
13,915,174.436,1,14
13,917,186.877,1,15
13,919,198.997,1,16
13,922,212.784,1,17
13,924,227.306,1,18
13,927,239.769,1,19
13,929,252.405,1,20
13,931,264.578,1,21
13,933,276.159,1,22
13,935,288.549,1,23
13,938,301.116,1,24
13,940,313.321,1,25
13,941,325.584,1,26
13,942,337.447,1,27
13,944,349.624,1,28
13,945,361.63,1,29
13,946,373.912,1,30
13,947,386.088,1,31
13,948,398.351,1,32
13,950,412.911,1,33
13,951,427.244,1,34
13,952,440.518,1,35
13,953,452.102,1,36
13,954,464.302,1,37
13,955,475.785,1,38
13,956,487.097,1,39
13,957,497.93,1,40
13,958,508.986,1,41
13,959,520.071,1,42
13,960,530.95,1,43
13,961,541.946,1,44
13,962,553.008,1,45
13,963,563.88,1,46
13,964,574.844,1,47
13,965,586.862,1,48
13,966,698.751,1,58
13,967,840.564,1,71
13,968,862.084,1,73
13,969,873.06,1,74
13,970,885.314,1,75
13,971,907.331,1,77
13,972,1019.5,1,87
13,973,1059.61,1,90
13,974,1344.59,1,116
13,975,1355.6,1,117
13,976,1367.61,1,118
13,977,1389.87,1,120
13,978,1465.54,1,126
13,979,1616.18,1,140
13,980,1639.47,1,142
13,981,1652.94,1,143
13,982,1716.64,1,149
13,983,1728.9,1,150
13,984,1863.93,1,162
13,985,2111.23,1,184
13,986,2123.49,1,185
13,987,2135.36,1,186
13,988,2328.91,1,204
13,989,3972.47,1,357
13,990,12328.3,1,1129
13,991,140589,1,13029
14,879,15.0794,1,1
14,882,27.7945,1,2
14,886,39.5496,1,3
14,889,51.6395,1,4
14,892,63.1317,1,5
14,895,75.2973,1,6
14,898,87.4302,1,7
14,901,99.5493,1,8
14,904,113.442,1,9
14,906,125.321,1,10
14,908,138.258,1,11
14,910,150.702,1,12
14,913,163.226,1,13
14,915,175.078,1,14
14,917,187.422,1,15
14,919,199.459,1,16
14,922,211.801,1,17
14,924,224.193,1,18
14,926,235.129,1,19
14,928,247.49,1,20
14,930,259.036,1,21
14,932,271.014,1,22
14,934,282.906,1,23
14,936,293.911,1,24
14,938,304.949,1,25
14,940,318.033,1,26
14,941,332.314,1,27
14,942,346.075,1,28
14,943,358.344,1,29
14,945,369.257,1,30
14,946,380.721,1,31
14,948,391.811,1,32
14,949,402.759,1,33
14,950,413.563,1,34
14,951,424.809,1,35
14,952,435.656,1,36
14,953,446.662,1,37
14,954,457.717,1,38
14,955,468.649,1,39
14,956,479.598,1,40
14,957,490.648,1,41
14,958,501.495,1,42
14,959,512.417,1,43
14,960,527.427,1,44
14,961,541.833,1,45
14,962,553.803,1,46
14,963,565.505,1,47
14,964,609.424,1,51
14,965,642.177,1,54
14,966,653.116,1,55
14,967,684.503,1,58
14,968,776.936,1,66
14,969,829.484,1,71
14,970,863.55,1,74
14,971,875.706,1,75
14,972,897.971,1,77
14,973,910.072,1,78
14,974,959.454,1,82
14,975,1060.09,1,91
14,976,1081.52,1,93
14,977,1135.66,1,98
14,978,1182.79,1,102
14,979,1256.99,1,109
14,980,1379.25,1,120
14,981,1515.38,1,133
14,982,1860.38,1,165
14,983,2164.16,1,193
14,984,2514.5,1,226
14,985,3056.16,1,276
14,986,3620.28,1,328
14,987,3709.38,1,336
14,988,7849.77,1,721
14,989,10564.8,1,971
14,990,11584.8,1,1064
14,991,24456.7,1,2244
14,992,81004.5,1,7449
14,993,107814,1,9948
15,868,12.0543,1,1
15,872,24.4888,1,2
15,875,37.718,1,3
15,878,49.882,1,4
15,881,62.1077,1,5
15,884,74.3207,1,6
15,887,86.8701,1,7
15,890,98.9382,1,8
15,893,110.887,1,9
15,896,122.032,1,10
15,898,133.001,1,11
15,901,146.036,1,12
15,904,158.788,1,13
15,906,171.012,1,14
15,908,183.067,1,15
15,910,196.1,1,16
15,912,207.448,1,17
15,914,218.366,1,18
15,916,229.568,1,19
15,918,240.78,1,20
15,920,251.673,1,21
15,922,262.763,1,22
15,924,273.9,1,23
15,926,285.51,1,24
15,928,297.802,1,25
15,930,308.9,1,26
15,932,319.991,1,27
15,933,330.909,1,28
15,934,342.088,1,29
15,935,355.753,1,30
15,937,370.52,1,31
15,938,381.563,1,32
15,940,392.857,1,33
15,941,403.935,1,34
15,942,414.789,1,35
15,943,425.928,1,36
15,944,437.165,1,37
15,946,448.017,1,38
15,947,459.107,1,39
15,948,470.193,1,40
15,949,480.965,1,41
15,951,492.011,1,42
15,952,503.2,1,43
15,953,514.002,1,44
15,954,526.246,1,45
15,955,538.563,1,46
15,956,552.316,1,47
15,957,566.169,1,48
15,958,578.747,1,49
15,959,591.182,1,50
15,960,603.677,1,51
15,961,615.773,1,52
15,962,627.921,1,53
15,963,640.104,1,54
15,964,652.301,1,55
15,965,735.511,1,63
15,966,746.297,1,64
15,967,771.357,1,66
15,968,803.274,1,69
15,969,848.086,1,73
15,970,998.794,1,87
15,971,1032.14,1,90
15,972,1044.24,1,91
15,973,1099.55,1,96
15,974,1121.88,1,98
15,975,1274.76,1,111
15,976,1416.81,1,124
15,977,1511.78,1,133
15,978,1523.8,1,134
15,979,1735.76,1,154
15,980,1936.26,1,173
15,981,1958.49,1,175
15,982,2135.15,1,191
15,983,2214.37,1,198
15,984,2796.27,1,253
15,985,3982.19,1,364
15,986,4052.98,1,370
15,987,10390.2,1,962
15,988,11260.1,1,1043
15,989,38464.6,1,3560
15,990,52979,1,4904
15,991,53012.9,1,4907
15,992,84505.7,1,7799
16,872,10.9526,1,1
16,876,25.9648,1,2
16,880,39.5287,1,3
16,884,68.0737,1,4
16,887,83.2967,1,5
16,890,96.2823,1,6
16,893,109.744,1,7
16,896,122.411,1,8
16,899,134.511,1,9
16,901,147.37,1,10
16,903,161.336,1,11
16,905,173.332,1,12
16,907,185.904,1,13
16,910,198.664,1,14
16,913,210.943,1,15
16,915,222.924,1,16
16,918,234.558,1,17
16,920,246.551,1,18
16,922,258.751,1,19
16,924,270.878,1,20
16,926,282.799,1,21
16,928,297.429,1,22
16,930,312.091,1,23
16,932,325.316,1,24
16,933,338.846,1,25
16,934,351.275,1,26
16,935,363.317,1,27
16,936,375.212,1,28
16,937,387.786,1,29
16,939,404.253,1,30
16,941,420.376,1,31
16,943,434.601,1,32
16,945,448.498,1,33
16,946,461.822,1,34
16,947,474.541,1,35
16,948,486.458,1,36
16,949,501.278,1,37
16,950,515.612,1,38
16,951,527.953,1,39
16,953,541.537,1,40
16,954,553.776,1,41
16,955,565.71,1,42
16,956,577.758,1,43
16,957,590.085,1,44
16,958,602.014,1,45
16,959,613.188,1,46
16,960,624.068,1,47
16,961,635.467,1,48
16,962,646.572,1,49
16,963,658.71,1,50
16,964,671.186,1,51
16,965,760.029,1,58
16,966,774.353,1,59
16,967,787.543,1,60
16,968,801.849,1,61
16,969,846.993,1,64
16,970,906.485,1,69
16,971,920.775,1,70
16,972,943.85,1,72
16,973,1046.22,1,81
16,974,1180.4,1,92
16,975,1297.4,1,103
16,976,1356.05,1,108
16,977,1367.75,1,109
16,978,1378.59,1,110
16,979,1438.7,1,115
16,980,1494.61,1,119
16,981,2005.37,1,164
16,982,2268.01,1,186
16,983,2993.36,1,250
16,984,3261.25,1,273
16,985,3594.94,1,303
16,986,4103.59,1,337
16,987,4756.24,1,394
16,988,5072.47,1,421
16,989,7307.69,1,616
16,990,7430.01,1,623
16,991,20347.2,1,1796
16,992,40013.7,1,3595
17,878,12.6244,1,1
17,882,28.4009,1,2
17,886,43.4727,1,3
17,889,56.5732,1,4
17,892,80.8666,1,5
17,895,92.9884,1,6
17,898,105.203,1,7
17,901,117.268,1,8
17,904,129.462,1,9
17,906,141.425,1,10
17,908,153.017,1,11
17,910,165.303,1,12
17,912,177.4,1,13
17,914,189.6,1,14
17,916,201.614,1,15
17,918,216.596,1,16
17,920,228.701,1,17
17,922,243.078,1,18
17,924,259.943,1,19
17,926,273.409,1,20
17,928,286.832,1,21
17,930,298.525,1,22
17,931,309.502,1,23
17,932,320.312,1,24
17,934,331.437,1,25
17,935,342.331,1,26
17,937,353.148,1,27
17,938,365.208,1,28
17,939,376.809,1,29
17,940,389.096,1,30
17,942,401.049,1,31
17,943,412.956,1,32
17,944,425.141,1,33
17,945,437.558,1,34
17,946,448.797,1,35
17,947,462.019,1,36
17,948,473.979,1,37
17,949,486.146,1,38
17,950,498.46,1,39
17,951,510.335,1,40
17,952,521.835,1,41
17,954,532.661,1,42
17,955,543.681,1,43
17,956,554.591,1,44
17,957,565.568,1,45
17,958,577.967,1,46
17,959,590.255,1,47
17,960,602.06,1,48
17,961,614.093,1,49
17,962,626.033,1,50
17,963,638.184,1,51
17,964,651.826,1,52
17,965,666.186,1,53
17,966,711.952,1,57
17,967,724.359,1,58
17,968,735.246,1,59
17,969,757.758,1,61
17,970,867.797,1,71
17,971,1120.16,1,93
17,972,1152.93,1,95
17,973,1211.83,1,100
17,974,1245.39,1,103
17,975,1257.73,1,104
17,976,1306.55,1,108
17,977,1342.93,1,111
17,978,1365.55,1,113
17,979,1522.37,1,127
17,980,1696.52,1,143
17,981,1800.67,1,150
17,982,1974.21,1,166
17,983,1997.89,1,168
17,984,2236.1,1,189
17,985,2736.31,1,235
17,986,5832.81,1,518
17,987,10113,1,908
17,988,11222.9,1,1005
17,989,29828.6,1,2681
17,990,31333.9,1,2822
17,991,36109.6,1,3265
17,992,36359.1,1,3287
18,892,12.4815,1,1
18,895,24.7454,1,2
18,898,37.6319,1,3
18,901,49.7549,1,4
18,904,63.0077,1,5
18,907,74.9034,1,6
18,910,88.5296,1,7
18,912,99.8252,1,8
18,914,112.33,1,9
18,916,124.497,1,10
18,918,137.852,1,11
18,920,149.024,1,12
18,922,159.793,1,13
18,924,170.716,1,14
18,926,183.032,1,15
18,928,194.076,1,16
18,930,204.87,1,17
18,931,216.28,1,18
18,932,227.396,1,19
18,933,239.504,1,20
18,934,250.884,1,21
18,935,261.778,1,22
18,936,272.719,1,23
18,937,283.59,1,24
18,938,296.428,1,25
18,939,311.101,1,26
18,940,322.22,1,27
18,941,332.98,1,28
18,943,344.007,1,29
18,944,355.988,1,30
18,945,368.102,1,31
18,946,379.991,1,32
18,947,392.566,1,33
18,948,404.881,1,34
18,950,416.76,1,35
18,951,428.948,1,36
18,952,440.989,1,37
18,954,453.059,1,38
18,955,464.94,1,39
18,956,476.27,1,40
18,957,488.366,1,41
18,958,501.837,1,42
18,959,514.514,1,43
18,960,526.784,1,44
18,961,538.854,1,45
18,962,550.952,1,46
18,963,562.895,1,47
18,964,574.766,1,48
18,965,627.564,1,53
18,966,639.646,1,54
18,967,692.656,1,59
18,968,728.693,1,62
18,969,751.299,1,64
18,970,763.371,1,65
18,971,785.493,1,67
18,972,859.364,1,74
18,973,881.571,1,76
18,974,893.601,1,77
18,975,943.087,1,81
18,976,1076.22,1,92
18,977,1139.61,1,96
18,978,1188.02,1,100
18,979,1211.72,1,102
18,980,1234.31,1,104
18,981,1298.48,1,110
18,982,1390.16,1,118
18,983,1520.3,1,130
18,984,1556.15,1,133
18,985,1634.18,1,140
18,986,1836.27,1,159
18,987,3227.54,1,286
18,988,4789.37,1,430
18,989,11344.9,1,1033
18,990,11398.2,1,1036
18,991,11549.7,1,1050
18,992,96372.2,1,8386
18,993,96402.1,1,8387
19,887,11.8763,1,1
19,890,24.0495,1,2
19,893,36.8929,1,3
19,896,51.6782,1,4
19,899,80.3195,1,5
19,902,92.6177,1,6
19,904,104.778,1,7
19,906,120.817,1,8
19,908,133.243,1,9
19,910,148.363,1,10
19,912,164.732,1,11
19,914,178.679,1,12
19,916,190.048,1,13
19,918,200.898,1,14
19,920,212.229,1,15
19,922,223.316,1,16
19,924,234.185,1,17
19,926,244.956,1,18
19,928,256.063,1,19
19,930,267.263,1,20
19,932,279.415,1,21
19,934,290.469,1,22
19,936,301.973,1,23
19,937,314.226,1,24
19,938,325.062,1,25
19,940,335.844,1,26
19,941,346.827,1,27
19,942,357.593,1,28
19,943,370.674,1,29
19,944,384.377,1,30
19,945,395.651,1,31
19,947,406.739,1,32
19,949,417.613,1,33
19,951,428.843,1,34
19,953,439.865,1,35
19,955,451.837,1,36
19,956,464.322,1,37
19,957,476.234,1,38
19,958,487.677,1,39
19,959,500.819,1,40
19,960,513.045,1,41
19,961,526.071,1,42
19,962,542.839,1,43
19,963,555.828,1,44
19,964,568.05,1,45
19,965,586.958,1,46
19,966,601.012,1,47
19,967,612.361,1,48
19,968,623.603,1,49
19,969,634.897,1,50
19,970,645.708,1,51
19,971,677.456,1,54
19,972,689.298,1,55
19,973,701.673,1,56
19,974,835.093,1,66
19,975,876.08,1,69
19,976,920.792,1,73
19,977,935.047,1,74
19,978,972.059,1,77
19,979,1211.9,1,98
19,980,1245.82,1,101
19,981,1373.68,1,112
19,982,1385.34,1,113
19,983,1452.23,1,118
19,984,1596.34,1,131
19,985,2118.83,1,174
19,986,2179.37,1,179
19,987,4018.21,1,338
19,988,5507.06,1,464
19,989,12476.3,1,1046
19,990,29003.4,1,2475
19,991,32514.2,1,2781
19,992,59109.3,1,5078
19,993,66260.3,1,5740
20,870,11.8996,1,1
20,873,33.845,1,2
20,876,46.0213,1,3
20,879,58.1412,1,4
20,882,70.0771,1,5
20,885,83.7096,1,6
20,888,99.7266,1,7
20,891,111.839,1,8
20,894,128.311,1,9
20,897,142.06,1,10
20,900,154.58,1,11
20,903,166.965,1,12
20,906,179.027,1,13
20,908,190.611,1,14
20,910,203.472,1,15
20,912,215.496,1,16
20,914,226.297,1,17
20,916,238.4,1,18
20,918,249.923,1,19
20,920,260.765,1,20
20,922,271.545,1,21
20,925,282.714,1,22
20,927,293.588,1,23
20,929,304.515,1,24
20,931,315.581,1,25
20,933,327.978,1,26
20,935,340.852,1,27
20,937,353.254,1,28
20,939,365.447,1,29
20,941,376.874,1,30
20,942,388.292,1,31
20,943,400.464,1,32
20,944,411.453,1,33
20,945,423.425,1,34
20,946,435.769,1,35
20,947,447.881,1,36
20,948,459.811,1,37
20,950,471.403,1,38
20,951,483.737,1,39
20,952,496.033,1,40
20,953,508.04,1,41
20,954,520.074,1,42
20,955,534.179,1,43
20,956,547.631,1,44
20,957,559.593,1,45
20,958,570.431,1,46
20,959,581.125,1,47
20,960,592.361,1,48
20,961,603.501,1,49
20,962,615.638,1,50
20,963,627.938,1,51
20,964,639.333,1,52
20,965,651.474,1,53
20,966,663.353,1,54
20,967,674.892,1,55
20,968,686.954,1,56
20,969,733.052,1,60
20,970,793.417,1,65
20,971,876.338,1,72
20,972,977.205,1,81
20,973,1013.07,1,84
20,974,1024.45,1,85
20,975,1037.28,1,86
20,976,1182.29,1,97
20,977,1302.13,1,107
20,978,1313.9,1,108
20,979,1401.36,1,116
20,980,1598.13,1,134
20,981,1647.25,1,137
20,982,1734.22,1,145
20,983,1920.34,1,162
20,984,1943.79,1,164
20,985,1967.56,1,166
20,986,1997.11,1,168
20,987,2010.59,1,169
20,988,2731.37,1,237
20,989,4366.49,1,388
20,990,4896.6,1,437
20,991,10789.9,1,984
20,992,11956.8,1,1091
20,993,52376,1,4833
