16,1053,14.7691,1,1
16,1057,37.0334,1,2
16,1061,75.595,1,3
16,1064,93.3942,1,4
16,1067,109.035,1,5
16,1070,124.067,1,6
16,1073,138.157,1,7
16,1076,154.947,1,8
16,1079,170.481,1,9
16,1081,185.319,1,10
16,1083,201.623,1,11
16,1085,216.277,1,12
16,1087,235.774,1,13
16,1089,257.058,1,14
16,1091,275.069,1,15
16,1093,293.115,1,16
16,1095,308.211,1,17
16,1097,322.391,1,18
16,1099,337.643,1,19
16,1101,351.383,1,20
16,1103,364.927,1,21
16,1105,378.335,1,22
16,1107,393.038,1,23
16,1109,407.635,1,24
16,1111,421.812,1,25
16,1113,438.992,1,26
16,1115,457.529,1,27
16,1117,473.597,1,28
16,1119,491.276,1,29
16,1120,505.834,1,30
16,1122,519.424,1,31
16,1123,534.974,1,32
16,1125,552.649,1,33
16,1127,569.959,1,34
16,1129,586.117,1,35
16,1131,601.83,1,36
16,1133,617.285,1,37
16,1134,631.61,1,38
16,1136,648.438,1,39
16,1137,666.92,1,40
16,1138,685.57,1,41
16,1139,702.301,1,42
16,1140,717.861,1,43
16,1141,732.552,1,44
16,1143,747.186,1,45
16,1144,761.702,1,46
16,1145,776.355,1,47
16,1146,790.28,1,48
16,1147,803.684,1,49
16,1148,817.417,1,50
16,1149,833.799,1,51
16,1150,852.561,1,52
16,1151,936.494,1,58
16,1152,962.378,1,60
16,1153,990.171,1,62
16,1154,1180.74,1,73
16,1155,1230.08,1,76
16,1156,1299.62,1,80
16,1157,1328.43,1,82
16,1158,1355.77,1,84
16,1159,1541.09,1,97
16,1160,1569.02,1,99
16,1161,1597.28,1,101
16,1162,1678.37,1,107
16,1163,1761.4,1,113
16,1164,1825.43,1,117
16,1165,1853.26,1,119
16,1166,1913.42,1,123
16,1167,1928.82,1,124
16,1168,1981.87,1,128
16,1169,2027.37,1,131
16,1170,2057.83,1,133
16,1171,2072.16,1,134
16,1172,2246.79,1,145
16,1173,2277.1,1,147
16,1174,2295.5,1,148
16,1175,2317.62,1,149
16,1176,2338.29,1,150
16,1177,2462.61,1,159
16,1178,2596.24,1,169
16,1179,2674.65,1,175
16,1180,2851.93,1,188
16,1181,2908.42,1,192
16,1182,2999.83,1,199
16,1183,3441.58,1,230
16,1184,3529.19,1,236
16,1185,3571.85,1,239
16,1186,6033.48,1,409
16,1187,8892.91,1,615
16,1188,10759.8,1,754
16,1189,33768.3,1,2472
16,1190,39605.2,1,2913
16,1191,148974,1,11156
17,1070,14.2737,1,1
17,1074,29.4944,1,2
17,1077,43.9109,1,3
17,1080,64.9507,1,4
17,1083,81.4157,1,5
17,1086,95.5769,1,6
17,1089,111.475,1,7
17,1092,129.151,1,8
17,1095,144.286,1,9
17,1098,159.228,1,10
17,1100,174.963,1,11
17,1102,189.422,1,12
17,1104,204.589,1,13
17,1106,219.179,1,14
17,1108,232.338,1,15
17,1110,245.725,1,16
17,1112,260.142,1,17
17,1114,276.939,1,18
17,1116,296.988,1,19
17,1118,312.545,1,20
17,1120,327.978,1,21
17,1122,343.136,1,22
17,1124,358.029,1,23
17,1125,372.772,1,24
17,1127,387.621,1,25
17,1129,401.953,1,26
17,1130,416.068,1,27
17,1131,430.252,1,28
17,1133,444.651,1,29
17,1134,458.927,1,30
17,1135,474.888,1,31
17,1136,491.75,1,32
17,1137,506.306,1,33
17,1139,520.778,1,34
17,1140,535.127,1,35
17,1142,549.51,1,36
17,1144,563.934,1,37
17,1145,578.334,1,38
17,1146,594.192,1,39
17,1147,608.709,1,40
17,1148,623.056,1,41
17,1149,637.337,1,42
17,1150,655.18,1,43
17,1151,669.865,1,44
17,1152,685.653,1,45
17,1153,701.728,1,46
17,1154,716.538,1,47
17,1155,730.873,1,48
17,1156,745.316,1,49
17,1157,759.774,1,50
17,1158,800.089,1,53
17,1160,852.222,1,57
17,1161,881.547,1,59
17,1162,897.481,1,60
17,1163,937.794,1,63
17,1164,1050.54,1,71
17,1165,1096.55,1,74
17,1166,1110.05,1,75
17,1167,1224.19,1,84
17,1168,1304.26,1,90
17,1169,1343.09,1,93
17,1170,1369.04,1,95
17,1171,1382.06,1,96
17,1172,1408.86,1,98
17,1173,1485.71,1,104
17,1174,1516.15,1,106
17,1175,1578.77,1,111
17,1176,1704.87,1,120
17,1177,1732,1,122
17,1178,1811.23,1,128
17,1179,1863.5,1,132
17,1180,2000.53,1,142
17,1181,2693.83,1,193
17,1182,3255.73,1,234
17,1183,3324.12,1,239
17,1184,3345.31,1,240
17,1185,3451.25,1,248
17,1186,3704.38,1,267
17,1187,3752.73,1,270
17,1188,27644.9,1,2069
17,1189,27964.4,1,2091
17,1190,47705.5,1,3590
17,1191,77378.7,1,5800
18,1051,20.6016,1,1
18,1054,42.2052,1,2
18,1057,59.3381,1,3
18,1060,74.6985,1,4
18,1063,89.8659,1,5
18,1066,104.234,1,6
18,1069,119.845,1,7
18,1071,135.102,1,8
18,1073,150.085,1,9
18,1075,164.723,1,10
18,1077,179.69,1,11
18,1079,193.928,1,12
18,1081,209.192,1,13
18,1083,225.981,1,14
18,1085,243.203,1,15
18,1087,261.174,1,16
18,1089,276.843,1,17
18,1091,295.555,1,18
18,1093,310.826,1,19
18,1095,325.46,1,20
18,1097,339.88,1,21
18,1099,354.436,1,22
18,1101,368.574,1,23
18,1103,385.729,1,24
18,1105,401.315,1,25
18,1107,416.553,1,26
18,1109,433.553,1,27
18,1111,450.456,1,28
18,1113,465.467,1,29
18,1115,479.671,1,30
18,1116,494.908,1,31
18,1117,510.513,1,32
18,1118,525.991,1,33
18,1119,541.472,1,34
18,1120,556.703,1,35
18,1121,572.188,1,36
18,1123,589.436,1,37
18,1124,604.038,1,38
18,1126,619.657,1,39
18,1127,633.759,1,40
18,1128,650.688,1,41
18,1130,667.725,1,42
18,1131,683.038,1,43
18,1132,698.283,1,44
18,1133,713.607,1,45
18,1134,728.479,1,46
18,1135,743.007,1,47
18,1136,757.513,1,48
18,1137,771.998,1,49
18,1138,786.962,1,50
18,1139,801.561,1,51
18,1140,816.064,1,52
18,1141,830.534,1,53
18,1142,844.436,1,54
18,1143,859.714,1,55
18,1144,875.935,1,56
18,1145,893.096,1,57
18,1146,908.225,1,58
18,1147,922.758,1,59
18,1148,937.312,1,60
18,1149,951.927,1,61
18,1150,966.367,1,62
18,1151,980.77,1,63
18,1152,994.653,1,64
18,1153,1009.88,1,65
18,1154,1027.27,1,66
18,1155,1042.23,1,67
18,1156,1057.13,1,68
18,1157,1104.17,1,71
18,1158,1118.78,1,72
18,1159,1170.48,1,76
18,1160,1184.87,1,77
18,1161,1198,1,78
18,1162,1288.55,1,85
18,1163,1341.95,1,89
18,1164,1381.37,1,92
18,1165,1409.32,1,94
18,1166,1423.74,1,95
18,1167,1520.48,1,102
18,1168,1573.84,1,106
18,1169,1587.13,1,107
18,1170,1601.78,1,108
18,1171,1744.58,1,118
18,1172,1924.51,1,130
18,1173,1939.09,1,131
18,1174,2172.11,1,147
18,1175,2236.57,1,152
18,1176,2262.94,1,154
18,1177,2315.16,1,158
18,1178,2343.07,1,160
18,1179,2434.71,1,167
18,1180,2486.36,1,171
18,1181,2500.95,1,172
18,1182,2517.21,1,173
18,1183,4595.37,1,326
18,1184,5251.49,1,375
18,1185,5327.59,1,381
18,1186,5423.35,1,388
18,1187,8515.61,1,614
18,1188,25105.5,1,1867
18,1189,54517.9,1,4127
18,1190,124248,1,9498
18,1191,143150,1,10953
19,1062,17.8344,1,1
19,1066,46.7859,1,2
19,1070,64.0428,1,3
19,1073,82.8751,1,4
19,1076,97.5921,1,5
19,1079,111.865,1,6
19,1082,126.707,1,7
19,1085,142.17,1,8
19,1087,155.815,1,9
19,1089,172.508,1,10
19,1091,186.792,1,11
19,1093,201.316,1,12
19,1095,215.397,1,13
19,1097,229.835,1,14
19,1099,244.17,1,15
19,1101,260.067,1,16
19,1103,274.439,1,17
19,1106,288.76,1,18
19,1108,302.993,1,19
19,1110,317.299,1,20
19,1112,331.798,1,21
19,1114,346.399,1,22
19,1116,360.723,1,23
19,1118,376.326,1,24
19,1120,390.372,1,25
19,1122,405.176,1,26
19,1123,419.747,1,27
19,1125,434.313,1,28
19,1126,448.672,1,29
19,1127,462.94,1,30
19,1129,477.295,1,31
19,1130,491.469,1,32
19,1131,505.81,1,33
19,1132,520.016,1,34
19,1133,534.544,1,35
19,1134,548.559,1,36
19,1135,563.165,1,37
19,1136,579.72,1,38
19,1137,594.061,1,39
19,1138,608.289,1,40
19,1139,622.629,1,41
19,1140,637.355,1,42
19,1141,651.657,1,43
19,1142,666.02,1,44
19,1143,680.318,1,45
19,1144,695.071,1,46
19,1145,712.084,1,47
19,1146,726.011,1,48
19,1147,740.611,1,49
19,1148,756.559,1,50
19,1149,772.777,1,51
19,1150,786.445,1,52
19,1151,801.383,1,53
19,1152,815.663,1,54
19,1153,829.771,1,55
19,1154,883.704,1,59
19,1155,898.199,1,60
19,1156,912.409,1,61
19,1157,966.468,1,65
19,1158,983.541,1,66
19,1159,1025.67,1,69
19,1160,1137.52,1,77
19,1161,1193.91,1,81
19,1162,1247.41,1,85
19,1163,1388.54,1,96
19,1164,1461.96,1,101
19,1165,1476.07,1,102
19,1166,1490.4,1,103
19,1167,1504.63,1,104
19,1168,1597.48,1,111
19,1169,1749.03,1,122
19,1170,1930.67,1,132
19,1171,2002.07,1,134
19,1172,2017.56,1,135
19,1173,2102.71,1,140
19,1174,2142.11,1,143
19,1175,2468.35,1,168
19,1176,2605.67,1,178
19,1177,2940.17,1,203
19,1178,2979.17,1,205
19,1179,3274.75,1,227
19,1180,3465.73,1,241
19,1181,3784.5,1,265
19,1182,3807.09,1,266
19,1183,4307.89,1,303
19,1184,8512.74,1,623
19,1185,10218.9,1,752
19,1186,20357,1,1528
19,1187,20396.1,1,1530
19,1188,52044.3,1,3969
19,1189,52242.3,1,3983
19,1190,132044,1,10106
19,1191,135033,1,10338
20,1055,15.6245,1,1
20,1059,33.8935,1,2
20,1062,48.6618,1,3
20,1065,62.7188,1,4
20,1068,76.5487,1,5
20,1071,91.0356,1,6
20,1074,105.543,1,7
20,1077,120.463,1,8
20,1080,136.296,1,9
20,1083,151.867,1,10
20,1085,166.418,1,11
20,1087,180.867,1,12
20,1089,195.778,1,13
20,1091,210.498,1,14
20,1093,224.809,1,15
20,1095,239.317,1,16
20,1097,256.584,1,17
20,1099,270.675,1,18
20,1101,285.173,1,19
20,1103,299.473,1,20
20,1105,313.814,1,21
20,1107,328.148,1,22
20,1109,344.015,1,23
20,1111,358.739,1,24
20,1113,374.303,1,25
20,1115,388.65,1,26
20,1116,402.943,1,27
20,1118,416.604,1,28
20,1119,430.73,1,29
20,1120,445.304,1,30
20,1121,459.698,1,31
20,1122,474.318,1,32
20,1123,488.797,1,33
20,1124,502.986,1,34
20,1125,516.884,1,35
20,1126,531.347,1,36
20,1127,547.142,1,37
20,1129,566.876,1,38
20,1130,581.735,1,39
20,1131,595.63,1,40
20,1132,608.888,1,41
20,1134,622.165,1,42
20,1135,635.228,1,43
20,1136,648.313,1,44
20,1137,661.577,1,45
20,1138,674.824,1,46
20,1139,688.095,1,47
20,1140,701.113,1,48
20,1141,714.274,1,49
20,1142,727.407,1,50
20,1143,742.002,1,51
20,1144,760.557,1,52
20,1145,778.546,1,53
20,1146,793.387,1,54
20,1147,807.039,1,55
20,1149,820.03,1,56
20,1150,833.212,1,57
20,1152,846.763,1,58
20,1153,860.012,1,59
20,1154,873.159,1,60
20,1155,886.361,1,61
20,1156,900.711,1,62
20,1157,913.811,1,63
20,1158,926.958,1,64
20,1159,968.131,1,67
20,1160,984.097,1,68
20,1161,1011.4,1,70
20,1162,1066.48,1,74
20,1163,1147.36,1,80
20,1164,1203.16,1,84
20,1165,1217.35,1,85
20,1166,1267.94,1,89
20,1167,1307.36,1,92
20,1168,1514.55,1,108
20,1169,1568.77,1,112
20,1170,1581.91,1,113
20,1171,1598.07,1,114
20,1172,1614.76,1,115
20,1173,2145.24,1,155
20,1174,2184.62,1,158
20,1175,2457.61,1,179
20,1176,2606.02,1,190
20,1177,2634.93,1,192
20,1178,2736.18,1,200
20,1179,3032.09,1,222
20,1180,3170.23,1,232
20,1181,4316.51,1,320
20,1182,4510.6,1,335
20,1183,4564.89,1,339
20,1184,4821.01,1,359
20,1185,7183.42,1,537
20,1186,14460.6,1,1096
20,1187,14657.9,1,1111
20,1188,16210.3,1,1231
20,1189,36446.2,1,2786
20,1190,49272.3,1,3754
20,1191,55063.4,1,4194
20,1192,66959.5,1,5098
20,1193,76858.4,1,5857
1,1057,15.6056,1,1
1,1060,35.9013,1,2
1,1063,59.511,1,3
1,1066,78.7396,1,4
1,1069,95.6783,1,5
1,1072,111.182,1,6
1,1075,126.488,1,7
1,1078,142.095,1,8
1,1080,158.086,1,9
1,1082,172.444,1,10
1,1085,187.328,1,11
1,1087,202.057,1,12
1,1089,216.349,1,13
1,1091,230.686,1,14
1,1093,248.421,1,15
1,1095,268.62,1,16
1,1097,287.953,1,17
1,1099,304.69,1,18
1,1101,319.78,1,19
1,1103,333.907,1,20
1,1105,349.569,1,21
1,1107,367.974,1,22
1,1109,382.914,1,23
1,1111,396.816,1,24
1,1113,412.824,1,25
1,1115,426.988,1,26
1,1118,441.007,1,27
1,1120,459.995,1,28
1,1122,488.058,1,29
1,1123,507.713,1,30
1,1124,525.129,1,31
1,1126,541.881,1,32
1,1127,560.763,1,33
1,1128,578.29,1,34
1,1129,597.867,1,35
1,1130,623.481,1,36
1,1132,643.551,1,37
1,1133,664.095,1,38
1,1134,680.234,1,39
1,1135,697.014,1,40
1,1136,712.47,1,41
1,1137,733.818,1,42
1,1138,749.555,1,43
1,1139,764.267,1,44
1,1140,779.932,1,45
1,1142,807.929,1,46
1,1143,833.738,1,47
1,1144,854.25,1,48
1,1145,872.906,1,49
1,1146,889.769,1,50
1,1147,905.024,1,51
1,1148,919.738,1,52
1,1149,934.978,1,53
1,1150,950.377,1,54
1,1151,963.901,1,55
1,1152,977.914,1,56
1,1153,993.635,1,57
1,1154,1010.56,1,58
1,1155,1065.25,1,61
1,1156,1123.19,1,64
1,1157,1160.08,1,66
1,1158,1176,1,67
1,1159,1233.66,1,70
1,1160,1270.48,1,72
1,1161,1342.38,1,75
1,1162,1388.71,1,78
1,1163,1462.8,1,83
1,1164,1504.6,1,86
1,1165,1518.88,1,87
1,1166,1548,1,89
1,1167,1842.13,1,109
1,1168,1874.21,1,111
1,1169,1890.1,1,112
1,1170,1985.3,1,119
1,1171,2161.62,1,130
1,1172,2179.78,1,131
1,1173,2251.8,1,136
1,1174,2653.99,1,162
1,1175,2705.09,1,165
1,1176,2842.68,1,175
1,1177,3089.99,1,193
1,1178,3356.19,1,209
1,1179,3667.28,1,230
1,1180,3749.49,1,235
1,1181,3861.53,1,242
1,1182,4239.58,1,266
1,1183,4635.54,1,292
1,1184,8113.52,1,526
1,1185,17652.4,1,1195
1,1186,17794.3,1,1204
1,1187,17863.4,1,1208
1,1188,18121.6,1,1226
1,1189,28173.9,1,1941
1,1190,29387.5,1,2028
1,1191,58965.4,1,4136
1,1192,58995.5,1,4138
2,1048,16.6244,1,1
2,1052,36.1062,1,2
2,1056,52.1302,1,3
2,1060,67.234,1,4
2,1064,82.3252,1,5
2,1067,99.2643,1,6
2,1070,119.026,1,7
2,1073,134.243,1,8
2,1076,148.794,1,9
2,1078,163.508,1,10
2,1080,178.514,1,11
2,1082,192.57,1,12
2,1084,207.942,1,13
2,1086,225.016,1,14
2,1088,242.032,1,15
2,1090,259.372,1,16
2,1092,274.681,1,17
2,1094,289.683,1,18
2,1096,304.692,1,19
2,1098,319.923,1,20
2,1100,334.878,1,21
2,1102,349.906,1,22
2,1104,364.813,1,23
2,1106,379.655,1,24
2,1108,394.437,1,25
2,1110,408.727,1,26
2,1112,423.45,1,27
2,1114,439.661,1,28
2,1116,455.671,1,29
2,1118,472.69,1,30
2,1120,487.071,1,31
2,1121,501.674,1,32
2,1122,516.901,1,33
2,1123,531.806,1,34
2,1124,546.369,1,35
2,1125,560.747,1,36
2,1127,575.338,1,37
2,1128,590.257,1,38
2,1129,605.136,1,39
2,1130,619.88,1,40
2,1131,634.724,1,41
2,1132,651.888,1,42
2,1133,668.571,1,43
2,1134,683.559,1,44
2,1135,698.212,1,45
2,1136,712.542,1,46
2,1137,726.79,1,47
2,1138,741.481,1,48
2,1139,756.05,1,49
2,1140,770.533,1,50
2,1141,785.004,1,51
2,1142,799.025,1,52
2,1143,813.147,1,53
2,1144,827.517,1,54
2,1145,842.362,1,55
2,1146,858.808,1,56
2,1147,875.999,1,57
2,1148,890.391,1,58
2,1149,904.921,1,59
2,1151,919.46,1,60
2,1152,933.762,1,61
2,1153,948.238,1,62
2,1154,962.722,1,63
2,1155,977.192,1,64
2,1156,992.106,1,65
2,1157,1006.85,1,66
2,1158,1021.36,1,67
2,1159,1086.25,1,71
2,1160,1119.11,1,73
2,1161,1146.72,1,75
2,1162,1241.96,1,82
2,1163,1286.46,1,85
2,1164,1301.42,1,86
2,1165,1367.68,1,91
2,1166,1420.09,1,95
2,1167,1490.02,1,100
2,1168,1645.96,1,112
2,1169,1674.7,1,114
2,1170,1754.95,1,120
2,1171,1913.55,1,132
2,1172,2019.97,1,140
2,1173,2121.63,1,146
2,1174,2245.12,1,154
2,1175,2604.13,1,180
2,1176,2634.36,1,182
2,1177,2678.16,1,185
2,1178,2829.7,1,196
2,1179,2991.47,1,208
2,1180,3020.74,1,210
2,1181,3280.87,1,228
2,1182,3530.74,1,246
2,1183,3599.76,1,251
2,1184,4953.66,1,356
2,1185,5208.4,1,375
2,1186,9340.01,1,675
2,1187,10151.6,1,737
2,1188,16040.6,1,1181
2,1189,28683.3,1,2142
2,1190,38078.1,1,2850
2,1191,38953.8,1,2913
2,1192,39018.6,1,2918
3,1045,16.3343,1,1
3,1050,38.3164,1,2
3,1054,51.8388,1,3
3,1058,66.2882,1,4
3,1061,81.0802,1,5
3,1065,95.5934,1,6
3,1068,110.057,1,7
3,1071,124.948,1,8
3,1074,139.622,1,9
3,1077,154.05,1,10
3,1080,168.565,1,11
3,1083,183.083,1,12
3,1086,197.507,1,13
3,1088,214.797,1,14
3,1090,232.244,1,15
3,1092,247.627,1,16
3,1095,262.301,1,17
3,1097,276.786,1,18
3,1099,295.594,1,19
3,1101,310.946,1,20
3,1103,328.408,1,21
3,1105,344.472,1,22
3,1107,359.073,1,23
3,1109,373.957,1,24
3,1111,388.387,1,25
3,1113,402.289,1,26
3,1115,418.256,1,27
3,1117,434.992,1,28
3,1119,450.05,1,29
3,1121,464.634,1,30
3,1123,479.134,1,31
3,1125,493.49,1,32
3,1126,507.835,1,33
3,1127,522.12,1,34
3,1129,535.779,1,35
3,1130,549.947,1,36
3,1131,563.855,1,37
3,1132,578.258,1,38
3,1133,592.378,1,39
3,1134,606.811,1,40
3,1135,622.702,1,41
3,1136,637.991,1,42
3,1137,652.447,1,43
3,1138,666.965,1,44
3,1139,681.808,1,45
3,1140,696.324,1,46
3,1141,710.718,1,47
3,1142,725.15,1,48
3,1144,739.296,1,49
3,1145,752.886,1,50
3,1146,767.394,1,51
3,1147,781.963,1,52
3,1148,798.559,1,53
3,1149,813.684,1,54
3,1150,828.637,1,55
3,1151,843.593,1,56
3,1152,859.346,1,57
3,1153,873.795,1,58
3,1154,953.322,1,64
3,1155,992.862,1,67
3,1156,1007.07,1,68
3,1157,1020.67,1,69
3,1158,1054.71,1,71
3,1159,1073.16,1,72
3,1160,1125.37,1,76
3,1161,1139.57,1,77
3,1162,1153.92,1,78
3,1163,1168.39,1,79
3,1164,1220.06,1,83
3,1165,1328.01,1,91
3,1166,1369.26,1,94
3,1167,1421.81,1,98
3,1168,1462.86,1,101
3,1169,1480.46,1,102
3,1170,1496.06,1,103
3,1171,1513.43,1,104
3,1172,1601.47,1,111
3,1173,1682.47,1,117
3,1174,1722.59,1,120
3,1175,1735.81,1,121
3,1176,1850.18,1,130
3,1177,1877.73,1,132
3,1178,2170.63,1,153
3,1179,2477.6,1,177
3,1180,2504.61,1,179
3,1181,2533.86,1,181
3,1182,2810.58,1,202
3,1183,2851.66,1,205
3,1184,3277,1,237
3,1185,3416.89,1,246
3,1186,4186.39,1,303
3,1187,6888.88,1,501
3,1188,8992.54,1,662
3,1189,9971.34,1,737
3,1190,31969.9,1,2199
4,1050,14.4533,1,1
4,1054,32.7219,1,2
4,1057,46.255,1,3
4,1060,60.8599,1,4
4,1063,75.4083,1,5
4,1066,90.2389,1,6
4,1069,103.516,1,7
4,1072,116.786,1,8
4,1075,129.977,1,9
4,1078,144.534,1,10
4,1081,159.977,1,11
4,1084,174.315,1,12
4,1086,190.403,1,13
4,1088,204.385,1,14
4,1090,217.714,1,15
4,1092,230.913,1,16
4,1094,244.266,1,17
4,1096,257.571,1,18
4,1098,271.022,1,19
4,1100,284.235,1,20
4,1102,298.742,1,21
4,1104,312.026,1,22
4,1106,325.435,1,23
4,1108,340.238,1,24
4,1110,357.011,1,25
4,1112,374.101,1,26
4,1114,387.549,1,27
4,1117,401.319,1,28
4,1119,415.46,1,29
4,1121,428.765,1,30
4,1122,443.485,1,31
4,1124,458.059,1,32
4,1125,472.716,1,33
4,1126,486.354,1,34
4,1127,500.928,1,35
4,1129,515.489,1,36
4,1130,530.395,1,37
4,1131,548.774,1,38
4,1132,565.941,1,39
4,1133,580.883,1,40
4,1134,595.371,1,41
4,1136,610.192,1,42
4,1138,623.85,1,43
4,1139,637.45,1,44
4,1140,652.027,1,45
4,1141,666.794,1,46
4,1142,681.465,1,47
4,1143,695.735,1,48
4,1144,710.294,1,49
4,1145,724.746,1,50
4,1146,738.644,1,51
4,1147,754.909,1,52
4,1148,774.463,1,53
4,1149,789.771,1,54
4,1150,804.184,1,55
4,1151,818.632,1,56
4,1152,832.794,1,57
4,1153,847.049,1,58
4,1154,864.887,1,59
4,1155,904.809,1,62
4,1156,919.331,1,63
4,1157,975.679,1,67
4,1158,989.714,1,68
4,1159,1004.62,1,69
4,1160,1019.03,1,70
4,1161,1075.95,1,74
4,1162,1259.93,1,88
4,1163,1286.52,1,90
4,1164,1352.32,1,95
4,1165,1368.84,1,96
4,1166,1447.42,1,101
4,1167,1539.93,1,108
4,1168,1595.35,1,111
4,1169,1638.55,1,114
4,1170,1665.35,1,116
4,1171,1692.86,1,118
4,1172,1796.22,1,125
4,1173,1911.79,1,134
4,1174,1952.19,1,137
4,1175,2090.02,1,147
4,1176,2129.82,1,150
4,1177,2246.34,1,159
4,1178,2371.3,1,169
4,1179,2526.47,1,181
4,1180,2809.32,1,201
4,1181,3368.64,1,243
4,1182,3804.64,1,276
4,1183,3848.67,1,279
4,1184,3988.84,1,290
4,1185,4570.49,1,335
4,1186,4727.32,1,346
4,1187,5057.98,1,371
4,1188,5281.14,1,387
4,1189,18048.9,1,1320
4,1190,23962.6,1,1766
4,1191,24089.2,1,1775
4,1192,129063,1,9529
5,1042,19.3203,1,1
5,1046,37.9074,1,2
5,1050,51.8606,1,3
5,1053,66.4074,1,4
5,1056,81.3032,1,5
5,1059,95.7833,1,6
5,1062,109.362,1,7
5,1065,122.584,1,8
5,1068,135.829,1,9
5,1071,149.125,1,10
5,1074,162.43,1,11
5,1077,175.742,1,12
5,1080,189.594,1,13
5,1083,204.345,1,14
5,1085,217.48,1,15
5,1087,232.278,1,16
5,1090,247.828,1,17
5,1092,262.485,1,18
5,1094,277.448,1,19
5,1096,291.377,1,20
5,1098,304.811,1,21
5,1100,318.864,1,22
5,1102,333.557,1,23
5,1104,347.993,1,24
5,1106,361.358,1,25
5,1108,374.597,1,26
5,1110,388.074,1,27
5,1112,402.717,1,28
5,1114,416.104,1,29
5,1116,430.929,1,30
5,1118,447.017,1,31
5,1120,461.716,1,32
5,1122,476.786,1,33
5,1124,490.82,1,34
5,1126,504.974,1,35
5,1128,518.067,1,36
5,1130,532.132,1,37
5,1132,546.694,1,38
5,1134,561.111,1,39
5,1135,575.435,1,40
5,1136,592.933,1,41
5,1138,607.967,1,42
5,1139,622.421,1,43
5,1140,637.615,1,44
5,1141,653.755,1,45
5,1142,667.926,1,46
5,1143,681.935,1,47
5,1144,697.118,1,48
5,1145,712.15,1,49
5,1146,726.595,1,50
5,1147,740.972,1,51
5,1148,755.661,1,52
5,1149,770.549,1,53
5,1150,785.035,1,54
5,1151,799.12,1,55
5,1152,814.03,1,56
5,1153,830.167,1,57
5,1154,846.794,1,58
5,1156,861.661,1,59
5,1157,876.153,1,60
5,1158,890.633,1,61
5,1160,905.069,1,62
5,1161,919.975,1,63
5,1162,934.374,1,64
5,1163,947.836,1,65
5,1164,961.744,1,66
5,1165,976.226,1,67
5,1166,1031.29,1,71
5,1167,1095.37,1,75
5,1168,1122.83,1,77
5,1169,1201.64,1,83
5,1170,1244.14,1,86
5,1171,1300.36,1,90
5,1172,1314.27,1,91
5,1173,1476.48,1,103
5,1174,1502.73,1,105
5,1175,1634.97,1,114
5,1176,1665.96,1,116
5,1177,1865.28,1,131
5,1178,1881.71,1,132
5,1179,2062.02,1,146
5,1180,2078.2,1,147
5,1181,2840.34,1,204
5,1182,2921.61,1,210
5,1183,3026.86,1,218
5,1184,3041.11,1,219
5,1185,4063.51,1,296
5,1186,8742.36,1,652
5,1187,8794.89,1,656
5,1188,10885,1,816
5,1189,14788.8,1,1114
5,1190,33989.7,1,2499
6,1063,17.5336,1,1
6,1067,35.4801,1,2
6,1070,55.8208,1,3
6,1073,74.2733,1,4
6,1076,91.1899,1,5
6,1079,107.087,1,6
6,1082,124.514,1,7
6,1085,138.803,1,8
6,1088,154.134,1,9
6,1091,169.104,1,10
6,1093,184.883,1,11
6,1095,202.95,1,12
6,1097,223.868,1,13
6,1099,242.092,1,14
6,1101,257.064,1,15
6,1103,272.228,1,16
6,1106,287.051,1,17
6,1108,309.202,1,18
6,1110,330.116,1,19
6,1112,353.603,1,20
6,1114,370.312,1,21
6,1116,388.786,1,22
6,1118,411.595,1,23
6,1120,437.227,1,24
6,1122,468.096,1,25
6,1124,491.278,1,26
6,1126,510.139,1,27
6,1127,527.203,1,28
6,1128,542.96,1,29
6,1129,560.4,1,30
6,1130,577.803,1,31
6,1131,594.349,1,32
6,1132,616.999,1,33
6,1133,641.491,1,34
6,1134,668.507,1,35
6,1135,686.44,1,36
6,1136,705.902,1,37
6,1137,722.26,1,38
6,1138,745.541,1,39
6,1139,768.451,1,40
6,1140,792.494,1,41
6,1141,810.947,1,42
6,1143,832.758,1,43
6,1144,850.417,1,44
6,1145,871.762,1,45
6,1146,896.537,1,46
6,1147,917.428,1,47
6,1148,941.219,1,48
6,1149,962.507,1,49
6,1151,983.046,1,50
6,1152,1007.26,1,51
6,1153,1032.92,1,52
6,1154,1060.99,1,53
6,1155,1084.03,1,54
6,1156,1113.53,1,55
6,1157,1134.63,1,56
6,1158,1160.63,1,57
6,1159,1226.11,1,60
6,1160,1269.64,1,62
6,1161,1300.88,1,63
6,1163,1321.3,1,64
6,1164,1340.74,1,65
6,1165,1360.24,1,66
6,1166,1502.6,1,73
6,1167,1571.59,1,77
6,1168,1589.44,1,78
6,1169,1620.56,1,80
6,1170,1741.26,1,88
6,1171,1802.36,1,91
6,1172,1917.1,1,98
6,1173,1950.61,1,100
6,1174,2013.65,1,104
6,1175,2046.7,1,106
6,1176,2144.16,1,111
6,1177,2185.78,1,114
6,1178,2648.29,1,147
6,1179,2689.3,1,150
6,1180,2970.63,1,171
6,1181,4784.48,1,302
6,1182,5403.21,1,348
6,1183,5498.07,1,355
6,1184,10766.9,1,752
6,1185,11796.2,1,821
6,1186,11811.7,1,822
6,1187,12311.1,1,854
6,1188,13229.7,1,923
6,1189,13261.6,1,925
6,1190,13279.7,1,926
6,1191,13497.6,1,942
7,1061,18.0254,1,1
7,1064,32.9185,1,2
7,1067,46.7019,1,3
7,1070,61.1212,1,4
7,1073,75.0727,1,5
7,1076,89.8458,1,6
7,1079,104.476,1,7
7,1082,120.183,1,8
7,1085,138.447,1,9
7,1088,156.731,1,10
7,1090,171.845,1,11
7,1092,186.75,1,12
7,1094,201.387,1,13
7,1096,215.986,1,14
7,1099,230.596,1,15
7,1101,245.999,1,16
7,1103,260.745,1,17
7,1105,278.186,1,18
7,1107,292.925,1,19
7,1109,306.311,1,20
7,1111,321.401,1,21
7,1112,336.17,1,22
7,1113,352.882,1,23
7,1114,370.946,1,24
7,1115,385.452,1,25
7,1117,399.188,1,26
7,1118,413.541,1,27
7,1119,427.314,1,28
7,1121,441.562,1,29
7,1122,455.652,1,30
7,1123,470.011,1,31
7,1124,484.369,1,32
7,1125,498.702,1,33
7,1126,513.124,1,34
7,1127,527.712,1,35
7,1128,541.909,1,36
7,1129,556.997,1,37
7,1130,573.379,1,38
7,1131,587.209,1,39
7,1132,601.611,1,40
7,1133,615.853,1,41
7,1134,630.4,1,42
7,1135,644.755,1,43
7,1136,658.934,1,44
7,1137,673.197,1,45
7,1138,687.939,1,46
7,1139,702.873,1,47
7,1141,717.642,1,48
7,1142,733.276,1,49
7,1143,750.577,1,50
7,1144,767.017,1,51
7,1145,782.034,1,52
7,1146,821.759,1,55
7,1147,844.894,1,56
7,1148,858.086,1,57
7,1149,872.406,1,58
7,1150,886.927,1,59
7,1151,901.29,1,60
7,1152,914.514,1,61
7,1153,941.65,1,63
7,1154,957.325,1,64
7,1155,1000.56,1,67
7,1156,1014.06,1,68
7,1157,1027.22,1,69
7,1158,1040.12,1,70
7,1159,1136.13,1,77
7,1160,1164.81,1,79
7,1161,1237.37,1,84
7,1162,1310.09,1,89
7,1163,1374.45,1,94
7,1164,1421.08,1,97
7,1165,1435.51,1,98
7,1166,1462.24,1,100
7,1167,1618.7,1,112
7,1168,1669.48,1,116
7,1169,1682.85,1,117
7,1170,1862.81,1,131
7,1171,1913.29,1,135
7,1172,2030.93,1,144
7,1173,2056.42,1,146
7,1174,2069.53,1,147
7,1175,2215.9,1,157
7,1176,2837.62,1,205
7,1177,2925.51,1,212
7,1178,2989.22,1,217
7,1179,3711.07,1,272
7,1180,4977.12,1,370
7,1181,5002.63,1,372
7,1182,5055.9,1,376
7,1183,5545.34,1,412
7,1184,6421.16,1,478
7,1185,6867.72,1,512
7,1186,7115.16,1,530
7,1187,10905.9,1,811
7,1188,11413.8,1,849
7,1189,15825.9,1,1182
7,1190,24476,1,1805
7,1191,118166,1,8820
8,1063,17.7692,1,1
8,1066,39.1636,1,2
8,1069,52.806,1,3
8,1072,67.5159,1,4
8,1075,83.1672,1,5
8,1078,96.6822,1,6
8,1081,109.92,1,7
8,1084,123.304,1,8
8,1086,137.12,1,9
8,1089,151.724,1,10
8,1091,164.933,1,11
8,1094,178.611,1,12
8,1096,193.962,1,13
8,1098,211.72,1,14
8,1100,229.084,1,15
8,1102,244.207,1,16
8,1104,259.262,1,17
8,1106,272.866,1,18
8,1108,286.511,1,19
8,1110,301.253,1,20
8,1112,316.337,1,21
8,1114,331.226,1,22
8,1116,345.926,1,23
8,1118,360.582,1,24
8,1120,375.416,1,25
8,1122,389.249,1,26
8,1124,405.599,1,27
8,1126,425.749,1,28
8,1127,440.065,1,29
8,1129,454.33,1,30
8,1131,469.049,1,31
8,1132,483.962,1,32
8,1134,498.684,1,33
8,1135,512.901,1,34
8,1136,526.582,1,35
8,1137,539.647,1,36
8,1138,554.264,1,37
8,1139,569.748,1,38
8,1140,583.543,1,39
8,1141,597.231,1,40
8,1143,612.476,1,41
8,1145,628.321,1,42
8,1147,642.945,1,43
8,1148,656.967,1,44
8,1149,670.398,1,45
8,1150,685.591,1,46
8,1151,701.577,1,47
8,1152,716.377,1,48
8,1153,730.21,1,49
8,1154,744.74,1,50
8,1155,762.66,1,51
8,1156,777.458,1,52
8,1157,792.335,1,53
8,1158,815.078,1,54
8,1159,837.366,1,55
8,1160,883.029,1,58
8,1161,897.486,1,59
8,1162,911.621,1,60
8,1163,924.958,1,61
8,1164,938.764,1,62
8,1165,989.936,1,66
8,1166,1003.04,1,67
8,1167,1018.13,1,68
8,1168,1068.18,1,71
8,1169,1138.64,1,76
8,1170,1207.47,1,81
8,1171,1236.1,1,83
8,1172,1302.82,1,88
8,1173,1368.91,1,93
8,1174,1422.58,1,97
8,1175,1542.24,1,106
8,1176,1619.13,1,112
8,1177,1676.13,1,116
8,1178,1814.84,1,127
8,1179,1843.39,1,129
8,1180,3355.42,1,242
8,1181,3405.9,1,246
8,1182,3589.66,1,260
8,1183,3825.66,1,278
8,1184,4492.63,1,327
8,1185,5554.86,1,405
8,1186,6332.23,1,462
8,1187,6536.95,1,477
8,1188,6607.51,1,482
8,1189,10391.1,1,767
8,1190,85355.7,1,6477
8,1191,85541.8,1,6491
9,1056,17.5198,1,1
9,1060,37.8419,1,2
9,1064,51.9371,1,3
9,1067,66.54,1,4
9,1070,81.694,1,5
9,1073,96.5977,1,6
9,1076,111.513,1,7
9,1079,126.591,1,8
9,1082,141.38,1,9
9,1085,156.475,1,10
9,1088,171.109,1,11
9,1091,188.625,1,12
9,1093,205.474,1,13
9,1095,220.03,1,14
9,1098,233.922,1,15
9,1101,248.545,1,16
9,1103,263.14,1,17
9,1106,278.123,1,18
9,1109,292.532,1,19
9,1111,307.04,1,20
9,1113,321.442,1,21
9,1115,335.968,1,22
9,1117,350.271,1,23
9,1119,365.582,1,24
9,1121,380.301,1,25
9,1124,396.656,1,26
9,1126,413.832,1,27
9,1128,428.506,1,28
9,1130,443.327,1,29
9,1131,458.139,1,30
9,1132,474.691,1,31
9,1133,491.438,1,32
9,1134,505.802,1,33
9,1135,520.859,1,34
9,1136,537.078,1,35
9,1137,551.031,1,36
9,1138,566.641,1,37
9,1140,581.678,1,38
9,1141,601.204,1,39
9,1142,622.506,1,40
9,1143,639.115,1,41
9,1144,652.505,1,42
9,1145,666.634,1,43
9,1146,680.37,1,44
9,1147,694.231,1,45
9,1148,708.352,1,46
9,1149,722.804,1,47
9,1150,738.179,1,48
9,1151,752.459,1,49
9,1152,766.122,1,50
9,1153,781.122,1,51
9,1154,798.12,1,52
9,1155,816.925,1,53
9,1156,833.932,1,54
9,1157,852.117,1,55
9,1158,866.385,1,56
9,1159,881.141,1,57
9,1160,897.441,1,58
9,1161,916.182,1,59
9,1162,1060.27,1,69
9,1163,1082.03,1,70
9,1164,1121.66,1,73
9,1165,1134.68,1,74
9,1166,1226.36,1,81
9,1167,1347.57,1,90
9,1168,1375.5,1,92
9,1169,1431.54,1,96
9,1170,1446.8,1,97
9,1171,1474.93,1,99
9,1172,1528.29,1,103
9,1173,1555.17,1,105
9,1174,1703.43,1,116
9,1175,1780.24,1,122
9,1176,1898.78,1,131
9,1177,2032.56,1,141
9,1178,2546.09,1,180
9,1179,2692.44,1,191
9,1180,2745.48,1,195
9,1181,2759.93,1,196
9,1182,2823.78,1,201
9,1183,2933.57,1,209
9,1184,2973.25,1,212
9,1185,3336.23,1,239
9,1186,6493.04,1,479
9,1187,19140.6,1,1430
9,1188,26207.6,1,1957
9,1189,43545.7,1,3255
9,1190,46428.5,1,3471
9,1191,59415.7,1,4402
10,1062,20.6589,1,1
10,1066,37.6607,1,2
10,1069,51.5424,1,3
10,1072,66.2365,1,4
10,1075,81.0584,1,5
10,1078,95.3653,1,6
10,1081,109.129,1,7
10,1084,123.515,1,8
10,1087,137.945,1,9
10,1090,152.269,1,10
10,1093,166.171,1,11
10,1095,180.876,1,12
10,1097,195.241,1,13
10,1099,210.531,1,14
10,1102,227.211,1,15
10,1104,242.093,1,16
10,1106,257.036,1,17
10,1108,271.689,1,18
10,1110,285.708,1,19
10,1112,300.085,1,20
10,1114,314.621,1,21
10,1116,328.882,1,22
10,1118,342.763,1,23
10,1120,357.271,1,24
10,1122,371.713,1,25
10,1124,386.277,1,26
10,1126,400.678,1,27
10,1128,414.935,1,28
10,1130,430.547,1,29
10,1131,446.43,1,30
10,1133,459.774,1,31
10,1134,474.755,1,32
10,1135,489.303,1,33
10,1136,503.184,1,34
10,1137,516.395,1,35
10,1138,529.566,1,36
10,1139,542.519,1,37
10,1140,555.598,1,38
10,1141,569.249,1,39
10,1142,582.434,1,40
10,1143,595.818,1,41
10,1144,609.879,1,42
10,1145,625.039,1,43
10,1146,641.097,1,44
10,1147,655.631,1,45
10,1149,671.399,1,46
10,1150,684.979,1,47
10,1151,698.325,1,48
10,1152,711.267,1,49
10,1153,725.868,1,50
10,1154,743.461,1,51
10,1155,757.302,1,52
10,1156,770.566,1,53
10,1157,822.47,1,57
10,1158,855.099,1,59
10,1159,919.723,1,64
10,1160,947.282,1,66
10,1161,961.864,1,67
10,1162,975.763,1,68
10,1163,1015.32,1,71
10,1164,1089.43,1,76
10,1165,1256.36,1,89
10,1166,1284.08,1,91
10,1167,1310.7,1,93
10,1168,1572.43,1,113
10,1169,1587.11,1,114
10,1170,1666.63,1,120
10,1171,1718.59,1,124
10,1172,1761.09,1,127
10,1173,2044.79,1,149
10,1174,2196.53,1,160
10,1175,2438.39,1,179
10,1176,2943,1,217
10,1177,3191.21,1,236
10,1178,3653.53,1,264
10,1179,3860.5,1,275
10,1180,4135.32,1,292
10,1181,4247.59,1,298
10,1182,4756.8,1,324
10,1183,5010.63,1,336
10,1184,5318.45,1,352
10,1185,5508.29,1,363
10,1186,5529.55,1,364
10,1187,11925.6,1,700
10,1188,11994.6,1,703
10,1189,12543.7,1,722
10,1190,13156.4,1,757
10,1191,22517.8,1,1392
10,1192,32393,1,2106
11,1064,17.8249,1,1
11,1067,40.9909,1,2
11,1070,62.8036,1,3
11,1073,81.5025,1,4
11,1076,98.4756,1,5
11,1079,115.578,1,6
11,1081,135.605,1,7
11,1083,155.915,1,8
11,1085,175.312,1,9
11,1087,191.773,1,10
11,1089,206.418,1,11
11,1091,221,1,12
11,1093,235.107,1,13
11,1095,249.957,1,14
11,1097,266.953,1,15
11,1099,282.986,1,16
11,1101,298.392,1,17
11,1103,312.51,1,18
11,1105,325.833,1,19
11,1107,341.432,1,20
11,1109,356.984,1,21
11,1111,378.526,1,22
11,1113,393.99,1,23
11,1115,411.831,1,24
11,1117,430.452,1,25
11,1119,447.931,1,26
11,1121,463.776,1,27
11,1123,478.812,1,28
11,1124,494.234,1,29
11,1125,509.748,1,30
11,1126,524.959,1,31
11,1128,542.907,1,32
11,1129,559.517,1,33
11,1130,574.825,1,34
11,1131,588.975,1,35
11,1132,604.717,1,36
11,1133,624.726,1,37
11,1135,643.55,1,38
11,1136,660.829,1,39
11,1137,676.146,1,40
11,1138,691.799,1,41
11,1139,706.571,1,42
11,1140,722.152,1,43
11,1141,738.455,1,44
11,1142,755.983,1,45
11,1143,772.302,1,46
11,1144,789.239,1,47
11,1145,808.385,1,48
11,1146,825.979,1,49
11,1147,842.128,1,50
11,1148,857.376,1,51
11,1149,871.302,1,52
11,1150,885.941,1,53
11,1151,900.517,1,54
11,1152,915.928,1,55
11,1153,930.702,1,56
11,1154,948.499,1,57
11,1155,969.603,1,58
11,1156,986.909,1,59
11,1157,1003.02,1,60
11,1158,1047.49,1,63
11,1159,1103.24,1,66
11,1160,1122.53,1,67
11,1161,1138.9,1,68
11,1162,1156.22,1,69
11,1163,1197.7,1,71
11,1164,1361.52,1,83
11,1165,1378.62,1,84
11,1166,1549.57,1,96
11,1167,1567,1,97
11,1168,1590.33,1,98
11,1169,1625.26,1,100
11,1170,1809.73,1,112
11,1171,1892.07,1,117
11,1172,2051.15,1,127
11,1173,2418.69,1,149
11,1174,2460.83,1,152
11,1175,2529.17,1,156
11,1176,2820.03,1,175
11,1177,2835.89,1,176
11,1178,2850.95,1,177
11,1179,2878.37,1,179
11,1180,3484.54,1,215
11,1181,4561.3,1,282
11,1182,5022.91,1,313
11,1183,5036.98,1,314
11,1184,5216.51,1,326
11,1185,5271.84,1,330
11,1186,5312.23,1,332
11,1187,5365.16,1,335
11,1188,5380.26,1,336
11,1189,11154.3,1,717
11,1190,15239.8,1,1000
11,1191,18162.5,1,1202
11,1192,20073.7,1,1323
12,1058,18.0057,1,1
12,1062,34.2843,1,2
12,1066,49.0017,1,3
12,1069,63.729,1,4
12,1072,78.3022,1,5
12,1075,92.3604,1,6
12,1078,107.081,1,7
12,1081,121.742,1,8
12,1084,137.936,1,9
12,1087,153.339,1,10
12,1089,167.548,1,11
12,1091,182.226,1,12
12,1094,196.939,1,13
12,1097,211.153,1,14
12,1099,225.138,1,15
12,1101,239.642,1,16
12,1103,254.331,1,17
12,1105,268.986,1,18
12,1107,283.409,1,19
12,1109,297.959,1,20
12,1111,312.392,1,21
12,1113,326.086,1,22
12,1115,341.648,1,23
12,1117,358.892,1,24
12,1119,373.992,1,25
12,1121,388.638,1,26
12,1122,403.076,1,27
12,1123,417.836,1,28
12,1125,432.495,1,29
12,1126,447.024,1,30
12,1127,461.141,1,31
12,1128,475.578,1,32
12,1129,490.188,1,33
12,1130,504.879,1,34
12,1131,519.609,1,35
12,1132,534.167,1,36
12,1133,550.49,1,37
12,1134,567.454,1,38
12,1135,582.169,1,39
12,1136,596.654,1,40
12,1138,610.894,1,41
12,1139,625.743,1,42
12,1140,640.242,1,43
12,1141,654.862,1,44
12,1142,669.341,1,45
12,1144,683.896,1,46
12,1145,698.301,1,47
12,1146,712.577,1,48
12,1147,726.407,1,49
12,1148,741.461,1,50
12,1149,757.646,1,51
12,1150,774.136,1,52
12,1151,788.472,1,53
12,1152,802.97,1,54
12,1153,842.418,1,57
12,1154,869.405,1,59
12,1155,896.027,1,61
12,1156,909.807,1,62
12,1157,924.082,1,63
12,1158,953.473,1,65
12,1159,984.634,1,67
12,1160,1075.74,1,73
12,1161,1089.56,1,74
12,1162,1102.83,1,75
12,1163,1117.39,1,76
12,1164,1158.57,1,79
12,1165,1212.65,1,83
12,1166,1239.1,1,85
12,1167,1254,1,86
12,1168,1370,1,95
12,1169,1385.96,1,96
12,1170,1413.4,1,98
12,1171,1609.62,1,113
12,1172,1754.36,1,124
12,1173,1825.96,1,129
12,1174,2033.19,1,145
12,1175,2046.59,1,146
12,1176,2376.36,1,171
12,1177,2435.22,1,175
12,1178,2578.45,1,186
12,1179,2802.1,1,203
12,1180,2918.27,1,212
12,1181,4005.49,1,279
12,1182,5231.69,1,359
12,1183,6621.09,1,458
12,1184,6687.4,1,463
12,1185,6812.48,1,472
12,1186,16534.9,1,1101
12,1187,17219.1,1,1151
12,1188,17232.9,1,1152
12,1189,22485,1,1535
12,1190,22576.2,1,1541
12,1191,31722.8,1,2174
12,1192,32012.2,1,2196
13,1044,17.0204,1,1
13,1048,33.8722,1,2
13,1052,48.5679,1,3
13,1055,63.8348,1,4
13,1058,78.6863,1,5
13,1061,92.6624,1,6
13,1064,107.106,1,7
13,1067,122.045,1,8
13,1070,136.771,1,9
13,1073,151.266,1,10
13,1076,165.829,1,11
13,1079,180.215,1,12
13,1081,194.006,1,13
13,1083,210.406,1,14
13,1085,228.595,1,15
13,1087,242.456,1,16
13,1089,256.23,1,17
13,1091,270.833,1,18
13,1093,285.388,1,19
13,1095,299.847,1,20
13,1097,314.294,1,21
13,1099,328.765,1,22
13,1101,342.823,1,23
13,1103,357.361,1,24
13,1105,371.895,1,25
13,1107,386.443,1,26
13,1109,401.561,1,27
13,1111,416.116,1,28
13,1113,431.494,1,29
13,1115,445.78,1,30
13,1117,459.986,1,31
13,1119,474.548,1,32
13,1120,489.491,1,33
13,1121,504.032,1,34
13,1123,518.568,1,35
13,1124,533.264,1,36
13,1125,547.711,1,37
13,1126,561.988,1,38
13,1127,575.83,1,39
13,1128,590.234,1,40
13,1129,605.801,1,41
13,1130,620.368,1,42
13,1131,635.373,1,43
13,1132,650.06,1,44
13,1133,664.388,1,45
13,1134,677.853,1,46
13,1135,691.251,1,47
13,1136,704.575,1,48
13,1137,718.772,1,49
13,1138,734.016,1,50
13,1139,747.275,1,51
13,1140,760.784,1,52
13,1141,775.46,1,53
13,1142,788.572,1,54
13,1143,802.275,1,55
13,1144,822.747,1,56
13,1145,841.441,1,57
13,1146,855.956,1,58
13,1147,869.644,1,59
13,1148,882.981,1,60
13,1149,896.183,1,61
13,1150,910.516,1,62
13,1151,925.15,1,63
13,1153,939.686,1,64
13,1154,1003.96,1,69
13,1155,1019.7,1,70
13,1156,1037.19,1,71
13,1157,1079.93,1,74
13,1158,1131.72,1,78
13,1159,1277.56,1,89
13,1160,1331.61,1,93
13,1161,1383.39,1,97
13,1162,1476.23,1,104
13,1163,1528.82,1,108
13,1164,1592.58,1,113
13,1165,1685.67,1,120
13,1166,1725.04,1,123
13,1167,1778.56,1,127
13,1168,1806.44,1,129
13,1169,1911.64,1,137
13,1170,1988.37,1,143
13,1171,2040.5,1,147
13,1172,2072.16,1,149
13,1173,2087.2,1,150
13,1174,2152.64,1,155
13,1175,2166.95,1,156
13,1176,2240.62,1,161
13,1177,2256.8,1,162
13,1178,2403.36,1,172
13,1179,2686.62,1,190
13,1180,2899.24,1,204
13,1181,3105.09,1,220
13,1182,3405.89,1,243
13,1183,3639.98,1,261
13,1184,3667.18,1,263
13,1185,8209.23,1,573
13,1186,8718.9,1,612
13,1187,8732.39,1,613
13,1188,15282,1,1076
13,1189,42485,1,2960
13,1190,42605.1,1,2969
14,1032,31.1231,1,1
14,1036,56.709,1,2
14,1039,77.5909,1,3
14,1042,100.302,1,4
14,1045,129.164,1,5
14,1048,149.922,1,6
14,1051,166.429,1,7
14,1054,188.354,1,8
14,1057,204.56,1,9
14,1060,223.347,1,10
14,1063,239.186,1,11
14,1066,254.221,1,12
14,1069,269.109,1,13
14,1072,285.294,1,14
14,1075,302.847,1,15
14,1077,317.723,1,16
14,1080,332.72,1,17
14,1083,347.422,1,18
14,1085,362.116,1,19
14,1088,376.729,1,20
14,1090,393.673,1,21
14,1092,412.015,1,22
14,1094,427.29,1,23
14,1096,446.311,1,24
14,1098,462.462,1,25
14,1100,479.21,1,26
14,1102,504.295,1,27
14,1104,518.921,1,28
14,1106,533.817,1,29
14,1108,548.379,1,30
14,1110,562.914,1,31
14,1112,577.621,1,32
14,1114,592.766,1,33
14,1116,607.785,1,34
14,1118,627.209,1,35
14,1119,643.496,1,36
14,1121,658.991,1,37
14,1122,673.004,1,38
14,1124,687.187,1,39
14,1125,703.044,1,40
14,1126,723.276,1,41
14,1127,739.71,1,42
14,1128,754.013,1,43
14,1129,767.696,1,44
14,1130,782.294,1,45
14,1131,797.196,1,46
14,1132,811.412,1,47
14,1133,825.029,1,48
14,1134,839.106,1,49
14,1135,853.118,1,50
14,1136,867.802,1,51
14,1137,882.246,1,52
14,1138,896.288,1,53
14,1139,911.758,1,54
14,1140,927.857,1,55
14,1141,941.761,1,56
14,1142,955.529,1,57
14,1143,969.108,1,58
14,1144,983.852,1,59
14,1145,998.237,1,60
14,1146,1012.21,1,61
14,1147,1027.14,1,62
14,1148,1042.28,1,63
14,1149,1056.13,1,64
14,1150,1069.49,1,65
14,1151,1085.33,1,66
14,1153,1100.37,1,67
14,1154,1128.68,1,68
14,1155,1159.86,1,69
14,1156,1180.24,1,70
14,1157,1194.94,1,71
14,1158,1263.41,1,76
14,1159,1347.48,1,82
14,1160,1475.6,1,89
14,1161,1489.6,1,90
14,1162,1540.56,1,93
14,1163,1566.88,1,95
14,1164,1606.92,1,98
14,1165,1633.82,1,100
14,1166,1852.56,1,112
14,1167,1889.81,1,114
14,1168,1923.87,1,116
14,1169,1945.78,1,117
14,1170,2117.83,1,127
14,1171,2159.59,1,129
14,1172,2260.07,1,134
14,1173,2285.48,1,135
14,1174,2309.98,1,136
14,1175,2547.12,1,146
14,1176,2676.65,1,153
14,1177,2760.03,1,157
14,1178,3143.01,1,173
14,1179,3224.28,1,176
14,1180,3375.67,1,185
14,1181,3473.93,1,190
14,1182,4072.31,1,222
14,1183,4137.38,1,227
14,1184,4242.41,1,234
14,1185,7706.06,1,438
14,1186,19988.6,1,1210
14,1187,20347.9,1,1235
14,1188,23479.5,1,1451
14,1189,27237.7,1,1709
14,1190,32000.4,1,2066
14,1191,45792.2,1,3057
15,1081,16.1709,1,1
15,1084,33.5919,1,2
15,1087,49.2346,1,3
15,1090,64.7861,1,4
15,1093,80.3238,1,5
15,1096,94.4546,1,6
15,1099,108.921,1,7
15,1102,124.305,1,8
15,1104,139.335,1,9
15,1106,154.485,1,10
15,1108,171.07,1,11
15,1110,186.301,1,12
15,1112,200.194,1,13
15,1114,214.354,1,14
15,1116,230.034,1,15
15,1118,245.114,1,16
15,1120,259.756,1,17
15,1122,274.942,1,18
15,1124,290.311,1,19
15,1126,306.828,1,20
15,1128,321.994,1,21
15,1130,336.902,1,22
15,1132,354.028,1,23
15,1133,371.767,1,24
15,1134,386.995,1,25
15,1135,401.945,1,26
15,1136,418.582,1,27
15,1137,433.55,1,28
15,1138,448.53,1,29
15,1139,463.202,1,30
15,1140,482.452,1,31
15,1141,497.16,1,32
15,1142,511.674,1,33
15,1143,525.513,1,34
15,1144,540.142,1,35
15,1145,556.099,1,36
15,1146,572.578,1,37
15,1147,587.408,1,38
15,1148,602.038,1,39
15,1149,616.672,1,40
15,1150,631.121,1,41
15,1151,645.716,1,42
15,1152,660.221,1,43
15,1153,674.327,1,44
15,1154,688.084,1,45
15,1155,740.01,1,49
15,1156,756.359,1,50
15,1157,786.248,1,52
15,1158,801.164,1,53
15,1159,816.084,1,54
15,1160,843.168,1,56
15,1161,890.663,1,59
15,1162,918.892,1,61
15,1163,933.753,1,62
15,1164,948.155,1,63
15,1165,968.92,1,64
15,1166,988.224,1,65
15,1167,1019.12,1,67
15,1168,1167.25,1,77
15,1169,1183.96,1,78
15,1170,1198.03,1,79
15,1171,1254.72,1,83
15,1172,1295.86,1,86
15,1173,1309.11,1,87
15,1174,1335.28,1,89
15,1175,1348.92,1,90
15,1176,1518.48,1,102
15,1177,1532.63,1,103
15,1178,1603.23,1,108
15,1179,2239.08,1,155
15,1180,5334.25,1,383
15,1181,5385.46,1,387
15,1182,5425.6,1,390
15,1183,5594.16,1,402
15,1184,9264.3,1,677
15,1185,11272.4,1,828
15,1186,13831.1,1,1019
15,1187,14031,1,1034
15,1188,14101,1,1039
15,1189,14340.4,1,1057
15,1190,38775.1,1,2858
15,1191,82687.7,1,6124
