1,1882,15.4477,1,0
1,1890,32.3828,1,0
1,1898,51.0078,1,0
1,1905,68.6354,1,0
1,1912,86.0521,1,0
1,1919,103.883,1,0
1,1925,122.706,1,0
1,1931,142.399,1,0
1,1936,158.393,1,0
1,1941,178.637,1,0
1,1946,199.496,1,0
1,1951,216.438,1,0
1,1956,233.228,1,0
1,1961,249.962,1,0
1,1965,270.862,1,0
1,1969,287.808,1,0
1,1973,305.15,1,0
1,1977,321.246,1,0
1,1981,337.475,1,0
1,1985,354.545,1,0
1,1988,370.716,1,0
1,1991,389.202,1,0
1,1994,405.529,1,0
1,1997,422.829,1,0
1,2000,439.867,1,0
1,2003,457.217,1,0
1,2006,474.259,1,0
1,2009,491.683,1,0
1,2011,509.045,1,0
1,2013,526.042,1,0
1,2015,542.803,1,0
1,2017,559.851,1,0
1,2020,578.829,1,0
1,2023,597.25,1,0
1,2025,614.582,1,0
1,2027,631.79,1,0
1,2029,649.297,1,0
1,2031,666.807,1,0
1,2034,684.265,1,0
1,2037,701.891,1,0
1,2041,719.964,1,0
1,2044,737.387,1,0
1,2046,754.692,1,0
1,2048,772.151,1,0
1,2050,791.642,1,0
1,2052,810.998,1,0
1,2056,828.486,1,0
1,2059,845.962,1,0
1,2061,863.227,1,0
1,2063,880.46,1,0
1,2065,897.789,1,0
1,2067,915.484,1,0
1,2069,933.094,1,0
1,2071,950.367,1,0
1,2074,967.325,1,0
1,2077,986.193,1,0
1,2079,1006.88,1,0
1,2080,1024.77,1,0
1,2081,1042.52,1,0
1,2082,1059.54,1,0
1,2083,1076.19,1,0
1,2084,1092.94,1,0
1,2087,1110.86,1,0
1,2088,1129.15,1,0
1,2089,1146.74,1,0
1,2090,1163.93,1,0
1,2091,1180.81,1,0
1,2092,1203.45,1,0
1,2093,1221.23,1,0
1,2094,1239,1,0
1,2096,1303.11,1,0
1,2097,1321.06,1,0
1,2098,1337.55,1,0
1,2100,1355.48,1,0
1,2101,1372.11,1,0
1,2102,1391.25,1,0
1,2103,1409.74,1,0
1,2104,1427.53,1,0
1,2105,1445.01,1,0
1,2106,1462.33,1,0
1,2108,1479.59,1,0
1,2109,1527.03,1,0
1,2110,1543.95,1,0
1,2112,1560.23,1,0
1,2113,1576.56,1,0
1,2114,1628.56,1,0
1,2115,1690.15,1,0
1,2116,1781.51,1,0
1,2117,1847.9,1,0
1,2118,1953.58,1,0
1,2119,2180.55,1,0
1,2120,2198.11,1,0
1,2121,2216.83,1,0
1,2122,2233.48,1,0
1,2123,2296.84,1,0
1,2124,2389.05,1,0
1,2125,2453.98,1,0
1,2126,2470.93,1,0
1,2127,2640.55,1,0
1,2128,2657.51,1,0
1,2129,2674.62,1,0
1,2130,2691.52,1,0
1,2131,2738.35,1,0
1,2132,2770.66,1,0
1,2133,5330.09,1,0
1,2135,5346.89,1,0
1,2136,5424.77,1,0
1,2138,5459.72,1,0
1,2139,5553.12,1,0
1,2140,82503,1,0
1,1859,16.4957,1,0
1,1868,37.774,1,0
1,1877,56.2538,1,0
1,1885,73.4163,1,0
1,1893,90.5874,1,0
1,1900,108.903,1,0
1,1907,128.002,1,0
1,1913,144.949,1,0
1,1919,162.769,1,0
1,1925,179.165,1,0
1,1931,196.482,1,0
1,1936,212.648,1,0
1,1941,231.263,1,0
1,1946,251.084,1,0
1,1951,268.05,1,0
1,1955,284.951,1,0
1,1959,302.347,1,0
1,1963,320.617,1,0
1,1969,337.944,1,0
1,1973,355.305,1,0
1,1977,372.026,1,0
1,1981,393.796,1,0
1,1985,410.886,1,0
1,1989,430.205,1,0
1,1993,449.113,1,0
1,1997,466.709,1,0
1,2000,483.656,1,0
1,2003,501.131,1,0
1,2007,518.309,1,0
1,2012,535.678,1,0
1,2015,553.707,1,0
1,2019,571.268,1,0
1,2022,588.931,1,0
1,2025,605.411,1,0
1,2028,622.641,1,0
1,2031,644.382,1,0
1,2034,662.991,1,0
1,2037,680.814,1,0
1,2040,697.269,1,0
1,2043,713.929,1,0
1,2045,731.252,1,0
1,2047,747.83,1,0
1,2050,764.932,1,0
1,2054,781.419,1,0
1,2056,798.799,1,0
1,2058,815.869,1,0
1,2061,834.651,1,0
1,2063,853.102,1,0
1,2065,872.789,1,0
1,2068,890.324,1,0
1,2070,908.301,1,0
1,2072,925.874,1,0
1,2074,942.903,1,0
1,2076,960.741,1,0
1,2078,978.031,1,0
1,2080,995.557,1,0
1,2081,1011.88,1,0
1,2082,1028.63,1,0
1,2083,1049.05,1,0
1,2085,1066.83,1,0
1,2086,1084.01,1,0
1,2087,1101.13,1,0
1,2088,1118.06,1,0
1,2091,1135.05,1,0
1,2093,1154.13,1,0
1,2095,1171.23,1,0
1,2096,1187.99,1,0
1,2097,1205.74,1,0
1,2098,1222.99,1,0
1,2100,1242.09,1,0
1,2101,1261.1,1,0
1,2102,1278.74,1,0
1,2103,1295.54,1,0
1,2104,1312.11,1,0
1,2106,1393.63,1,0
1,2107,1410.73,1,0
1,2108,1427.69,1,0
1,2110,1494.11,1,0
1,2112,1522,1,0
1,2113,1549.15,1,0
1,2114,1577.6,1,0
1,2115,1661.55,1,0
1,2116,1727.55,1,0
1,2117,1754.97,1,0
1,2118,1778.05,1,0
1,2119,1871.77,1,0
1,2120,2392.21,1,0
1,2121,2503.01,1,0
1,2122,2526.04,1,0
1,2123,2664.92,1,0
1,2124,2954.15,1,0
1,2125,2975.21,1,0
1,2126,2998.5,1,0
1,2127,3017.42,1,0
1,2128,3124.2,1,0
1,2129,3580.72,1,0
1,2130,4721.13,1,0
1,2131,4740.38,1,0
1,2132,4760.95,1,0
1,2133,6386.92,1,0
1,2134,6404.84,1,0
1,2135,6427.34,1,0
1,2136,6547.67,1,0
1,2137,6781.96,1,0
1,2138,9534.66,1,0
1,2139,117175,1,0
1,1881,15.2124,1,0
1,1889,32.0555,1,0
1,1896,49.4908,1,0
1,1903,66.433,1,0
1,1909,84.7754,1,0
1,1915,104.631,1,0
1,1921,122.075,1,0
1,1927,138.456,1,0
1,1935,153.955,1,0
1,1941,171.118,1,0
1,1946,186.699,1,0
1,1951,202.173,1,0
1,1955,217.675,1,0
1,1959,233.126,1,0
1,1963,248.608,1,0
1,1967,264.089,1,0
1,1971,279.69,1,0
1,1975,299.204,1,0
1,1979,317.308,1,0
1,1983,334.786,1,0
1,1987,352.245,1,0
1,1990,369.287,1,0
1,1993,386.269,1,0
1,1998,402.675,1,0
1,2001,420.307,1,0
1,2004,437.996,1,0
1,2007,455.156,1,0
1,2010,472.336,1,0
1,2013,491.308,1,0
1,2016,510.797,1,0
1,2021,528.039,1,0
1,2024,544.839,1,0
1,2027,561.243,1,0
1,2030,577.81,1,0
1,2033,594.589,1,0
1,2036,611.546,1,0
1,2039,627.817,1,0
1,2041,644.588,1,0
1,2043,661.77,1,0
1,2045,678.998,1,0
1,2047,698.694,1,0
1,2049,718.336,1,0
1,2051,735.932,1,0
1,2053,753.355,1,0
1,2055,770.748,1,0
1,2057,787.88,1,0
1,2059,805.159,1,0
1,2061,822.096,1,0
1,2063,839.473,1,0
1,2065,856.599,1,0
1,2067,873.35,1,0
1,2068,891.594,1,0
1,2069,909.928,1,0
1,2070,933.537,1,0
1,2073,950.242,1,0
1,2075,967.241,1,0
1,2077,984.603,1,0
1,2078,1002.48,1,0
1,2079,1019.94,1,0
1,2080,1037.27,1,0
1,2081,1055.09,1,0
1,2082,1072.27,1,0
1,2083,1089.54,1,0
1,2084,1110.17,1,0
1,2085,1130.58,1,0
1,2086,1149.03,1,0
1,2087,1166.26,1,0
1,2088,1183.62,1,0
1,2089,1200.68,1,0
1,2090,1217.98,1,0
1,2092,1235.46,1,0
1,2094,1252.7,1,0
1,2096,1270,1,0
1,2097,1287.16,1,0
1,2099,1306.1,1,0
1,2101,1325.37,1,0
1,2102,1343.71,1,0
1,2104,1361.28,1,0
1,2105,1377.67,1,0
1,2107,1484.4,1,0
1,2109,1564.89,1,0
1,2111,1581.52,1,0
1,2112,1598.44,1,0
1,2113,1615.6,1,0
1,2114,1632.74,1,0
1,2115,1650,1,0
1,2116,1730.82,1,0
1,2117,1807.53,1,0
1,2118,2341.97,1,0
1,2119,2405.02,1,0
1,2120,2421.92,1,0
1,2122,2439.21,1,0
1,2123,2456.49,1,0
1,2125,2596.31,1,0
1,2126,2613.17,1,0
1,2128,4446.13,1,0
1,2129,4463,1,0
1,2130,6893.84,1,0
1,2131,11528.2,1,0
1,2132,11559.6,1,0
1,2133,11606.2,1,0
1,2134,11637.5,1,0
1,2135,13845.2,1,0
1,2136,14570.8,1,0
1,2137,14587.6,1,0
1,2138,36012.3,1,0
1,2140,36029,1,0
1,1919,16.7255,1,0
1,1927,32.6176,1,0
1,1934,48.1533,1,0
1,1940,64.8342,1,0
1,1946,81.6039,1,0
1,1952,98.5525,1,0
1,1958,115.333,1,0
1,1964,132.084,1,0
1,1969,150.994,1,0
1,1974,171.205,1,0
1,1979,188.852,1,0
1,1984,205.848,1,0
1,1988,226.202,1,0
1,1992,243.888,1,0
1,1996,260.446,1,0
1,2000,277.142,1,0
1,2004,293.475,1,0
1,2008,309.449,1,0
1,2012,326.137,1,0
1,2016,343.828,1,0
1,2019,362.077,1,0
1,2022,378.247,1,0
1,2025,395.153,1,0
1,2028,412.356,1,0
1,2031,429.378,1,0
1,2034,446.3,1,0
1,2037,463.307,1,0
1,2040,480.43,1,0
1,2043,497.056,1,0
1,2046,514.235,1,0
1,2048,531.986,1,0
1,2050,551.4,1,0
1,2052,570.95,1,0
1,2054,588.352,1,0
1,2056,605.418,1,0
1,2057,622.356,1,0
1,2060,639.491,1,0
1,2061,656.644,1,0
1,2064,673.861,1,0
1,2066,691.47,1,0
1,2069,708.884,1,0
1,2071,726.083,1,0
1,2074,743.284,1,0
1,2075,762.46,1,0
1,2078,780.659,1,0
1,2079,797.948,1,0
1,2082,815.124,1,0
1,2083,832.32,1,0
1,2084,849.735,1,0
1,2085,867.126,1,0
1,2086,884.315,1,0
1,2087,901.579,1,0
1,2088,918.539,1,0
1,2090,935.407,1,0
1,2091,953.766,1,0
1,2092,1003.59,1,0
1,2094,1020.52,1,0
1,2095,1037.34,1,0
1,2097,1100.53,1,0
1,2098,1118.18,1,0
1,2099,1185.93,1,0
1,2100,1217.54,1,0
1,2102,1235.13,1,0
1,2103,1252.86,1,0
1,2105,1269.78,1,0
1,2106,1286.43,1,0
1,2108,1303.15,1,0
1,2109,1320.17,1,0
1,2110,1352.64,1,0
1,2111,1409.64,1,0
1,2112,1427.33,1,0
1,2113,1505.31,1,0
1,2114,1522.45,1,0
1,2116,1540.33,1,0
1,2117,2413.82,1,0
1,2118,2541.62,1,0
1,2119,3666.51,1,0
1,2120,3698.58,1,0
1,2121,3775.3,1,0
1,1886,15.2562,1,0
1,1894,33.3389,1,0
1,1901,50.756,1,0
1,1907,70.5562,1,0
1,1912,88.7585,1,0
1,1917,105.553,1,0
1,1921,122.399,1,0
1,1925,137.89,1,0
1,1929,154.422,1,0
1,1934,171.698,1,0
1,1938,189.07,1,0
1,1942,204.911,1,0
1,1948,221.888,1,0
1,1954,238.463,1,0
1,1958,255.338,1,0
1,1962,275.446,1,0
1,1966,294.301,1,0
1,1971,311.325,1,0
1,1975,326.807,1,0
1,1979,342.334,1,0
1,1983,357.788,1,0
1,1986,374.335,1,0
1,1989,392.04,1,0
1,1992,409.948,1,0
1,1996,426.503,1,0
1,1999,442.379,1,0
1,2002,460.344,1,0
1,2005,479.615,1,0
1,2008,496.524,1,0
1,2011,513.726,1,0
1,2014,530.587,1,0
1,2017,547.685,1,0
1,2020,564.05,1,0
1,2022,580.557,1,0
1,2024,601.65,1,0
1,2028,618.988,1,0
1,2030,636.316,1,0
1,2032,653.66,1,0
1,2035,673.313,1,0
1,2037,692.507,1,0
1,2040,709.743,1,0
1,2042,727.123,1,0
1,2044,744.382,1,0
1,2047,761.815,1,0
1,2050,779.23,1,0
1,2052,796.546,1,0
1,2054,813.788,1,0
1,2055,830.67,1,0
1,2056,847.38,1,0
1,2057,866.09,1,0
1,2058,885.249,1,0
1,2061,905.045,1,0
1,2062,921.887,1,0
1,2064,939.626,1,0
1,2065,956.031,1,0
1,2066,973.385,1,0
1,2068,990.561,1,0
1,2070,1008,1,0
1,2072,1025.45,1,0
1,2073,1043.08,1,0
1,2074,1060.43,1,0
1,2075,1080.62,1,0
1,2076,1101.44,1,0
1,2077,1119.53,1,0
1,2078,1137.01,1,0
1,2079,1246.63,1,0
1,2080,1263.6,1,0
1,2081,1282.65,1,0
1,2083,1301.98,1,0
1,2084,1319.42,1,0
1,2085,1336.08,1,0
1,2086,1353.53,1,0
1,2088,1385.95,1,0
1,2090,1402.86,1,0
1,2091,1420.01,1,0
1,2092,1452.88,1,0
1,2094,1469.6,1,0
1,2096,1487.63,1,0
1,2097,1506.56,1,0
1,2098,1523.26,1,0
1,2099,1570.62,1,0
1,2100,1603.35,1,0
1,2101,1620.98,1,0
1,2103,1637.93,1,0
1,2105,1671.12,1,0
1,2107,1689.68,1,0
1,2109,1708.83,1,0
1,2110,1726.21,1,0
1,2111,1743.6,1,0
1,2112,1790.81,1,0
1,2114,1807.4,1,0
1,2115,1824.44,1,0
1,2116,1889.08,1,0
1,2117,1907.54,1,0
1,2118,1984.28,1,0
1,2119,2001.55,1,0
1,2120,2141.99,1,0
1,2121,2159.12,1,0
1,2122,2235.55,1,0
1,2123,4591.87,1,0
1,2124,5748.78,1,0
1,2125,5768.29,1,0
1,2126,5785.62,1,0
1,2127,5802.62,1,0
1,2128,5864.61,1,0
1,2129,5881.7,1,0
1,2130,7912.61,1,0
1,2131,7929.57,1,0
1,2132,7946.68,1,0
1,2133,7963.61,1,0
1,2135,7999.73,1,0
1,2136,8567.48,1,0
1,2137,8585.04,1,0
1,2138,39682.7,1,0
1,2139,39701.6,1,0
1,2140,39720.7,1,0
1,2141,80058.4,1,0
1,1893,15.4635,1,0
1,1901,32.2296,1,0
1,1908,48.2216,1,0
1,1915,63.8142,1,0
1,1922,79.1939,1,0
1,1929,94.7877,1,0
1,1934,110.235,1,0
1,1939,125.914,1,0
1,1944,144.878,1,0
1,1949,162.784,1,0
1,1954,178.462,1,0
1,1959,194.637,1,0
1,1963,211.955,1,0
1,1967,228.335,1,0
1,1971,243.776,1,0
1,1976,260.222,1,0
1,1980,277.403,1,0
1,1984,294.647,1,0
1,1988,311.794,1,0
1,1992,327.92,1,0
1,1995,346.921,1,0
1,1999,363.872,1,0
1,2003,380.785,1,0
1,2007,397.823,1,0
1,2010,415.393,1,0
1,2013,432.843,1,0
1,2018,449.952,1,0
1,2022,467.167,1,0
1,2025,484.393,1,0
1,2028,501.449,1,0
1,2031,518.663,1,0
1,2034,537.442,1,0
1,2037,556.908,1,0
1,2040,573.546,1,0
1,2042,591.136,1,0
1,2044,607.556,1,0
1,2046,623.548,1,0
1,2048,640.809,1,0
1,2050,657.982,1,0
1,2052,675.271,1,0
1,2054,692.421,1,0
1,2056,709.561,1,0
1,2058,726.66,1,0
1,2059,745.638,1,0
1,2060,764.804,1,0
1,2063,786.112,1,0
1,2064,803.407,1,0
1,2066,820.676,1,0
1,2069,837.872,1,0
1,2071,855.057,1,0
1,2074,872.209,1,0
1,2077,889.45,1,0
1,2079,906.176,1,0
1,2082,923.212,1,0
1,2083,939.874,1,0
1,2084,959.089,1,0
1,2085,976.237,1,0
1,2086,993.074,1,0
1,2087,1009.89,1,0
1,2088,1027.15,1,0
1,2089,1044.55,1,0
1,2090,1061.52,1,0
1,2091,1078.48,1,0
1,2092,1095.14,1,0
1,2093,1111.56,1,0
1,2094,1128.31,1,0
1,2096,1147.06,1,0
1,2097,1167.28,1,0
1,2098,1188.58,1,0
1,2100,1205.39,1,0
1,2101,1252.2,1,0
1,2103,1269.69,1,0
1,2104,1286.88,1,0
1,2105,1333.79,1,0
1,2107,1370.9,1,0
1,2108,1389.89,1,0
1,2109,1406.87,1,0
1,2110,1424.07,1,0
1,2112,1441.18,1,0
1,2113,1458.4,1,0
1,2115,1490.74,1,0
1,2116,1507.6,1,0
1,2117,1539.41,1,0
1,2118,1558.29,1,0
1,2119,1577.58,1,0
1,2120,1609.26,1,0
1,2122,1640.99,1,0
1,2123,1673.21,1,0
1,2124,1690.32,1,0
1,2125,1708.18,1,0
1,2126,1741.17,1,0
1,2128,1792.75,1,0
1,2130,1809.55,1,0
1,2131,1826.31,1,0
1,2132,3012.43,1,0
1,2133,3030.26,1,0
1,2134,8137.59,1,0
1,2135,8184.46,1,0
1,2136,10473.3,1,0
1,2137,14208.6,1,0
1,2139,14226.2,1,0
1,2140,18161.8,1,0
1,2141,18210,1,0
1,1884,4479.5,1,0
1,1891,10448.9,1,0
1,1902,15.3849,1,1
1,1912,32.6484,1,2
1,1920,48.5039,1,3
1,1927,64.923,1,4
1,1933,83.7104,1,5
1,1938,103.47,1,6
1,1943,120.544,1,7
1,1948,137.609,1,8
1,1953,154.73,1,9
1,1958,171.712,1,10
1,1962,188.537,1,11
1,1966,205.427,1,12
1,1970,222.296,1,13
1,1974,239.228,1,14
1,1978,256.185,1,15
1,1982,273.26,1,16
1,1986,292.18,1,17
1,1990,310.601,1,18
1,1993,326.555,1,19
1,1996,342.547,1,20
1,1999,359.991,1,21
1,2002,376.406,1,22
1,2006,394.79,1,23
1,2009,412.667,1,24
1,2012,429.84,1,25
1,2015,446.771,1,26
1,2020,464.151,1,27
1,2023,482.344,1,28
1,2026,502.005,1,29
1,2029,519.588,1,30
1,2033,536.871,1,31
1,2037,554.069,1,32
1,2040,571.023,1,33
1,2042,588.88,1,34
1,2044,606.181,1,35
1,2046,623.524,1,36
1,2048,640.19,1,37
1,2050,656.817,1,38
1,2052,673.588,1,39
1,2055,692.438,1,40
1,2056,711.264,1,41
1,2059,728.85,1,42
1,2062,745.875,1,43
1,2063,763.287,1,44
1,2064,780.388,1,45
1,2066,797.814,1,46
1,2067,814.94,1,47
1,2068,832.233,1,48
1,2069,849.388,1,49
1,2070,867.434,1,50
1,2071,884.246,1,51
1,2072,903.807,1,52
1,2073,921.72,1,53
1,2074,939.025,1,54
1,2075,956.155,1,55
1,2076,973.241,1,56
1,2077,990.119,1,57
1,2079,1006.85,1,58
1,2080,1023.89,1,59
1,2081,1040.41,1,60
1,2082,1056.8,1,61
1,2084,1073.43,1,62
1,2086,1128.96,1,65
1,2088,1145.54,1,66
1,2090,1163.68,1,67
1,2092,1182.36,1,68
1,2094,1199.11,1,69
1,2096,1216.48,1,70
1,2097,1233.79,1,71
1,2098,1251.72,1,72
1,2100,1269.6,1,73
1,2102,1286.94,1,74
1,2103,1307.11,1,75
1,2104,1326.01,1,76
1,2106,1358.35,1,78
1,2107,1435.47,1,83
1,2108,1467.3,1,85
1,2110,1484.28,1,86
1,2112,1502.97,1,87
1,2113,1537.11,1,89
1,2114,1584.58,1,92
1,2115,1647.84,1,96
1,2116,1727.48,1,101
1,2117,1745.01,1,102
1,2118,1821.03,1,107
1,2119,1852.88,1,109
1,2120,1885.76,1,111
1,2121,1903.03,1,112
1,2122,1923.35,1,113
1,2123,1970.89,1,116
1,2124,1987.93,1,117
1,2125,2020.16,1,119
1,2126,2037.16,1,120
1,2127,2226.95,1,132
1,2128,2288.53,1,136
1,2129,2414.09,1,144
1,2130,2431.08,1,145
1,2131,2477.93,1,148
1,2132,2495.15,1,149
1,2133,2530.08,1,151
1,2134,2638.8,1,158
1,2135,2670.47,1,160
1,2136,2718.41,1,163
1,2137,5278.93,1,330
1,2138,5295.97,1,331
1,2139,16127.8,1,1037
1,1896,22.5987,1,1
1,1904,50.3759,1,2
1,1911,72.2005,1,3
1,1918,93.2584,1,4
1,1925,114.597,1,5
1,1931,137.047,1,6
1,1937,162.567,1,7
1,1943,188.155,1,8
1,1948,206.326,1,9
1,1953,224.054,1,10
1,1958,242.522,1,11
1,1963,267.267,1,12
1,1968,287.366,1,13
1,1973,307.186,1,14
1,1977,328.4,1,15
1,1981,349.871,1,16
1,1985,373.721,1,17
1,1989,399.86,1,18
1,1992,424.917,1,19
1,1995,450.518,1,20
1,1999,474.075,1,21
1,2002,499.813,1,22
1,2005,521.355,1,23
1,2008,546.166,1,24
1,2011,566.705,1,25
1,2015,590.05,1,26
1,2018,607.858,1,27
1,2020,627.333,1,28
1,2022,644.92,1,29
1,2024,664.974,1,30
1,2028,686.707,1,31
1,2031,708.039,1,32
1,2033,727.839,1,33
1,2035,746.636,1,34
1,2037,767.695,1,35
1,2039,785.503,1,36
1,2041,806.666,1,37
1,2045,826.084,1,38
1,2049,843.448,1,39
1,2051,864.426,1,40
1,2053,888.619,1,41
1,2055,913.221,1,42
1,2057,933.479,1,43
1,2059,953.791,1,44
1,2061,972.78,1,45
1,2063,990.296,1,46
1,2066,1007.7,1,47
1,2068,1028.36,1,48
1,2071,1046.01,1,49
1,2073,1066.58,1,50
1,2075,1086.92,1,51
1,2076,1113.6,1,52
1,2077,1130.91,1,53
1,2078,1148.42,1,54
1,2080,1166.11,1,55
1,2081,1184.94,1,56
1,2082,1204.42,1,57
1,2083,1224.3,1,58
1,2086,1246.45,1,59
1,2088,1266.13,1,60
1,2089,1287.34,1,61
1,2090,1304.91,1,62
1,2091,1321.77,1,63
1,2092,1339.94,1,64
1,2093,1358.34,1,65
1,2094,1377.39,1,66
1,2095,1395.48,1,67
1,2096,1413.22,1,68
1,2097,1430.87,1,69
1,2098,1448.62,1,70
1,2099,1467.05,1,71
1,2100,1487.1,1,72
1,2102,1505.12,1,73
1,2103,1526.37,1,74
1,2104,1544.18,1,75
1,2105,1561.32,1,76
1,2107,1610.82,1,79
1,2108,1643.09,1,81
1,2109,1697.25,1,84
1,2110,1714.75,1,85
1,2112,1748.78,1,87
1,2113,1767.05,1,88
1,2114,1945.71,1,99
1,2115,1962.7,1,100
1,2116,1994.86,1,102
1,2117,2030.13,1,104
1,2118,2097.09,1,108
1,2119,2116.44,1,109
1,2121,2163.31,1,112
1,2122,2209.78,1,115
1,2124,2300.88,1,120
1,2125,2318.79,1,121
1,2126,2847.53,1,153
1,2127,2864.81,1,154
1,2128,2881.14,1,155
1,2129,2899.56,1,156
1,2130,9814.8,1,521
1,2131,13129.4,1,731
1,2132,23774.9,1,1398
1,2133,26091.2,1,1545
1,2134,26123.1,1,1547
1,2135,26140.2,1,1548
1,2136,26513.7,1,1572
1,2137,36165.6,1,2188
1,2138,61193.4,1,3776
1,2139,127894,1,8101
1,2140,127915,1,8102
2,1892,16.4693,1,1
2,1899,35.426,1,2
2,1906,64.0329,1,3
2,1913,81.1437,1,4
2,1919,100.513,1,5
2,1925,122.536,1,6
2,1931,139.515,1,7
2,1937,156.347,1,8
2,1943,173.158,1,9
2,1949,190.181,1,10
2,1955,207.212,1,11
2,1960,223.939,1,12
2,1965,240.805,1,13
2,1970,258.075,1,14
2,1974,275.736,1,15
2,1978,293.424,1,16
2,1982,312.862,1,17
2,1985,329.897,1,18
2,1988,346.667,1,19
2,1991,363.604,1,20
2,1994,380.385,1,21
2,1997,397.634,1,22
2,2002,414.334,1,23
2,2005,431.141,1,24
2,2008,447.748,1,25
2,2011,464.852,1,26
2,2015,480.926,1,27
2,2017,497.697,1,28
2,2019,515.765,1,29
2,2023,532.726,1,30
2,2025,549.654,1,31
2,2027,566.346,1,32
2,2029,583.261,1,33
2,2032,599.601,1,34
2,2034,616.498,1,35
2,2036,633.278,1,36
2,2039,650.163,1,37
2,2041,667.29,1,38
2,2043,683.804,1,39
2,2045,700.234,1,40
2,2047,718.642,1,41
2,2049,735.844,1,42
2,2051,752.619,1,43
2,2053,769.475,1,44
2,2054,786.364,1,45
2,2055,803.501,1,46
2,2058,820.196,1,47
2,2059,837.004,1,48
2,2061,853.975,1,49
2,2062,871.04,1,50
2,2063,887.295,1,51
2,2064,904.336,1,52
2,2065,922.623,1,53
2,2066,939.544,1,54
2,2067,956.675,1,55
2,2068,973.605,1,56
2,2069,991.209,1,57
2,2070,1008.86,1,58
2,2071,1026.66,1,59
2,2073,1042.68,1,60
2,2074,1059.93,1,61
2,2075,1077.07,1,62
2,2077,1127.02,1,65
2,2078,1143.93,1,66
2,2080,1177.46,1,68
2,2081,1209.5,1,70
2,2082,1241.11,1,72
2,2083,1257.79,1,73
2,2084,1275.67,1,74
2,2085,1293.14,1,75
2,2086,1359.72,1,79
2,2087,1390.65,1,81
2,2088,1406.68,1,82
2,2090,1426.11,1,83
2,2091,1455.15,1,84
2,2092,1472.32,1,85
2,2093,1537.2,1,89
2,2094,1554.22,1,90
2,2096,1571.16,1,91
2,2097,1587.86,1,92
2,2098,1634.35,1,95
2,2099,1680.98,1,98
2,2100,1697.82,1,99
2,2101,1853.63,1,109
2,2103,1871.14,1,110
2,2104,1955.68,1,115
2,2105,2052.4,1,121
2,2106,2606.44,1,157
2,2107,2623.58,1,158
2,2108,2639.5,1,159
2,2109,2720.61,1,162
2,2110,2738.87,1,163
2,2111,2757.61,1,164
2,2112,3079.03,1,185
2,2113,3095.53,1,186
2,2114,3111.55,1,187
2,2115,3146.31,1,189
2,2116,3183.82,1,191
2,2117,3232.25,1,194
2,2118,3249.01,1,195
2,2119,4270.02,1,262
2,2120,4291.34,1,263
2,2121,4309.26,1,264
2,2122,4478.04,1,275
2,2123,4698.05,1,289
2,2124,4716.07,1,290
2,2125,5193.17,1,321
2,2126,5210.75,1,322
2,2127,5230.32,1,323
2,2128,5313.89,1,328
2,2129,6349.1,1,395
2,2130,6448.43,1,401
2,2131,6497.65,1,404
2,2132,6576.21,1,409
2,2133,6959.76,1,434
2,2134,6976.35,1,435
2,2135,6993.2,1,436
2,2136,7931.53,1,497
2,2137,7947.13,1,498
2,2138,7977.77,1,500
2,2139,7995.24,1,501
3,1877,18.9373,1,1
3,1884,35.8922,1,2
3,1890,52.5818,1,3
3,1896,69.2599,1,4
3,1901,86.1315,1,5
3,1906,102.951,1,6
3,1911,119.63,1,7
3,1916,136.384,1,8
3,1922,152.88,1,9
3,1929,170.095,1,10
3,1934,189.807,1,11
3,1940,205.989,1,12
3,1945,224.956,1,13
3,1951,242.229,1,14
3,1956,259.254,1,15
3,1960,276.281,1,16
3,1964,293.614,1,17
3,1968,310.809,1,18
3,1972,328.019,1,19
3,1976,345.242,1,20
3,1980,362.515,1,21
3,1984,381.347,1,22
3,1988,400.782,1,23
3,1992,417.828,1,24
3,1995,434.704,1,25
3,2000,451.872,1,26
3,2005,469.094,1,27
3,2010,486.288,1,28
3,2014,503.544,1,29
3,2018,520.258,1,30
3,2021,536.937,1,31
3,2024,553.687,1,32
3,2027,570.345,1,33
3,2031,588.925,1,34
3,2033,607.704,1,35
3,2035,624.923,1,36
3,2037,642.135,1,37
3,2039,659.408,1,38
3,2041,676.769,1,39
3,2043,693.984,1,40
3,2044,711.385,1,41
3,2047,728.646,1,42
3,2048,745.911,1,43
3,2049,762.582,1,44
3,2050,780.504,1,45
3,2053,803.191,1,46
3,2055,820.355,1,47
3,2057,837.042,1,48
3,2059,854.446,1,49
3,2060,871.258,1,50
3,2061,888.031,1,51
3,2064,904.467,1,52
3,2066,921.924,1,53
3,2067,938.268,1,54
3,2069,954.812,1,55
3,2071,971.892,1,56
3,2072,990.384,1,57
3,2073,1010.83,1,58
3,2074,1026.99,1,59
3,2075,1044.71,1,60
3,2076,1061.23,1,61
3,2077,1077.21,1,62
3,2078,1094.44,1,63
3,2080,1111.74,1,64
3,2082,1129.08,1,65
3,2083,1146.46,1,66
3,2084,1163.46,1,67
3,2085,1180.39,1,68
3,2087,1259.93,1,73
3,2089,1276.78,1,74
3,2090,1293.07,1,75
3,2091,1309.15,1,76
3,2093,1325.51,1,77
3,2094,1342.42,1,78
3,2095,1374.05,1,80
3,2096,1392.36,1,81
3,2098,1410.87,1,82
3,2099,1428.19,1,83
3,2100,1444.89,1,84
3,2102,1491.2,1,87
3,2104,1552.28,1,91
3,2105,1568.85,1,92
3,2106,1585.58,1,93
3,2107,1603.76,1,94
3,2108,1637.05,1,96
3,2109,1653.17,1,97
3,2110,1669.91,1,98
3,2111,1701.33,1,100
3,2112,1747.86,1,103
3,2113,1842.03,1,109
3,2115,1874.83,1,111
3,2116,2552.51,1,155
3,2117,2569.07,1,156
3,2118,2585.88,1,157
3,2119,2602.77,1,158
3,2120,2637.78,1,160
3,2122,3719,1,231
3,2123,3848.07,1,239
3,2124,4563.63,1,286
3,2125,4580.34,1,287
3,2126,4822.94,1,303
3,2127,4839.48,1,304
3,2128,4860.27,1,305
3,2129,4877.86,1,306
3,2130,4968.64,1,312
3,2131,4985.34,1,313
3,2132,5001.99,1,314
3,2133,5018.52,1,315
3,2135,5035.24,1,316
3,2137,5074.66,1,318
3,2138,5106.45,1,320
3,2139,5137.86,1,322
3,2140,93900.2,1,6118
4,1870,17.5336,1,1
4,1878,35.2708,1,2
4,1886,51.9494,1,3
4,1893,68.6176,1,4
4,1899,85.3613,1,5
4,1906,104.543,1,6
4,1912,126.875,1,7
4,1918,143.11,1,8
4,1923,159.862,1,9
4,1929,176.572,1,10
4,1934,193.383,1,11
4,1939,210.554,1,12
4,1944,227.181,1,13
4,1950,243.959,1,14
4,1955,260.489,1,15
4,1960,277.434,1,16
4,1964,293.719,1,17
4,1968,310.198,1,18
4,1973,328.449,1,19
4,1979,349.013,1,20
4,1983,366.29,1,21
4,1987,382.945,1,22
4,1991,399.745,1,23
4,1996,416.555,1,24
4,2000,440.129,1,25
4,2004,456.791,1,26
4,2008,473.287,1,27
4,2011,489.97,1,28
4,2014,506.723,1,29
4,2017,525.513,1,30
4,2020,544.907,1,31
4,2024,562.299,1,32
4,2026,579.064,1,33
4,2028,595.645,1,34
4,2030,612.263,1,35
4,2033,628.899,1,36
4,2035,645.576,1,37
4,2039,662.094,1,38
4,2041,678.877,1,39
4,2044,695.429,1,40
4,2046,712.117,1,41
4,2048,730.491,1,42
4,2050,748.625,1,43
4,2052,765.686,1,44
4,2054,782.258,1,45
4,2056,799.002,1,46
4,2058,815.584,1,47
4,2060,832.533,1,48
4,2062,849.095,1,49
4,2065,865.777,1,50
4,2067,882.3,1,51
4,2070,899.429,1,52
4,2072,915.821,1,53
4,2074,935.392,1,54
4,2076,952.92,1,55
4,2078,971.055,1,56
4,2079,988.139,1,57
4,2080,1004.59,1,58
4,2081,1025.14,1,59
4,2083,1041.95,1,60
4,2084,1058.72,1,61
4,2086,1075.07,1,62
4,2087,1091.27,1,63
4,2088,1107.95,1,64
4,2089,1125.6,1,65
4,2090,1144.49,1,66
4,2091,1161.48,1,67
4,2093,1179.21,1,68
4,2094,1196.67,1,69
4,2095,1214.11,1,70
4,2096,1230.8,1,71
4,2097,1247.04,1,72
4,2098,1262.47,1,73
4,2099,1322.77,1,77
4,2100,1341.26,1,78
4,2101,1388.7,1,81
4,2102,1420.41,1,83
4,2104,1436.4,1,84
4,2105,1453.21,1,85
4,2106,1471.42,1,86
4,2107,1514.2,1,88
4,2108,1531.89,1,89
4,2109,1610.02,1,94
4,2110,1641.44,1,96
4,2111,1675.66,1,98
4,2112,1701.81,1,99
4,2113,1797.31,1,105
4,2114,1813.9,1,106
4,2115,1831.61,1,107
4,2116,1926.11,1,113
4,2117,1944.27,1,114
4,2118,2012.2,1,118
4,2120,2042.69,1,120
4,2121,2060.09,1,121
4,2122,2233.51,1,132
4,2123,2361.14,1,140
4,2124,2986.18,1,181
4,2125,3004.02,1,182
4,2126,3210.18,1,195
4,2127,3227.09,1,196
4,2128,3476.34,1,212
4,2129,3493.45,1,213
4,2130,5019.74,1,312
4,2132,5037.29,1,313
4,2133,5053.98,1,314
4,2134,5070.61,1,315
4,2135,5090.12,1,316
4,2136,5168.02,1,321
4,2137,10447.6,1,664
4,2138,10466,1,665
4,2139,20072.7,1,1288
5,1886,16.3615,1,1
5,1894,33.9164,1,2
5,1901,50.5843,1,3
5,1907,67.2312,1,4
5,1913,84.072,1,5
5,1919,103,1,6
5,1925,123.84,1,7
5,1931,141.651,1,8
5,1936,157.606,1,9
5,1941,175.63,1,10
5,1945,192.442,1,11
5,1949,209.205,1,12
5,1953,225.894,1,13
5,1957,242.52,1,14
5,1961,259.042,1,15
5,1967,275.73,1,16
5,1971,292.376,1,17
5,1974,308.833,1,18
5,1979,325.24,1,19
5,1982,343.655,1,20
5,1987,360.649,1,21
5,1990,377.408,1,22
5,1993,394.302,1,23
5,1996,410.806,1,24
5,1999,427.452,1,25
5,2002,444.145,1,26
5,2005,460.785,1,27
5,2007,477.305,1,28
5,2011,494.065,1,29
5,2013,510.61,1,30
5,2015,527.341,1,31
5,2019,545.79,1,32
5,2021,562.287,1,33
5,2023,579.129,1,34
5,2025,595.872,1,35
5,2028,612.507,1,36
5,2030,629.036,1,37
5,2034,645.865,1,38
5,2036,662.499,1,39
5,2038,679.167,1,40
5,2040,695.691,1,41
5,2042,712.573,1,42
5,2044,729.064,1,43
5,2046,747.742,1,44
5,2049,764.888,1,45
5,2051,781.595,1,46
5,2053,798.33,1,47
5,2055,814.826,1,48
5,2056,831.52,1,49
5,2058,848.124,1,50
5,2059,864.814,1,51
5,2060,881.313,1,52
5,2062,897.984,1,53
5,2064,920.433,1,54
5,2065,936.426,1,55
5,2068,956.468,1,56
5,2069,972.831,1,57
5,2071,989.691,1,58
5,2074,1007.46,1,59
5,2076,1024.46,1,60
5,2078,1041.1,1,61
5,2079,1056.67,1,62
5,2080,1072.02,1,63
5,2081,1087.46,1,64
5,2082,1102.73,1,65
5,2083,1118.3,1,66
5,2084,1133.61,1,67
5,2085,1150.94,1,68
5,2086,1168.08,1,69
5,2087,1185.52,1,70
5,2089,1202.51,1,71
5,2090,1217.81,1,72
5,2091,1233.46,1,73
5,2092,1250.6,1,74
5,2093,1268.08,1,75
5,2094,1284.62,1,76
5,2095,1300.06,1,77
5,2096,1316.72,1,78
5,2098,1333.43,1,79
5,2100,1351.65,1,80
5,2101,1370.13,1,81
5,2102,1386.89,1,82
5,2104,1402.86,1,83
5,2105,1419.41,1,84
5,2106,1435.91,1,85
5,2107,1452.6,1,86
5,2108,1469.14,1,87
5,2109,1486.01,1,88
5,2110,1502.58,1,89
5,2111,1519.37,1,90
5,2113,1536.21,1,91
5,2114,1601.4,1,95
5,2115,1617.94,1,96
5,2116,1650.32,1,98
5,2117,1730.08,1,103
5,2118,1779.67,1,106
5,2119,1826.27,1,109
5,2120,1843.87,1,110
5,2121,1861.66,1,111
5,2122,1889.26,1,112
5,2123,2109.62,1,126
5,2124,2127.15,1,127
5,2125,2212.73,1,132
5,2127,2260.13,1,135
5,2128,2276.84,1,136
5,2129,2292.97,1,137
5,2130,2324.11,1,139
5,2131,2340.18,1,140
5,2132,8410.91,1,536
5,2133,8428.49,1,537
5,2134,8496.79,1,541
5,2135,16164.3,1,1035
5,2136,33385.6,1,2155
5,2137,37601.4,1,2429
5,2138,51482.6,1,3337
5,2139,63373.3,1,4113
5,2140,63405,1,4115
6,1880,19.5918,1,1
6,1888,37.6698,1,2
6,1895,54.4577,1,3
6,1902,71.3892,1,4
6,1909,91.7394,1,5
6,1915,107.501,1,6
6,1921,124.2,1,7
6,1927,140.837,1,8
6,1932,157.599,1,9
6,1938,174.12,1,10
6,1943,192.446,1,11
6,1948,211.592,1,12
6,1953,228.642,1,13
6,1957,245.056,1,14
6,1961,261.311,1,15
6,1967,278.206,1,16
6,1971,294.706,1,17
6,1975,311.547,1,18
6,1979,328.074,1,19
6,1983,344.956,1,20
6,1987,361.84,1,21
6,1991,378.57,1,22
6,1995,396.696,1,23
6,1999,416.371,1,24
6,2003,432.753,1,25
6,2007,448.692,1,26
6,2011,465.35,1,27
6,2014,481.908,1,28
6,2018,498.611,1,29
6,2021,515.156,1,30
6,2024,531.809,1,31
6,2027,548.343,1,32
6,2030,565.341,1,33
6,2034,581.88,1,34
6,2037,600.093,1,35
6,2040,618.701,1,36
6,2043,636.661,1,37
6,2047,652.241,1,38
6,2050,667.797,1,39
6,2053,684.907,1,40
6,2056,700.355,1,41
6,2058,717.307,1,42
6,2060,733.838,1,43
6,2062,750.456,1,44
6,2065,767.191,1,45
6,2067,784.027,1,46
6,2069,802.917,1,47
6,2071,821.283,1,48
6,2073,838.247,1,49
6,2075,856.31,1,50
6,2077,873.484,1,51
6,2079,890.056,1,52
6,2081,906.724,1,53
6,2083,923.279,1,54
6,2084,939.934,1,55
6,2086,956.458,1,56
6,2087,973.272,1,57
6,2088,989.898,1,58
6,2089,1008.5,1,59
6,2090,1026.97,1,60
6,2091,1044.31,1,61
6,2092,1060.61,1,62
6,2093,1077.57,1,63
6,2094,1094.35,1,64
6,2095,1110.95,1,65
6,2096,1127.59,1,66
6,2097,1144.13,1,67
6,2098,1160.82,1,68
6,2099,1177.4,1,69
6,2101,1193.71,1,70
6,2102,1211.91,1,71
6,2103,1277.55,1,75
6,2105,1294.26,1,76
6,2106,1311.04,1,77
6,2108,1328.67,1,78
6,2109,1345.44,1,79
6,2110,1381.35,1,81
6,2111,1433.1,1,84
6,2113,1479.47,1,87
6,2115,1496.12,1,88
6,2116,1545.47,1,91
6,2117,1639.63,1,97
6,2118,1671.12,1,99
6,2119,1688.82,1,100
6,2120,1738.99,1,103
6,2121,1800,1,107
6,2122,1819.12,1,108
6,2123,1916.54,1,114
6,2124,3184.16,1,197
6,2125,3201.42,1,198
6,2126,3234.8,1,200
6,2127,3319.23,1,205
6,2128,4194.77,1,262
6,2130,4211.39,1,263
6,2131,4228.13,1,264
6,2132,4337.45,1,271
6,2133,4388.4,1,274
6,2134,5871.11,1,371
6,2135,6088.59,1,385
6,2136,6107.39,1,386
6,2137,6124.16,1,387
6,2138,6155.58,1,389
7,1899,17.455,1,1
7,1907,35.4572,1,2
7,1914,51.8744,1,3
7,1921,67.78,1,4
7,1927,88.382,1,5
7,1933,106.568,1,6
7,1939,122.985,1,7
7,1945,139.811,1,8
7,1951,156.521,1,9
7,1956,173.547,1,10
7,1961,190.323,1,11
7,1966,206.837,1,12
7,1971,223.286,1,13
7,1976,239.836,1,14
7,1980,256.447,1,15
7,1984,273.118,1,16
7,1988,290.977,1,17
7,1992,309.514,1,18
7,1996,326.897,1,19
7,2000,344.25,1,20
7,2003,360.732,1,21
7,2006,377.573,1,22
7,2009,394.094,1,23
7,2012,410.773,1,24
7,2016,426.516,1,25
7,2019,442.75,1,26
7,2022,459.607,1,27
7,2025,476.187,1,28
7,2028,494.385,1,29
7,2031,513.117,1,30
7,2034,530.13,1,31
7,2036,546.688,1,32
7,2038,563.448,1,33
7,2041,579.448,1,34
7,2043,594.941,1,35
7,2045,610.737,1,36
7,2048,626.163,1,37
7,2050,642.703,1,38
7,2052,659.916,1,39
7,2054,677.182,1,40
7,2056,694.015,1,41
7,2058,711.707,1,42
7,2060,728.231,1,43
7,2063,745.207,1,44
7,2065,761.792,1,45
7,2067,778.624,1,46
7,2068,795.134,1,47
7,2069,811.77,1,48
7,2071,828.266,1,49
7,2072,845.69,1,50
7,2075,863.471,1,51
7,2076,879.726,1,52
7,2077,896.323,1,53
7,2079,913.664,1,54
7,2080,931.009,1,55
7,2082,947.703,1,56
7,2083,964.359,1,57
7,2084,981.351,1,58
7,2085,997.863,1,59
7,2087,1014.42,1,60
7,2088,1034.88,1,61
7,2089,1051.38,1,62
7,2090,1067.42,1,63
7,2091,1084.13,1,64
7,2092,1101.39,1,65
7,2093,1119.24,1,66
7,2094,1136.03,1,67
7,2095,1153.02,1,68
7,2097,1199.71,1,71
7,2098,1216.54,1,72
7,2100,1233.09,1,73
7,2102,1294.08,1,77
7,2104,1312.38,1,78
7,2105,1334.96,1,79
7,2106,1352.66,1,80
7,2107,1381.8,1,81
7,2108,1428.28,1,84
7,2109,1445.1,1,85
7,2110,1461.68,1,86
7,2111,1493.92,1,88
7,2112,1580.9,1,93
7,2113,1611.44,1,95
7,2114,1627.99,1,96
7,2115,1674.16,1,99
7,2116,1705.69,1,101
7,2117,1759.54,1,104
7,2119,1777.27,1,105
7,2121,1794.65,1,106
7,2122,1811.64,1,107
7,2123,1906.67,1,113
7,2124,1992.97,1,118
7,2125,2024.74,1,120
7,2126,2100.6,1,125
7,2127,2117.16,1,126
7,2128,2445.88,1,147
7,2129,2493.23,1,150
7,2130,2682.61,1,162
7,2131,2699.02,1,163
7,2132,2746.67,1,166
7,2133,3333.88,1,203
7,2134,3349.62,1,204
7,2135,3434.37,1,209
7,2136,3709.56,1,227
7,2137,3725.85,1,228
7,2138,3743.06,1,229
7,2139,3761.08,1,230
7,2140,73592.6,1,4777
7,2141,73609.2,1,4778
8,1895,18.8785,1,1
8,1904,36.4816,1,2
8,1912,53.1297,1,3
8,1920,69.8773,1,4
8,1928,86.6778,1,5
8,1935,106.226,1,6
8,1942,122.688,1,7
8,1949,139.571,1,8
8,1955,156.128,1,9
8,1961,174.26,1,10
8,1967,193.548,1,11
8,1972,210.783,1,12
8,1977,227.394,1,13
8,1982,244.028,1,14
8,1986,260.849,1,15
8,1991,277.122,1,16
8,1995,293.696,1,17
8,1999,310.265,1,18
8,2005,327.048,1,19
8,2009,343.587,1,20
8,2013,360.27,1,21
8,2017,378.357,1,22
8,2020,399.138,1,23
8,2023,416.147,1,24
8,2026,432.86,1,25
8,2029,449.068,1,26
8,2032,465.377,1,27
8,2034,481.451,1,28
8,2036,497.185,1,29
8,2038,513.877,1,30
8,2040,530.633,1,31
8,2042,547.255,1,32
8,2044,563.842,1,33
8,2046,581.994,1,34
8,2048,601.104,1,35
8,2050,618.032,1,36
8,2052,634.599,1,37
8,2053,651.273,1,38
8,2054,667.592,1,39
8,2057,683.754,1,40
8,2059,699.788,1,41
8,2062,716.311,1,42
8,2065,733.155,1,43
8,2067,749.777,1,44
8,2069,766.451,1,45
8,2072,784.507,1,46
8,2075,804.702,1,47
8,2078,821.567,1,48
8,2081,838.638,1,49
8,2084,855.054,1,50
8,2087,871.315,1,51
8,2089,887.106,1,52
8,2091,903.713,1,53
8,2093,920.627,1,54
8,2094,937.556,1,55
8,2095,954.341,1,56
8,2096,970.819,1,57
8,2097,990.21,1,58
8,2100,1008.3,1,59
8,2101,1029.16,1,60
8,2103,1046.16,1,61
8,2104,1062.75,1,62
8,2105,1079.38,1,63
8,2106,1094.71,1,64
8,2108,1110.12,1,65
8,2109,1125.43,1,66
8,2110,1140.95,1,67
8,2111,1156.82,1,68
8,2112,1173.54,1,69
8,2113,1190.68,1,70
8,2115,1240.38,1,73
8,2116,1258.08,1,74
8,2118,1337.89,1,79
8,2119,1403.21,1,83
8,2120,1566.22,1,93
8,2121,1583.39,1,94
8,2122,1601.89,1,95
8,2123,1770.44,1,106
8,2124,1787.56,1,107
8,2125,1806.78,1,108
8,2126,1889.82,1,113
8,2127,1995.35,1,120
8,2128,2830.16,1,174
8,2129,2846.98,1,175
8,2130,2863.69,1,176
8,2131,2880.26,1,177
8,2132,2956.22,1,182
8,2133,2972.94,1,183
8,2134,3057.71,1,188
8,2135,5896.88,1,373
8,2136,6708.56,1,426
8,2138,6726.4,1,427
8,2139,6742.99,1,428
8,2140,91876.4,1,5983
9,1879,17.7752,1,1
9,1886,34.7952,1,2
9,1893,52.9536,1,3
9,1900,72.0347,1,4
9,1907,91.2961,1,5
9,1914,111.63,1,6
9,1921,128.473,1,7
9,1927,144.01,1,8
9,1933,159.328,1,9
9,1939,174.768,1,10
9,1945,190.144,1,11
9,1950,205.692,1,12
9,1955,221.761,1,13
9,1960,239.279,1,14
9,1965,257.161,1,15
9,1970,275.582,1,16
9,1975,293.021,1,17
9,1979,308.841,1,18
9,1983,324.135,1,19
9,1987,341.306,1,20
9,1990,358.394,1,21
9,1993,373.772,1,22
9,1997,390.7,1,23
9,2000,407.238,1,24
9,2003,423.922,1,25
9,2006,440.547,1,26
9,2009,459.144,1,27
9,2012,482.174,1,28
9,2015,503.472,1,29
9,2018,519.821,1,30
9,2021,536.437,1,31
9,2023,553.144,1,32
9,2025,569.699,1,33
9,2027,587.602,1,34
9,2029,604.698,1,35
9,2033,620.395,1,36
9,2036,637.193,1,37
9,2038,653.043,1,38
9,2040,671.528,1,39
9,2042,688.032,1,40
9,2044,705.906,1,41
9,2045,722.726,1,42
9,2047,739.428,1,43
9,2048,756.07,1,44
9,2051,772.808,1,45
9,2052,789.455,1,46
9,2053,806.094,1,47
9,2056,822.587,1,48
9,2058,839.347,1,49
9,2060,855.793,1,50
9,2061,873.645,1,51
9,2062,890.856,1,52
9,2063,907.469,1,53
9,2065,924.141,1,54
9,2066,940.642,1,55
9,2067,957.273,1,56
9,2068,974.102,1,57
9,2069,990.891,1,58
9,2070,1007.39,1,59
9,2071,1025.43,1,60
9,2072,1042.11,1,61
9,2074,1058.7,1,62
9,2075,1076.8,1,63
9,2076,1098.07,1,64
9,2078,1114.6,1,65
9,2079,1131.15,1,66
9,2080,1147.84,1,67
9,2081,1208.95,1,71
9,2082,1226.57,1,72
9,2083,1243.14,1,73
9,2084,1277.49,1,75
9,2086,1297.87,1,76
9,2087,1344,1,79
9,2088,1375.56,1,81
9,2090,1392.56,1,82
9,2091,1409.07,1,83
9,2092,1425.73,1,84
9,2093,1442.25,1,85
9,2094,1458.95,1,86
9,2096,1477.11,1,87
9,2098,1525.61,1,90
9,2099,1557.38,1,92
9,2100,1590.01,1,94
9,2101,1668.4,1,99
9,2102,1685.91,1,100
9,2103,1702.8,1,101
9,2105,1719.61,1,102
9,2106,1736.16,1,103
9,2107,1752.79,1,104
9,2108,1813.99,1,108
9,2109,1845.42,1,110
9,2110,1879.13,1,112
9,2111,1965.43,1,117
9,2113,1981.61,1,118
9,2114,1998.18,1,119
9,2115,2059.29,1,123
9,2116,2111.28,1,126
9,2117,2128.14,1,127
9,2118,2144.71,1,128
9,2120,2177.06,1,130
9,2121,2210.82,1,132
9,2122,2475.64,1,149
9,2123,2494.99,1,150
9,2125,5277.08,1,331
9,2126,5386.47,1,338
9,2127,6246.97,1,394
9,2128,6263.78,1,395
9,2129,13653.5,1,871
9,2130,13688.1,1,873
9,2131,13704.3,1,874
9,2132,13814.8,1,881
9,2133,14090.3,1,899
9,2134,14108.5,1,900
9,2135,14160.6,1,903
9,2136,17964.3,1,1150
9,2137,17980.9,1,1151
9,2138,18012.7,1,1153
9,2139,59632.4,1,3868
9,2140,59729.4,1,3874
10,1889,19.2172,1,1
10,1896,37.2312,1,2
10,1902,54.0388,1,3
10,1908,70.7529,1,4
10,1914,90.0471,1,5
10,1919,111.653,1,6
10,1924,127.654,1,7
10,1929,144.716,1,8
10,1933,161.402,1,9
10,1939,177.977,1,10
10,1943,194.765,1,11
10,1948,211.496,1,12
10,1953,227.25,1,13
10,1957,243.737,1,14
10,1961,259.696,1,15
10,1966,275.228,1,16
10,1970,292.232,1,17
10,1973,310.781,1,18
10,1977,327.844,1,19
10,1980,344.757,1,20
10,1983,361.475,1,21
10,1987,378.21,1,22
10,1990,394.886,1,23
10,1993,411.792,1,24
10,1998,428.318,1,25
10,2002,445.043,1,26
10,2005,461.621,1,27
10,2008,478.25,1,28
10,2011,495.322,1,29
10,2013,513.945,1,30
10,2016,535.282,1,31
10,2018,551.777,1,32
10,2020,568.572,1,33
10,2023,585.229,1,34
10,2026,601.771,1,35
10,2030,618.451,1,36
10,2033,635.062,1,37
10,2035,651.624,1,38
10,2037,668.405,1,39
10,2039,684.923,1,40
10,2041,701.242,1,41
10,2042,719.685,1,42
10,2043,735.871,1,43
10,2044,752.637,1,44
10,2045,769.222,1,45
10,2046,785.418,1,46
10,2047,801.953,1,47
10,2048,818.645,1,48
10,2051,835.225,1,49
10,2052,851.863,1,50
10,2053,868.312,1,51
10,2054,885.044,1,52
10,2055,901.581,1,53
10,2056,920.156,1,54
10,2058,937.58,1,55
10,2059,954.537,1,56
10,2062,969.955,1,57
10,2063,985.516,1,58
10,2064,1129.05,1,67
10,2065,1178.07,1,70
10,2067,1196.01,1,71
10,2068,1217.52,1,72
10,2069,1234.34,1,73
10,2070,1250.93,1,74
10,2071,1297.08,1,77
10,2073,1332.33,1,79
10,2074,1348.34,1,80
10,2075,1366.07,1,81
10,2076,1385.04,1,82
10,2077,1406.9,1,83
10,2078,1423.76,1,84
10,2079,1440.33,1,85
10,2081,1471.68,1,87
10,2083,1491.82,1,88
10,2084,1507.72,1,89
10,2085,1526.39,1,90
10,2086,1575.99,1,93
10,2087,1592.88,1,94
10,2089,1639.55,1,97
10,2090,1688.63,1,100
10,2092,1720.13,1,102
10,2093,1736.91,1,103
10,2095,1752.76,1,104
10,2098,1769.4,1,105
10,2100,1786.17,1,106
10,2101,1802.71,1,107
10,2102,1819.49,1,108
10,2103,1895.36,1,113
10,2104,1911.92,1,114
10,2105,1930.78,1,115
10,2106,1985.54,1,118
10,2108,2017.1,1,120
10,2109,2034.28,1,121
10,2110,2051.11,1,122
10,2112,2145.48,1,128
10,2113,2177.07,1,130
10,2115,2303.37,1,138
10,2116,2442.93,1,147
10,2117,2460.12,1,148
10,2118,2477.25,1,149
10,2120,2493.32,1,150
10,2121,2578.12,1,155
10,2122,2673.48,1,161
10,2123,2689.02,1,162
10,2125,2719.27,1,164
10,2126,4526.99,1,282
10,2127,4798.62,1,299
10,2128,4889.41,1,305
10,2129,5035.01,1,314
10,2131,5051.72,1,315
10,2132,5068.03,1,316
10,2133,5163.22,1,322
10,2134,5801.43,1,364
10,2135,5821.5,1,365
10,2136,5838.56,1,366
10,2137,5856.63,1,367
10,2138,5875.72,1,368
10,2139,5892.96,1,369
10,2140,15828.6,1,1016
10,2141,108063,1,7034
11,1908,16.6414,1,1
11,1916,34.4347,1,2
11,1924,51.2033,1,3
11,1930,67.9537,1,4
11,1936,86.9399,1,5
11,1942,108.677,1,6
11,1948,126.936,1,7
11,1953,145.565,1,8
11,1958,162.516,1,9
11,1963,179.095,1,10
11,1968,195.874,1,11
11,1973,212.057,1,12
11,1977,228.801,1,13
11,1981,245.38,1,14
11,1985,262.158,1,15
11,1989,278.113,1,16
11,1994,294.507,1,17
11,1999,311.193,1,18
11,2002,328.84,1,19
11,2005,346.855,1,20
11,2008,362.453,1,21
11,2011,379.204,1,22
11,2014,395.969,1,23
11,2017,412.636,1,24
11,2020,429.234,1,25
11,2024,446.025,1,26
11,2028,462.726,1,27
11,2031,479.358,1,28
11,2034,495.922,1,29
11,2037,512.215,1,30
11,2040,528.653,1,31
11,2043,546.916,1,32
11,2046,567.674,1,33
11,2049,584.482,1,34
11,2051,600.955,1,35
11,2054,617.487,1,36
11,2058,634.093,1,37
11,2062,649.88,1,38
11,2064,665.421,1,39
11,2066,680.74,1,40
11,2068,696.125,1,41
11,2070,712.601,1,42
11,2072,729.19,1,43
11,2074,749.734,1,44
11,2075,769.194,1,45
11,2076,786.085,1,46
11,2077,802.676,1,47
11,2078,819.701,1,48
11,2079,836.292,1,49
11,2080,853.055,1,50
11,2081,869.698,1,51
11,2084,886.368,1,52
11,2085,904.323,1,53
11,2086,919.674,1,54
11,2087,934.967,1,55
11,2088,952.808,1,56
11,2089,969.877,1,57
11,2090,986.686,1,58
11,2091,1003.39,1,59
11,2092,1020.85,1,60
11,2093,1036.53,1,61
11,2094,1053.17,1,62
11,2095,1070.48,1,63
11,2096,1087.02,1,64
11,2098,1103.67,1,65
11,2100,1120.22,1,66
11,2101,1136.9,1,67
11,2102,1155.14,1,68
11,2103,1204.14,1,71
11,2104,1220.86,1,72
11,2106,1252.25,1,74
11,2107,1283.92,1,76
11,2108,1300.5,1,77
11,2109,1348.64,1,80
11,2111,1382.46,1,82
11,2112,1434.28,1,85
11,2113,1452.37,1,86
11,2114,1469.19,1,87
11,2115,1545.29,1,92
11,2117,1609.73,1,96
11,2118,1627.42,1,97
11,2120,2227.13,1,135
11,2121,2244.75,1,136
11,2122,2261.49,1,137
11,2125,2277.88,1,138
11,2126,2405.81,1,146
11,2127,2437.4,1,148
11,2128,2542.6,1,155
11,2129,2641.41,1,161
11,2130,2873.21,1,176
11,2131,4549.2,1,286
11,2132,4567.05,1,287
11,2133,8650.22,1,554
11,2134,8668.29,1,555
11,2135,9855.58,1,633
11,2136,9871.82,1,634
11,2137,10621.5,1,683
11,2138,32461.7,1,2109
11,2139,97255.5,1,6331
11,2140,97286.7,1,6333
12,1861,18.1814,1,1
12,1869,34.9199,1,2
12,1877,51.703,1,3
12,1884,68.2383,1,4
12,1891,85.1655,1,5
12,1898,101.666,1,6
12,1905,118.315,1,7
12,1911,134.839,1,8
12,1917,151.712,1,9
12,1923,168.113,1,10
12,1929,187.3,1,11
12,1934,203.842,1,12
12,1939,221.704,1,13
12,1944,238.681,1,14
12,1949,255.357,1,15
12,1954,272.131,1,16
12,1959,288.649,1,17
12,1964,305.34,1,18
12,1968,328.092,1,19
12,1972,344.76,1,20
12,1976,361.676,1,21
12,1980,379.677,1,22
12,1985,398.451,1,23
12,1990,415.244,1,24
12,1994,431.932,1,25
12,1998,448.494,1,26
12,2002,464.939,1,27
12,2006,481.563,1,28
12,2010,498.059,1,29
12,2013,514.7,1,30
12,2016,531.223,1,31
12,2019,547.936,1,32
12,2022,564.536,1,33
12,2027,582.672,1,34
12,2030,600.871,1,35
12,2034,617.917,1,36
12,2037,634.442,1,37
12,2040,651.449,1,38
12,2043,667.955,1,39
12,2046,683.698,1,40
12,2049,698.976,1,41
12,2053,714.389,1,42
12,2056,729.66,1,43
12,2059,746.615,1,44
12,2062,763.774,1,45
12,2065,782.013,1,46
12,2068,799.494,1,47
12,2071,817.045,1,48
12,2073,833.889,1,49
12,2075,850.415,1,50
12,2077,867.157,1,51
12,2079,883.797,1,52
12,2081,900.476,1,53
12,2085,917.05,1,54
12,2089,933.844,1,55
12,2091,950.144,1,56
12,2093,966.634,1,57
12,2095,985.103,1,58
12,2097,1004.34,1,59
12,2099,1022.62,1,60
12,2101,1039.34,1,61
12,2102,1055.99,1,62
12,2103,1072.51,1,63
12,2106,1089.26,1,64
12,2108,1105.67,1,65
12,2109,1121.78,1,66
12,2110,1138.63,1,67
12,2111,1155.18,1,68
12,2112,1171.82,1,69
12,2113,1251.95,1,74
12,2114,1312.12,1,75
12,2115,1357.75,1,77
12,2117,1406.89,1,80
12,2118,1482.76,1,85
12,2119,1597.33,1,92
12,2120,1858.55,1,109
12,2122,2104.96,1,125
12,2123,2120.33,1,126
12,2124,2183.23,1,130
12,2125,2620.45,1,157
12,2126,3140.65,1,191
12,2128,3157.2,1,192
12,2129,4742.62,1,296
12,2130,4760.07,1,297
12,2131,4791.73,1,299
12,2132,5096.58,1,318
12,2133,5172.58,1,323
12,2134,5189.18,1,324
12,2135,5221.86,1,326
12,2136,5238.59,1,327
12,2137,5322.3,1,332
12,2138,5406.06,1,337
12,2139,27750.4,1,1797
13,1881,17.8107,1,1
13,1891,36.1954,1,2
13,1898,53.1044,1,3
13,1905,70.4841,1,4
13,1912,87.4819,1,5
13,1919,103.857,1,6
13,1925,120.009,1,7
13,1931,136.794,1,8
13,1937,153.32,1,9
13,1942,170.034,1,10
13,1947,186.564,1,11
13,1952,203.29,1,12
13,1957,221.349,1,13
13,1963,240.522,1,14
13,1968,257.061,1,15
13,1973,273.948,1,16
13,1977,290.466,1,17
13,1981,306.743,1,18
13,1985,322.948,1,19
13,1990,339.642,1,20
13,1994,356.277,1,21
13,1998,372.838,1,22
13,2003,389.801,1,23
13,2007,406.369,1,24
13,2011,424.903,1,25
13,2015,443.065,1,26
13,2019,460.014,1,27
13,2022,477.962,1,28
13,2025,495.36,1,29
13,2028,512.34,1,30
13,2032,528.853,1,31
13,2035,545.564,1,32
13,2038,562.13,1,33
13,2041,578.741,1,34
13,2043,595.583,1,35
13,2046,612.291,1,36
13,2048,631.745,1,37
13,2050,650.171,1,38
13,2052,666.402,1,39
13,2054,682.604,1,40
13,2056,699.385,1,41
13,2058,715.944,1,42
13,2060,732.579,1,43
13,2062,749.308,1,44
13,2065,765.993,1,45
13,2067,782.533,1,46
13,2069,799.879,1,47
13,2071,817.456,1,48
13,2073,835.685,1,49
13,2076,855.11,1,50
13,2078,872.177,1,51
13,2079,887.63,1,52
13,2080,903.026,1,53
13,2081,919.703,1,54
13,2082,936.351,1,55
13,2083,953.09,1,56
13,2086,969.646,1,57
13,2088,986.698,1,58
13,2089,1003.42,1,59
13,2090,1058.86,1,62
13,2091,1076.86,1,63
13,2092,1142.61,1,67
13,2093,1159.49,1,68
13,2094,1176.17,1,69
13,2095,1192.76,1,70
13,2096,1209.41,1,71
13,2097,1242.91,1,73
13,2099,1261.35,1,74
13,2101,1294.05,1,76
13,2102,1310.73,1,77
13,2104,1327.45,1,78
13,2105,1359.1,1,80
13,2106,1390.58,1,82
13,2107,1407.09,1,83
13,2109,1424.66,1,84
13,2110,1442.91,1,85
13,2111,1536.6,1,91
13,2112,1587.28,1,94
13,2113,1901.21,1,114
13,2114,1918.78,1,115
13,2115,1934.39,1,116
13,2116,1951.27,1,117
13,2117,1986.4,1,119
13,2118,2003.02,1,120
13,2119,2019.82,1,121
13,2120,2720.89,1,167
13,2121,2785.18,1,171
13,2122,2812.08,1,172
13,2124,2828.84,1,173
13,2125,3193.19,1,197
13,2126,3225.72,1,199
13,2127,3299.43,1,203
13,2128,3806.33,1,236
13,2129,3825.95,1,237
13,2130,3855.67,1,238
13,2131,3873.7,1,239
13,2132,3921.28,1,242
13,2133,4043.69,1,250
13,2134,4157.27,1,257
13,2135,4188.74,1,259
13,2136,4220.27,1,261
13,2137,7829.49,1,495
13,2138,50721.8,1,3286
13,2139,50753.1,1,3288
13,2140,50799.2,1,3291
13,2141,50815.9,1,3292
14,1895,19.16,1,1
14,1903,35.8065,1,2
14,1910,54.5532,1,3
14,1916,73.1708,1,4
14,1922,90.4999,1,5
14,1928,107.207,1,6
14,1934,122.752,1,7
14,1939,138.049,1,8
14,1944,153.602,1,9
14,1949,170.357,1,10
14,1954,187.026,1,11
14,1959,203.791,1,12
14,1963,220.348,1,13
14,1967,237.052,1,14
14,1971,255.288,1,15
14,1975,274.191,1,16
14,1979,290.268,1,17
14,1983,305.767,1,18
14,1987,321.064,1,19
14,1991,336.575,1,20
14,1995,352.035,1,21
14,2000,367.656,1,22
14,2004,384.19,1,23
14,2008,401.299,1,24
14,2012,418.348,1,25
14,2016,434.559,1,26
14,2019,450.52,1,27
14,2022,471.304,1,28
14,2025,490.944,1,29
14,2028,507.884,1,30
14,2031,524.757,1,31
14,2035,541.343,1,32
14,2038,557.54,1,33
14,2041,572.963,1,34
14,2044,590.006,1,35
14,2046,607.2,1,36
14,2048,622.537,1,37
14,2050,639.503,1,38
14,2052,655.321,1,39
14,2054,672.897,1,40
14,2056,690.725,1,41
14,2058,707.688,1,42
14,2061,724.228,1,43
14,2063,740.887,1,44
14,2065,757.617,1,45
14,2067,774.31,1,46
14,2069,790.995,1,47
14,2071,807.652,1,48
14,2072,824.136,1,49
14,2073,840.535,1,50
14,2076,856.428,1,51
14,2077,876.118,1,52
14,2078,892.856,1,53
14,2079,909.565,1,54
14,2080,926.179,1,55
14,2081,943.013,1,56
14,2083,959.918,1,57
14,2084,977.238,1,58
14,2085,994.492,1,59
14,2086,1011.13,1,60
14,2087,1027.78,1,61
14,2088,1092.7,1,65
14,2090,1109.55,1,66
14,2092,1142.47,1,68
14,2093,1160.9,1,69
14,2095,1186.54,1,70
14,2096,1203.58,1,71
14,2098,1235.11,1,73
14,2099,1251.62,1,74
14,2100,1269.97,1,75
14,2101,1289.13,1,76
14,2102,1306.18,1,77
14,2103,1322.57,1,78
14,2104,1339.37,1,79
14,2105,1355.98,1,80
14,2106,1371.86,1,81
14,2107,1403.25,1,83
14,2109,1419.78,1,84
14,2110,1436.3,1,85
14,2112,1468.35,1,87
14,2113,1531.26,1,91
14,2114,1547.88,1,92
14,2115,1580.98,1,94
14,2116,1596.54,1,95
14,2117,1613.28,1,96
14,2118,2652.69,1,163
14,2119,2761.34,1,170
14,2120,2794.07,1,172
14,2121,2828.84,1,174
14,2122,2860.29,1,176
14,2123,2876.89,1,177
14,2124,2912.01,1,179
14,2125,2928.96,1,180
14,2126,3416.33,1,212
14,2127,3433.9,1,213
14,2128,3534.43,1,219
14,2130,3551.1,1,220
14,2131,3567.75,1,221
14,2132,3584.32,1,222
14,2134,3600.86,1,223
14,2135,6184.63,1,391
14,2136,6304.8,1,399
14,2137,6475.67,1,409
14,2138,62518,1,3978
14,2139,62551.4,1,3980
14,2140,64347.5,1,4098
15,1887,18.6875,1,1
15,1895,35.4595,1,2
15,1902,51.7615,1,3
15,1909,68.0756,1,4
15,1915,84.4782,1,5
15,1921,103.201,1,6
15,1926,121.052,1,7
15,1931,138.389,1,8
15,1935,155.157,1,9
15,1939,171.847,1,10
15,1943,188.061,1,11
15,1947,204.75,1,12
15,1951,221.243,1,13
15,1955,237.946,1,14
15,1959,254.456,1,15
15,1963,270.759,1,16
15,1967,287.543,1,17
15,1971,305.015,1,18
15,1974,324.48,1,19
15,1977,341.3,1,20
15,1981,361.872,1,21
15,1984,378.778,1,22
15,1987,395.418,1,23
15,1990,411.991,1,24
15,1993,428.562,1,25
15,1996,445.233,1,26
15,2000,461.767,1,27
15,2003,478.447,1,28
15,2006,495.061,1,29
15,2008,513.239,1,30
15,2010,531.556,1,31
15,2013,548.623,1,32
15,2015,565.193,1,33
15,2017,581.924,1,34
15,2019,598.55,1,35
15,2022,614.58,1,36
15,2024,630.847,1,37
15,2026,647.388,1,38
15,2028,663.992,1,39
15,2030,680.515,1,40
15,2032,697.242,1,41
15,2034,715.84,1,42
15,2036,733.933,1,43
15,2038,751.247,1,44
15,2040,769.602,1,45
15,2042,786.562,1,46
15,2044,802.693,1,47
15,2046,819.409,1,48
15,2047,835.969,1,49
15,2050,852.78,1,50
15,2051,869.269,1,51
15,2052,885.931,1,52
15,2053,902.46,1,53
15,2055,921.523,1,54
15,2058,940.221,1,55
15,2060,957.351,1,56
15,2061,976.207,1,57
15,2063,993.209,1,58
15,2064,1011.96,1,59
15,2065,1028.04,1,60
15,2066,1044.94,1,61
15,2067,1061.54,1,62
15,2068,1078.17,1,63
15,2070,1094.67,1,64
15,2073,1111.36,1,65
15,2074,1129.73,1,66
15,2075,1147.51,1,67
15,2076,1164.39,1,68
15,2077,1180.93,1,69
15,2078,1197.6,1,70
15,2079,1214.1,1,71
15,2081,1260.39,1,74
15,2082,1291.98,1,76
15,2083,1309.3,1,77
15,2085,1328.76,1,78
15,2086,1349.22,1,79
15,2087,1369.93,1,80
15,2089,1416.57,1,83
15,2090,1433.53,1,84
15,2091,1450.13,1,85
15,2092,1482.68,1,87
15,2093,1516.1,1,89
15,2094,1557.88,1,91
15,2095,1589.67,1,93
15,2096,1695.01,1,100
15,2097,1711.64,1,101
15,2098,1749.5,1,103
15,2099,1769.22,1,104
15,2100,1788.6,1,105
15,2101,1851.36,1,109
15,2102,1896.3,1,112
15,2103,1913.43,1,113
15,2105,1947.29,1,114
15,2107,1963.33,1,115
15,2109,1980.23,1,116
15,2111,2011.7,1,118
15,2112,2058.08,1,121
15,2113,2074.76,1,122
15,2114,2120.91,1,125
15,2115,2139.1,1,126
15,2116,2158.49,1,127
15,2117,2175.44,1,128
15,2118,2192.27,1,129
15,2119,2208.61,1,130
15,2120,2225.49,1,131
15,2121,2629.4,1,157
15,2122,2647.12,1,158
15,2123,2662.63,1,159
15,2124,2678.19,1,160
15,2125,2697.73,1,161
15,2126,2809.84,1,168
15,2127,3079.44,1,184
15,2128,3094.81,1,185
15,2129,3110.26,1,186
15,2130,4042.07,1,247
15,2131,4088.6,1,250
15,2132,4104.07,1,251
15,2133,4119.88,1,252
15,2134,4136.5,1,253
15,2135,4151.99,1,254
15,2136,6468.7,1,405
15,2137,21377.9,1,1379
15,2138,21394.4,1,1380
15,2139,26711.5,1,1727
15,2140,26728,1,1728
15,2141,32296.7,1,2090
16,1891,17.4076,1,1
16,1901,34.0668,1,2
16,1909,51.5546,1,3
16,1917,68.47,1,4
16,1923,85.8958,1,5
16,1929,102.445,1,6
16,1935,119.124,1,7
16,1941,135.62,1,8
16,1947,152.313,1,9
16,1953,170.844,1,10
16,1959,188.279,1,11
16,1964,205.399,1,12
16,1969,221.956,1,13
16,1974,239.255,1,14
16,1979,256.295,1,15
16,1983,273.639,1,16
16,1987,290.154,1,17
16,1991,306.965,1,18
16,1995,323.507,1,19
16,1999,340.236,1,20
16,2003,356.225,1,21
16,2007,374.187,1,22
16,2010,391.195,1,23
16,2013,408.018,1,24
16,2016,424.785,1,25
16,2019,441.335,1,26
16,2022,458.049,1,27
16,2025,474.628,1,28
16,2028,491.295,1,29
16,2030,508.062,1,30
16,2033,524.739,1,31
16,2035,541.257,1,32
16,2037,557.953,1,33
16,2039,576.7,1,34
16,2041,593.999,1,35
16,2043,610.942,1,36
16,2045,627.499,1,37
16,2047,644.238,1,38
16,2049,660.791,1,39
16,2051,677.48,1,40
16,2053,694.015,1,41
16,2055,710.683,1,42
16,2057,727.284,1,43
16,2059,743.98,1,44
16,2061,760.478,1,45
16,2062,780.007,1,46
16,2063,800.186,1,47
16,2064,819.18,1,48
16,2065,836.134,1,49
16,2066,853.079,1,50
16,2069,870.3,1,51
16,2070,886.89,1,52
16,2071,903.14,1,53
16,2072,919.582,1,54
16,2073,936.189,1,55
16,2075,952.934,1,56
16,2076,970.74,1,57
16,2077,989.629,1,58
16,2078,1006.99,1,59
16,2079,1028.77,1,60
16,2081,1044.38,1,61
16,2082,1060.67,1,62
16,2084,1076.12,1,63
16,2085,1092.68,1,64
16,2086,1109.32,1,65
16,2087,1124.86,1,66
16,2090,1142.18,1,67
16,2091,1159.26,1,68
16,2092,1177.49,1,69
16,2093,1196.57,1,70
16,2094,1213.69,1,71
16,2096,1290.75,1,76
16,2098,1307.27,1,77
16,2100,1323.69,1,78
16,2102,1360.2,1,80
16,2103,1378.43,1,81
16,2104,1397.61,1,82
16,2105,1429.53,1,84
16,2107,1446.13,1,85
16,2108,1507.48,1,89
16,2110,1538.85,1,91
16,2111,1556.64,1,92
16,2113,1594.81,1,94
16,2114,1610.96,1,95
16,2116,1627.83,1,96
16,2118,1644.42,1,97
16,2119,1690.63,1,100
16,2120,1752.73,1,104
16,2122,1807.04,1,107
16,2124,1854.12,1,110
16,2125,1870.99,1,111
16,2126,1917.11,1,114
16,2127,1963.24,1,117
16,2128,2050.26,1,122
16,2129,2081.45,1,124
16,2130,2188.17,1,131
16,2131,2210.82,1,132
16,2132,2246.78,1,134
16,2133,2265.25,1,135
16,2135,3474.29,1,214
16,2136,3641.22,1,224
16,2137,14220.4,1,914
16,2138,14238.3,1,915
16,2139,40341.5,1,2619
16,2140,69364.9,1,4513
17,1904,18.0314,1,1
17,1912,36.8436,1,2
17,1919,53.7195,1,3
17,1926,70.4055,1,4
17,1932,90.1213,1,5
17,1938,108.406,1,6
17,1944,125.233,1,7
17,1949,141.939,1,8
17,1954,158.679,1,9
17,1959,175.229,1,10
17,1964,192.048,1,11
17,1969,208.63,1,12
17,1974,227.215,1,13
17,1979,245.962,1,14
17,1983,262.535,1,15
17,1987,277.871,1,16
17,1993,295.004,1,17
17,1997,310.436,1,18
17,2001,325.873,1,19
17,2004,342.588,1,20
17,2007,359.127,1,21
17,2012,375.842,1,22
17,2015,392.422,1,23
17,2019,409.262,1,24
17,2022,427.386,1,25
17,2025,446.534,1,26
17,2028,463.288,1,27
17,2031,479.983,1,28
17,2034,496.31,1,29
17,2039,512.089,1,30
17,2041,529.407,1,31
17,2043,546.391,1,32
17,2045,563.075,1,33
17,2049,582.006,1,34
17,2052,598.349,1,35
17,2054,614.957,1,36
17,2056,633.45,1,37
17,2058,651.728,1,38
17,2060,668.592,1,39
17,2062,684.368,1,40
17,2064,700.771,1,41
17,2065,717.514,1,42
17,2068,734.121,1,43
17,2069,750.806,1,44
17,2070,767.392,1,45
17,2071,784.136,1,46
17,2072,800.426,1,47
17,2073,817.058,1,48
17,2074,835.333,1,49
17,2076,854.769,1,50
17,2077,871.464,1,51
17,2078,887.631,1,52
17,2079,904.553,1,53
17,2080,921.11,1,54
17,2081,982.29,1,58
17,2082,1014.08,1,60
17,2083,1032.49,1,61
17,2084,1054.05,1,62
17,2085,1081.73,1,63
17,2087,1098.79,1,64
17,2088,1115.41,1,65
17,2089,1220.79,1,72
17,2090,1239.3,1,73
17,2091,1257.8,1,74
17,2092,1304.57,1,77
17,2093,1321.39,1,78
17,2094,1337.93,1,79
17,2095,1354.66,1,80
17,2096,1371.33,1,81
17,2097,1387.62,1,82
17,2099,1404.29,1,83
17,2101,1420.88,1,84
17,2103,1438.93,1,85
17,2104,1457.06,1,86
17,2106,1533.29,1,91
17,2107,1580,1,94
17,2108,1596.96,1,95
17,2109,1691.85,1,101
17,2110,1708.42,1,102
17,2111,1725.11,1,103
17,2113,1792.17,1,107
17,2114,1823.77,1,109
17,2116,1890.35,1,113
17,2117,1952.45,1,117
17,2118,1982.16,1,118
17,2119,2168.13,1,130
17,2120,2184.27,1,131
17,2121,2279.23,1,137
17,2123,2716.96,1,165
17,2124,2733.03,1,166
17,2125,2763.76,1,168
17,2126,2828.86,1,172
17,2127,3153.23,1,193
17,2128,3201.33,1,196
17,2129,7117.92,1,450
17,2130,7136.27,1,451
17,2131,7204.56,1,455
17,2132,21179.1,1,1366
17,2133,21197.1,1,1367
17,2134,21215.3,1,1368
17,2136,22890.5,1,1477
17,2137,24611.9,1,1588
17,2138,27350,1,1766
17,2139,27367.6,1,1767
17,2140,27384.3,1,1768
17,2141,27434.5,1,1771
18,1882,17.2624,1,1
18,1890,33.8193,1,2
18,1897,50.5022,1,3
18,1903,69.734,1,4
18,1909,94.7025,1,5
18,1915,111.791,1,6
18,1921,130.141,1,7
18,1927,146.618,1,8
18,1933,161.951,1,9
18,1939,177.455,1,10
18,1945,194.444,1,11
18,1950,211.298,1,12
18,1955,227.798,1,13
18,1960,244.461,1,14
18,1966,260.977,1,15
18,1971,280.988,1,16
18,1976,298.006,1,17
18,1980,315.865,1,18
18,1984,332.923,1,19
18,1988,349.477,1,20
18,1992,366.152,1,21
18,1996,382.717,1,22
18,2000,400.031,1,23
18,2004,417.234,1,24
18,2007,433.021,1,25
18,2010,448.313,1,26
18,2013,463.708,1,27
18,2016,482.063,1,28
18,2020,500.339,1,29
18,2024,517.327,1,30
18,2027,532.685,1,31
18,2030,548.2,1,32
18,2033,565.108,1,33
18,2036,581.907,1,34
18,2039,598.526,1,35
18,2041,615.484,1,36
18,2043,632.072,1,37
18,2045,648.734,1,38
18,2049,665.227,1,39
18,2051,683.794,1,40
18,2053,701.889,1,41
18,2055,718.95,1,42
18,2058,735.972,1,43
18,2060,752.636,1,44
18,2062,770.796,1,45
18,2064,788.395,1,46
18,2065,806.081,1,47
18,2067,822.465,1,48
18,2068,839.271,1,49
18,2071,854.605,1,50
18,2072,870.554,1,51
18,2074,888.929,1,52
18,2075,906.382,1,53
18,2076,922.354,1,54
18,2077,938.117,1,55
18,2078,954.908,1,56
18,2079,971.143,1,57
18,2081,987.266,1,58
18,2082,1003.71,1,59
18,2083,1022.61,1,60
18,2084,1039.16,1,61
18,2086,1056.76,1,62
18,2087,1073.97,1,63
18,2088,1093.53,1,64
18,2090,1111.31,1,65
18,2091,1128.29,1,66
18,2092,1190.19,1,70
18,2093,1221.57,1,72
18,2095,1239.53,1,73
18,2096,1258.02,1,74
18,2097,1280.35,1,75
18,2098,1298.02,1,76
18,2099,1314.18,1,77
18,2100,1330.95,1,78
18,2102,1347.47,1,79
18,2103,1378.99,1,81
18,2105,1395.73,1,82
18,2107,1412.29,1,83
18,2109,1443.83,1,85
18,2111,1475.33,1,87
18,2112,1493.66,1,88
18,2113,1532.3,1,90
18,2114,1594.09,1,94
18,2115,1610.7,1,95
18,2116,1627.21,1,96
18,2117,1644.75,1,97
18,2118,1730.53,1,102
18,2119,1761.92,1,104
18,2120,1837.62,1,109
18,2121,1854.18,1,110
18,2122,1886.34,1,112
18,2123,2549.78,1,155
18,2124,2587.21,1,157
18,2125,2728.29,1,166
18,2126,2744.84,1,167
18,2127,2761.41,1,168
18,2128,5056.32,1,318
18,2129,5107.44,1,321
18,2131,5310.9,1,334
18,2133,6689.07,1,424
18,2134,8123.78,1,518
18,2135,8140.08,1,519
18,2136,9072.82,1,580
18,2137,9091.67,1,581
18,2138,115028,1,7488
18,2139,115047,1,7489
18,2140,115062,1,7490
19,1909,19.0052,1,1
19,1916,36.5696,1,2
19,1923,53.271,1,3
19,1930,70.1793,1,4
19,1936,90.8394,1,5
19,1942,108.427,1,6
19,1948,125.158,1,7
19,1955,143.473,1,8
19,1960,162.079,1,9
19,1965,178.884,1,10
19,1970,195.949,1,11
19,1975,212.518,1,12
19,1979,229.151,1,13
19,1983,245.62,1,14
19,1987,261.089,1,15
19,1991,276.457,1,16
19,1995,291.917,1,17
19,1999,307.204,1,18
19,2002,324.213,1,19
19,2005,340.692,1,20
19,2008,358.768,1,21
19,2012,375.894,1,22
19,2015,392.95,1,23
19,2018,409.632,1,24
19,2023,426.232,1,25
19,2026,443.021,1,26
19,2029,459.604,1,27
19,2033,476.317,1,28
19,2036,492.862,1,29
19,2039,509.524,1,30
19,2042,526.405,1,31
19,2045,542.861,1,32
19,2048,561.046,1,33
19,2051,583.773,1,34
19,2055,599.933,1,35
19,2057,616.484,1,36
19,2059,633.149,1,37
19,2061,650.119,1,38
19,2063,667.469,1,39
19,2065,683.897,1,40
19,2067,699.784,1,41
19,2069,716.384,1,42
19,2071,733.063,1,43
19,2072,751.216,1,44
19,2073,770.167,1,45
19,2076,787.194,1,46
19,2078,802.568,1,47
19,2079,819.047,1,48
19,2080,836.174,1,49
19,2081,853.475,1,50
19,2082,870.532,1,51
19,2083,887.96,1,52
19,2084,903.617,1,53
19,2086,920.183,1,54
19,2088,936.828,1,55
19,2089,954.722,1,56
19,2090,973.247,1,57
19,2092,1051.21,1,62
19,2093,1067.85,1,63
19,2094,1117.86,1,66
19,2095,1138.93,1,67
19,2096,1157.08,1,68
19,2098,1222.72,1,72
19,2099,1301.67,1,77
19,2100,1389.37,1,82
19,2102,1422.04,1,84
19,2103,1517.86,1,90
19,2104,1582.03,1,94
19,2105,1599.13,1,95
19,2106,1864.53,1,112
19,2107,2802.16,1,172
19,2108,2819.87,1,173
19,2109,2945.02,1,181
19,2110,3040.01,1,187
19,2111,3056.56,1,188
19,2112,3152.52,1,194
19,2113,3265.94,1,201
19,2114,3281.7,1,202
19,2115,3297.4,1,203
19,2117,3315.15,1,204
19,2118,3332.26,1,205
19,2119,3472.2,1,213
19,2120,5182.26,1,325
19,2121,5198.75,1,326
19,2122,5215.04,1,327
19,2123,5269.12,1,330
19,2124,5285.75,1,331
19,2125,5332.23,1,334
19,2126,7187.79,1,455
19,2127,7204.51,1,456
19,2128,7221.04,1,457
19,2129,7237.73,1,458
19,2130,7545.01,1,478
19,2131,7562.42,1,479
19,2132,9115.87,1,580
19,2133,9133.23,1,581
19,2134,9150.4,1,582
19,2135,9166.21,1,583
19,2136,9338.52,1,594
19,2137,9384.59,1,597
19,2138,12103.3,1,774
19,2139,12120,1,775
19,2141,12140.8,1,776
20,1879,19.3506,1,1
20,1888,41.3608,1,2
20,1896,58.2197,1,3
20,1901,75.0463,1,4
20,1907,91.9735,1,5
20,1912,108.724,1,6
20,1917,125.353,1,7
20,1922,141.875,1,8
20,1927,158.522,1,9
20,1932,175.09,1,10
20,1937,193.759,1,11
20,1941,211.529,1,12
20,1946,228.364,1,13
20,1950,245.196,1,14
20,1954,261.774,1,15
20,1958,278.446,1,16
20,1962,294.979,1,17
20,1966,311.822,1,18
20,1969,328.304,1,19
20,1973,345.085,1,20
20,1976,361.656,1,21
20,1981,378.322,1,22
20,1984,397.231,1,23
20,1987,414.23,1,24
20,1990,431.244,1,25
20,1993,447.986,1,26
20,1996,464.708,1,27
20,1999,481.365,1,28
20,2001,498.187,1,29
20,2003,514.911,1,30
20,2006,531.54,1,31
20,2008,548.912,1,32
20,2010,566.845,1,33
20,2012,583.396,1,34
20,2015,601.114,1,35
20,2019,617.826,1,36
20,2021,634.567,1,37
20,2024,651.111,1,38
20,2027,667.704,1,39
20,2030,684.351,1,40
20,2032,700.972,1,41
20,2034,717.931,1,42
20,2036,734.558,1,43
20,2038,752.097,1,44
20,2040,768.786,1,45
20,2042,785.512,1,46
20,2044,803.369,1,47
20,2046,820.919,1,48
20,2048,837.953,1,49
20,2050,854.578,1,50
20,2051,871.298,1,51
20,2053,887.872,1,52
20,2054,904.534,1,53
20,2057,921.284,1,54
20,2058,937.922,1,55
20,2059,954.428,1,56
20,2060,971.067,1,57
20,2061,987.638,1,58
20,2062,1006.29,1,59
20,2063,1023.51,1,60
20,2065,1042.15,1,61
20,2066,1058.66,1,62
20,2067,1075.32,1,63
20,2068,1092,1,64
20,2070,1108.62,1,65
20,2071,1125.54,1,66
20,2072,1142.12,1,67
20,2073,1158.74,1,68
20,2074,1175.27,1,69
20,2075,1191.74,1,70
20,2076,1212.4,1,71
20,2077,1230.88,1,72
20,2079,1247.75,1,73
20,2081,1264.31,1,74
20,2083,1280.97,1,75
20,2085,1297.49,1,76
20,2087,1314.14,1,77
20,2089,1330.95,1,78
20,2090,1347.62,1,79
20,2091,1363.7,1,80
20,2092,1379.9,1,81
20,2093,1396.66,1,82
20,2094,1414.53,1,83
20,2095,1431.64,1,84
20,2096,1448.46,1,85
20,2097,1465.16,1,86
20,2099,1573.9,1,93
20,2100,1672.84,1,99
20,2101,1778.67,1,106
20,2102,2166.4,1,131
20,2103,2183.84,1,132
20,2104,2200.45,1,133
20,2105,2218.8,1,134
20,2106,2467.56,1,150
20,2107,2484.27,1,151
20,2108,2500.95,1,152
20,2109,2517.47,1,153
20,2110,2735.1,1,167
20,2111,2782.67,1,170
20,2112,2818.19,1,172
20,2113,2837.5,1,173
20,2114,2854.03,1,174
20,2115,2870.67,1,175
20,2116,2887.41,1,176
20,2117,2904.04,1,177
20,2118,2920.76,1,178
20,2119,2952.24,1,180
20,2120,2968.74,1,181
20,2121,3031.49,1,185
20,2123,3114.06,1,190
20,2124,3130.3,1,191
20,2125,3191.23,1,195
20,2126,3222.45,1,197
20,2127,4695.91,1,293
20,2128,4712.81,1,294
20,2129,4838.94,1,302
20,2130,4857.19,1,303
20,2131,4905.3,1,306
20,2133,4922.15,1,307
20,2134,4938.65,1,308
20,2135,4970.97,1,310
20,2136,5006.57,1,312
20,2137,6467.13,1,408
20,2138,6486.73,1,409
20,2139,6505.2,1,410
20,2140,6523.13,1,411
